13 0.138060 0.782289 0.150521 0.782289 0.150521 0.802854 0.138060 0.802854 0.138060 0.782289
13 0.400501 0.781925 0.412962 0.781925 0.412962 0.802491 0.400501 0.802491 0.400501 0.781925
13 0.270202 0.284955 0.282663 0.284955 0.282663 0.305521 0.270202 0.305521 0.270202 0.284955
13 0.547403 0.202289 0.559864 0.202289 0.559864 0.222854 0.547403 0.222854 0.547403 0.202289
13 0.678891 0.698289 0.691352 0.698289 0.691352 0.718854 0.678891 0.718854 0.678891 0.698289
13 0.810378 0.202289 0.822840 0.202289 0.822840 0.222854 0.810378 0.222854 0.810378 0.202289
9 0.144293 0.797713 0.144288 0.787430 0.406729 0.787066 0.406734 0.797349 
9 0.273579 0.293173 0.279285 0.297303 0.147144 0.794636 0.141438 0.790507 
9 0.273573 0.297280 0.279291 0.293196 0.409591 0.790166 0.403873 0.794250 
9 0.550779 0.214632 0.556487 0.210511 0.687975 0.706511 0.682267 0.710632 
9 0.813755 0.210511 0.819463 0.214632 0.687975 0.710632 0.682267 0.706511 
9 0.553633 0.217713 0.553633 0.207430 0.816609 0.207430 0.816609 0.217713 
19 0.778961 0.417280 0.937646 0.417280 0.937646 0.526290 0.778961 0.526290
19 0.120535 0.488512 0.186493 0.488512 0.186493 0.591938 0.120535 0.591938
19 0.521684 0.417036 0.583902 0.417036 0.583902 0.521183 0.521684 0.521183
22 0.829298 0.108798 0.891879 0.108798 0.891879 0.220784 0.829298 0.220784
22 0.070721 0.786990 0.129315 0.786990 0.129315 0.897957 0.070721 0.897957
22 0.244348 0.154705 0.304824 0.154705 0.304824 0.264655 0.244348 0.264655
22 0.492506 0.107890 0.548281 0.107890 0.548281 0.217813 0.492506 0.217813
19 0.371377 0.487002 0.415309 0.487002 0.415309 0.590624 0.371377 0.590624
22 0.421169 0.784764 0.483052 0.784764 0.483052 0.897750 0.421169 0.897750
19 0.185103 0.814218 0.367081 0.814218 0.367081 0.921751 0.185103 0.921751
22 0.654144 0.759866 0.717799 0.759866 0.717799 0.871711 0.654144 0.871711
19 0.596634 0.078092 0.771515 0.078092 0.771515 0.186277 0.596634 0.186277
