13 0.680217 0.209082 0.692375 0.209082 0.692375 0.241210 0.680217 0.241210 0.680217 0.209082
13 0.253254 0.347971 0.265412 0.347971 0.265412 0.380099 0.253254 0.380099 0.253254 0.347971
13 0.070588 0.773409 0.082746 0.773409 0.082746 0.805538 0.070588 0.805538 0.070588 0.773409
13 0.364588 0.773409 0.376746 0.773409 0.376746 0.805538 0.364588 0.805538 0.364588 0.773409
13 0.533921 0.773409 0.546079 0.773409 0.546079 0.805538 0.533921 0.805538 0.533921 0.773409
13 0.922254 0.773409 0.934412 0.773409 0.934412 0.805538 0.922254 0.805538 0.922254 0.773409
9 0.078676 0.795499 0.074657 0.783448 0.257324 0.358009 0.261343 0.370061 
9 0.256833 0.368604 0.261833 0.359467 0.373167 0.784905 0.368167 0.794042 
9 0.683789 0.220607 0.688804 0.229686 0.542508 0.794013 0.537492 0.784934 
9 0.684285 0.231169 0.688307 0.219123 0.930344 0.783451 0.926322 0.795497 
9 0.540000 0.797506 0.540000 0.781442 0.928333 0.781442 0.928333 0.797506 
9 0.076667 0.797506 0.076667 0.781442 0.370667 0.781442 0.370667 0.797506 
0 0.106998 0.661906 0.145517 0.661906 0.145517 0.811151 0.106998 0.811151
0 0.860856 0.660449 0.897855 0.660449 0.897855 0.811056 0.860856 0.811056
22 0.667222 0.032808 0.709366 0.032808 0.709366 0.184723 0.667222 0.184723
22 0.939583 0.714992 0.979276 0.714992 0.979276 0.865438 0.939583 0.865438
22 0.483887 0.756451 0.530016 0.756451 0.530016 0.906282 0.483887 0.906282
22 0.379497 0.750484 0.423418 0.750484 0.423418 0.904895 0.379497 0.904895
22 0.018328 0.727193 0.066256 0.727193 0.066256 0.875036 0.018328 0.875036
22 0.243392 0.178533 0.286398 0.178533 0.286398 0.327062 0.243392 0.327062
19 0.322807 0.446241 0.379676 0.446241 0.379676 0.585951 0.322807 0.585951
19 0.112860 0.413967 0.170055 0.413967 0.170055 0.553385 0.112860 0.553385
19 0.198134 0.824160 0.257127 0.824160 0.257127 0.961988 0.198134 0.961988
19 0.541474 0.388325 0.600259 0.388325 0.600259 0.528016 0.541474 0.528016
19 0.700066 0.826720 0.764233 0.826720 0.764233 0.969838 0.700066 0.969838
19 0.800244 0.313542 0.863833 0.313542 0.863833 0.455500 0.800244 0.455500
4 0.641347 0.299611 0.744546 0.299611 0.744546 0.430026 0.641347 0.430026
4 0.204022 0.439024 0.304483 0.439024 0.304483 0.567245 0.204022 0.567245
23 0.276645 0.591663 0.349276 0.591663 0.349276 0.813254 0.276645 0.813254
23 0.561563 0.593282 0.632640 0.593282 0.632640 0.811994 0.561563 0.811994
