13 0.268525 0.113355 0.294332 0.113355 0.294332 0.138752 0.268525 0.138752 0.268525 0.113355
13 0.680811 0.113144 0.706618 0.113144 0.706618 0.138541 0.680811 0.138541 0.680811 0.113144
13 0.062391 0.465821 0.088197 0.465821 0.088197 0.491218 0.062391 0.491218 0.062391 0.465821
13 0.474889 0.464319 0.500695 0.464319 0.500695 0.489716 0.474889 0.489716 0.474889 0.464319
13 0.888049 0.464830 0.913856 0.464830 0.913856 0.490227 0.888049 0.490227 0.888049 0.464830
13 0.269954 0.815953 0.295760 0.815953 0.295760 0.841350 0.269954 0.841350 0.269954 0.815953
13 0.682335 0.815766 0.708141 0.815766 0.708141 0.841163 0.682335 0.841163 0.682335 0.815766
9 0.895364 0.474355 0.906541 0.480701 0.700826 0.831637 0.689650 0.825292 
9 0.282860 0.835001 0.282854 0.822302 0.695235 0.822115 0.695241 0.834814 
9 0.069722 0.481719 0.080867 0.475320 0.288430 0.825452 0.277285 0.831851 
9 0.275837 0.122886 0.287020 0.129221 0.080886 0.481687 0.069703 0.475352 
9 0.281432 0.132403 0.281425 0.119704 0.693711 0.119493 0.693718 0.132192 
9 0.688133 0.129028 0.699295 0.122658 0.906533 0.474343 0.895371 0.480713 
9 0.487784 0.483367 0.487800 0.470668 0.900960 0.471179 0.900944 0.483877 
3 0.900502 0.477090 0.878130 0.609035 0.813435 0.726682 0.713431 0.817282 0.588952 0.871016 0.453490 0.882063 0.321722 0.849224 0.207928 0.776059 0.124440 0.670497 0.080305 0.543975 0.080305 0.410206 0.124440 0.283684 0.207928 0.178121 0.321722 0.104956 0.453490 0.072118 0.588952 0.083165 0.713431 0.136899 0.813435 0.227499 0.878130 0.345145 0.900502 0.477090
19 0.578931 0.345427 0.762841 0.345427 0.762841 0.451816 0.578931 0.451816
2 0.752571 0.267724 0.842855 0.267724 0.842855 0.332016 0.752571 0.332016
2 0.752153 0.621681 0.842132 0.621681 0.842132 0.684607 0.752153 0.684607
2 0.464786 0.776756 0.511873 0.776756 0.511873 0.879597 0.464786 0.879597
2 0.134113 0.622472 0.223553 0.622472 0.223553 0.684369 0.134113 0.684369
2 0.135086 0.268055 0.223620 0.268055 0.223620 0.332382 0.135086 0.332382
2 0.463515 0.074827 0.510851 0.074827 0.510851 0.175481 0.463515 0.175481
0 0.599766 0.111637 0.744948 0.111637 0.744948 0.219418 0.599766 0.219418
0 0.806237 0.399994 0.883185 0.399994 0.883185 0.558856 0.806237 0.558856
0 0.601276 0.735116 0.742111 0.735116 0.742111 0.835703 0.601276 0.835703
0 0.230207 0.732938 0.375369 0.732938 0.375369 0.835957 0.230207 0.835957
0 0.090601 0.394657 0.172202 0.394657 0.172202 0.558843 0.090601 0.558843
0 0.231673 0.114863 0.375036 0.114863 0.375036 0.218734 0.231673 0.218734
