13 0.329627 0.178781 0.348275 0.178781 0.348275 0.207251 0.329627 0.207251 0.329627 0.178781
13 0.889112 0.177698 0.907760 0.177698 0.907760 0.206168 0.889112 0.206168 0.889112 0.177698
13 0.097087 0.775009 0.115735 0.775009 0.115735 0.803479 0.097087 0.803479 0.097087 0.775009
13 0.657343 0.774337 0.675991 0.774337 0.675991 0.802806 0.657343 0.802806 0.657343 0.774337
9 0.338957 0.200133 0.338945 0.185898 0.898430 0.184815 0.898442 0.199050 
9 0.894426 0.188302 0.902446 0.195563 0.670677 0.792202 0.662657 0.784941 
9 0.106415 0.796361 0.106407 0.782126 0.666663 0.781454 0.666670 0.795689 
9 0.334946 0.189375 0.342957 0.196657 0.110417 0.792885 0.102405 0.785602 
9 0.335382 0.197594 0.342521 0.188438 0.670236 0.783993 0.663097 0.793150 
22 0.293796 0.047938 0.361033 0.047938 0.361033 0.164567 0.293796 0.164567
22 0.890756 0.046642 0.953225 0.046642 0.953225 0.164980 0.890756 0.164980
4 0.389204 0.180496 0.460627 0.180496 0.460627 0.328214 0.389204 0.328214
4 0.542653 0.652250 0.616956 0.652250 0.616956 0.798321 0.542653 0.798321
22 0.053251 0.809910 0.117802 0.809910 0.117802 0.927303 0.053251 0.927303
22 0.645609 0.811446 0.709937 0.811446 0.709937 0.932760 0.645609 0.932760
0 0.257798 0.328173 0.436450 0.328173 0.436450 0.421780 0.257798 0.421780
0 0.569110 0.555770 0.741434 0.555770 0.741434 0.653287 0.569110 0.653287
