13 0.086294 0.730016 0.114663 0.730016 0.114663 0.769232 0.086294 0.769232 0.086294 0.730016
13 0.653371 0.731360 0.681740 0.731360 0.681740 0.770576 0.653371 0.770576 0.653371 0.731360
13 0.883386 0.732080 0.911755 0.732080 0.911755 0.771296 0.883386 0.771296 0.883386 0.732080
13 0.767711 0.224499 0.796080 0.224499 0.796080 0.263715 0.767711 0.263715 0.767711 0.224499
9 0.103832 0.758263 0.097125 0.740986 0.778542 0.235469 0.785249 0.252746 
9 0.775131 0.247053 0.788660 0.241161 0.904335 0.748742 0.890806 0.754634 
9 0.100465 0.759428 0.100492 0.739820 0.897584 0.741884 0.897557 0.761492 
9 0.775125 0.241189 0.788666 0.247026 0.674326 0.753886 0.660785 0.748049 
5 0.658450 0.455814 0.783568 0.455814 0.783568 0.593164 0.658450 0.593164
5 0.784708 0.453402 0.908052 0.453402 0.908052 0.594865 0.784708 0.594865
5 0.436675 0.667430 0.524684 0.667430 0.524684 0.835618 0.436675 0.835618
18 0.291912 0.586212 0.439019 0.586212 0.439019 0.732990 0.291912 0.732990
22 0.611340 0.776499 0.712166 0.776499 0.712166 0.919797 0.611340 0.919797
22 0.850054 0.778466 0.950895 0.778466 0.950895 0.918746 0.850054 0.918746
22 0.051101 0.778780 0.146856 0.778780 0.146856 0.917229 0.051101 0.917229
22 0.740860 0.068406 0.833203 0.068406 0.833203 0.210075 0.740860 0.210075
