13 0.136195 0.793712 0.157138 0.793712 0.157138 0.814278 0.136195 0.814278 0.136195 0.793712
13 0.489529 0.891403 0.510471 0.891403 0.510471 0.911968 0.489529 0.911968 0.489529 0.891403
13 0.490481 0.793712 0.511424 0.793712 0.511424 0.814278 0.490481 0.814278 0.490481 0.793712
13 0.844767 0.793712 0.865709 0.793712 0.865709 0.814278 0.844767 0.814278 0.844767 0.793712
13 0.490753 0.338032 0.511696 0.338032 0.511696 0.358597 0.490753 0.358597 0.490753 0.338032
13 0.589529 0.208818 0.610471 0.208818 0.610471 0.229384 0.589529 0.229384 0.589529 0.208818
13 0.709009 0.053558 0.729952 0.053558 0.729952 0.074123 0.709009 0.074123 0.709009 0.053558
13 0.391161 0.208818 0.412104 0.208818 0.412104 0.229384 0.391161 0.229384 0.391161 0.208818
13 0.270957 0.053856 0.291900 0.053856 0.291900 0.074421 0.270957 0.074421 0.270957 0.053856
9 0.146667 0.809136 0.146667 0.798854 0.855238 0.798854 0.855238 0.809136 
9 0.715312 0.060730 0.723649 0.066952 0.150835 0.807106 0.142498 0.800884 
9 0.277263 0.067254 0.285594 0.061023 0.859403 0.800880 0.851073 0.807110 
9 0.495989 0.348303 0.506460 0.348326 0.505236 0.901697 0.494764 0.901674 
22 0.414046 0.100426 0.486155 0.100426 0.486155 0.197929 0.414046 0.197929
22 0.366624 0.291550 0.448134 0.291550 0.448134 0.384427 0.366624 0.384427
22 0.636368 0.171388 0.703482 0.171388 0.703482 0.266560 0.636368 0.266560
22 0.871717 0.770720 0.951756 0.770720 0.951756 0.866225 0.871717 0.866225
22 0.520367 0.687008 0.595079 0.687008 0.595079 0.783840 0.520367 0.783840
22 0.052487 0.773723 0.117476 0.773723 0.117476 0.868954 0.052487 0.868954
2 0.283858 0.522611 0.381126 0.522611 0.381126 0.602549 0.283858 0.602549
2 0.617368 0.522023 0.716396 0.522023 0.716396 0.601633 0.617368 0.601633
0 0.724104 0.700574 0.804844 0.700574 0.804844 0.817142 0.724104 0.817142
0 0.195277 0.699823 0.276548 0.699823 0.276548 0.816242 0.195277 0.816242
