13 0.445692 0.140307 0.468747 0.140307 0.468747 0.164999 0.445692 0.164999 0.445692 0.140307
13 0.108176 0.402599 0.131231 0.402599 0.131231 0.427291 0.108176 0.427291 0.108176 0.402599
13 0.783838 0.402892 0.806893 0.402892 0.806893 0.427584 0.783838 0.427584 0.783838 0.402892
13 0.237136 0.826022 0.260190 0.826022 0.260190 0.850713 0.237136 0.850713 0.237136 0.826022
13 0.655585 0.825511 0.678640 0.825511 0.678640 0.850203 0.655585 0.850203 0.655585 0.825511
13 0.788702 0.826838 0.811757 0.826838 0.811757 0.851529 0.788702 0.851529 0.788702 0.826838
13 0.913606 0.830511 0.936661 0.830511 0.936661 0.855203 0.913606 0.855203 0.913606 0.830511
9 0.248627 0.844540 0.248699 0.832195 0.925169 0.836684 0.925098 0.849030 
9 0.789602 0.415314 0.801129 0.415162 0.805992 0.839108 0.794466 0.839260 
9 0.789884 0.413330 0.800847 0.417146 0.672594 0.839765 0.661631 0.835949 
9 0.453836 0.157650 0.460603 0.147656 0.798749 0.410241 0.791982 0.420236 
9 0.123089 0.419941 0.116319 0.409949 0.453834 0.147657 0.460604 0.157649 
9 0.114224 0.416859 0.125183 0.413031 0.254143 0.836453 0.243184 0.840282 
22 0.414730 0.029961 0.507186 0.029961 0.507186 0.134829 0.414730 0.134829
22 0.028841 0.354806 0.111244 0.354806 0.111244 0.458532 0.028841 0.458532
22 0.817039 0.361223 0.905909 0.361223 0.905909 0.465733 0.817039 0.465733
22 0.152182 0.799073 0.238105 0.799073 0.238105 0.901988 0.152182 0.901988
22 0.613357 0.850226 0.701291 0.850226 0.701291 0.954163 0.613357 0.954163
12 0.709801 0.746287 0.811302 0.746287 0.811302 0.855931 0.709801 0.855931
