13 0.246195 0.772316 0.260847 0.772316 0.260847 0.790133 0.246195 0.790133 0.246195 0.772316
13 0.491668 0.522520 0.506320 0.522520 0.506320 0.540337 0.491668 0.540337 0.491668 0.522520
13 0.810358 0.523472 0.825010 0.523472 0.825010 0.541290 0.810358 0.541290 0.810358 0.523472
13 0.174431 0.522520 0.189083 0.522520 0.189083 0.540337 0.174431 0.540337 0.174431 0.522520
13 0.663253 0.195853 0.677905 0.195853 0.677905 0.213671 0.663253 0.213671 0.663253 0.195853
9 0.181753 0.535883 0.181762 0.526974 0.817688 0.527927 0.817679 0.536835 
9 0.667492 0.202364 0.673666 0.207160 0.502081 0.533826 0.495907 0.529031 
3 0.819358 0.530241 0.802042 0.656433 0.751968 0.768949 0.674564 0.855599 0.578218 0.906990 0.473369 0.917555 0.371381 0.886148 0.283304 0.816174 0.218684 0.715214 0.184523 0.594209 0.184523 0.466273 0.218684 0.345268 0.283304 0.244308 0.371381 0.174334 0.473369 0.142927 0.578218 0.153492 0.674564 0.204883 0.751968 0.291532 0.802042 0.404049 0.819358 0.530241
22 0.682154 0.099004 0.757457 0.099004 0.757457 0.197607 0.682154 0.197607
22 0.094433 0.482778 0.168746 0.482778 0.168746 0.581807 0.094433 0.581807
22 0.463195 0.561157 0.536890 0.561157 0.536890 0.658714 0.463195 0.658714
18 0.365499 0.411820 0.511430 0.411820 0.511430 0.510368 0.365499 0.510368
22 0.164349 0.782222 0.227066 0.782222 0.227066 0.882339 0.164349 0.882339
22 0.833743 0.483886 0.897418 0.483886 0.897418 0.580266 0.833743 0.580266
