13 0.207175 0.771147 0.232652 0.771147 0.232652 0.803275 0.207175 0.803275 0.207175 0.771147
13 0.629902 0.631011 0.655380 0.631011 0.655380 0.663139 0.629902 0.663139 0.629902 0.631011
13 0.365670 0.448221 0.391148 0.448221 0.391148 0.480350 0.365670 0.480350 0.365670 0.448221
9 0.372993 0.460059 0.383825 0.468513 0.225329 0.791438 0.214497 0.782984 
9 0.375346 0.471328 0.381473 0.457244 0.645704 0.640033 0.639577 0.654117 
3 0.676335 0.464490 0.660110 0.587102 0.613193 0.696428 0.540669 0.780620 0.450396 0.830554 0.352157 0.840819 0.256598 0.810303 0.174074 0.742313 0.113528 0.644216 0.081520 0.526644 0.081520 0.402335 0.113528 0.284763 0.174074 0.186666 0.256598 0.118676 0.352157 0.088160 0.450396 0.098426 0.540669 0.148360 0.613193 0.232551 0.660110 0.341877 0.676335 0.464490
1 0.496815 0.349398 0.713376 0.349398 0.713376 0.526104 0.496815 0.526104
7 0.495789 0.482559 0.532796 0.482559 0.532796 0.528559 0.495789 0.528559
19 0.726888 0.311234 0.980791 0.311234 0.980791 0.430467 0.726888 0.430467
22 0.643968 0.677657 0.719054 0.677657 0.719054 0.796705 0.643968 0.796705
18 0.336674 0.546648 0.466179 0.546648 0.466179 0.664611 0.336674 0.664611
22 0.334990 0.296388 0.417327 0.296388 0.417327 0.416291 0.334990 0.416291
22 0.133298 0.816610 0.220784 0.816610 0.220784 0.935381 0.133298 0.935381
