13 0.066956 0.708734 0.099743 0.708734 0.099743 0.736226 0.066956 0.736226 0.066956 0.708734
13 0.470928 0.858850 0.503715 0.858850 0.503715 0.886342 0.470928 0.886342 0.470928 0.858850
13 0.874499 0.711164 0.907286 0.711164 0.907286 0.738656 0.874499 0.738656 0.874499 0.711164
13 0.472178 0.111254 0.504965 0.111254 0.504965 0.138746 0.472178 0.138746 0.472178 0.111254
9 0.080029 0.728764 0.086671 0.716197 0.490643 0.866313 0.484000 0.878880 
9 0.490600 0.878895 0.484043 0.866297 0.887614 0.718611 0.894172 0.731209 
9 0.481427 0.128369 0.495716 0.121631 0.898037 0.721541 0.883748 0.728279 
9 0.481446 0.121603 0.495697 0.128397 0.090475 0.725878 0.076225 0.719083 
5 0.619731 0.389836 0.795284 0.389836 0.795284 0.513818 0.619731 0.513818
0 0.726138 0.607881 0.838613 0.607881 0.838613 0.784500 0.726138 0.784500
2 0.233161 0.737234 0.331188 0.737234 0.331188 0.867035 0.233161 0.867035
2 0.628822 0.736531 0.726637 0.736531 0.726637 0.867540 0.628822 0.867540
5 0.181740 0.392117 0.357423 0.392117 0.357423 0.513656 0.181740 0.513656
0 0.140701 0.607516 0.253673 0.607516 0.253673 0.781403 0.140701 0.781403
