13 0.101895 0.792355 0.123343 0.792355 0.123343 0.829738 0.101895 0.829738 0.101895 0.792355
13 0.672743 0.791774 0.694191 0.791774 0.694191 0.829157 0.672743 0.829157 0.672743 0.791774
13 0.866862 0.791854 0.888310 0.791854 0.888310 0.829237 0.866862 0.829237 0.866862 0.791854
13 0.673892 0.207158 0.695339 0.207158 0.695339 0.244541 0.673892 0.244541 0.673892 0.207158
9 0.112621 0.820392 0.112617 0.801701 0.877584 0.801200 0.877588 0.819891 
9 0.679968 0.230510 0.689263 0.221190 0.882234 0.805885 0.872938 0.815205 
9 0.115333 0.819106 0.109905 0.802987 0.681901 0.217790 0.687330 0.233910 
9 0.679253 0.225818 0.689977 0.225882 0.688829 0.810497 0.678105 0.810433 
12 0.637953 0.204345 0.713734 0.204345 0.713734 0.337901 0.637953 0.337901
12 0.631034 0.715390 0.695766 0.715390 0.695766 0.830188 0.631034 0.830188
19 0.567139 0.479887 0.675504 0.479887 0.675504 0.596561 0.567139 0.596561
22 0.653762 0.829359 0.709455 0.829359 0.709455 0.932766 0.653762 0.932766
22 0.885405 0.796014 0.938554 0.796014 0.938554 0.900805 0.885405 0.900805
22 0.041945 0.799310 0.094984 0.799310 0.094984 0.903761 0.041945 0.903761
19 0.364466 0.400198 0.406121 0.400198 0.406121 0.494359 0.364466 0.494359
19 0.759841 0.828765 0.802536 0.828765 0.802536 0.930209 0.759841 0.930209
22 0.667498 0.080246 0.725125 0.080246 0.725125 0.184230 0.667498 0.184230
19 0.369498 0.822744 0.409638 0.822744 0.409638 0.902759 0.369498 0.902759
