13 0.376024 0.175808 0.404293 0.175808 0.404293 0.203205 0.376024 0.203205 0.376024 0.175808
13 0.759437 0.263385 0.787706 0.263385 0.787706 0.290782 0.759437 0.290782 0.759437 0.263385
13 0.171580 0.750190 0.199849 0.750190 0.199849 0.777588 0.171580 0.777588 0.171580 0.750190
9 0.190305 0.769096 0.181123 0.758682 0.768981 0.271876 0.778162 0.282291 
9 0.383478 0.187273 0.396840 0.191740 0.192395 0.766123 0.179033 0.761655 
3 0.892215 0.547125 0.871095 0.669787 0.810024 0.779157 0.715621 0.863383 0.598115 0.913337 0.470240 0.923607 0.345853 0.893079 0.238433 0.825061 0.159621 0.726925 0.117958 0.609304 0.117958 0.484945 0.159621 0.367325 0.238433 0.269188 0.345853 0.201171 0.470240 0.170642 0.598115 0.180912 0.715621 0.230866 0.810024 0.315092 0.871095 0.424462 0.892215 0.547125
22 0.326778 0.046743 0.432579 0.046743 0.432579 0.157823 0.326778 0.157823
22 0.785039 0.157466 0.889161 0.157466 0.889161 0.272186 0.785039 0.272186
18 0.278173 0.466622 0.445822 0.466622 0.445822 0.587200 0.278173 0.587200
22 0.064103 0.768518 0.171733 0.768518 0.171733 0.883127 0.064103 0.883127
18 0.567626 0.039865 0.738600 0.039865 0.738600 0.159262 0.567626 0.159262
