13 0.330073 0.185501 0.367110 0.185501 0.367110 0.206499 0.330073 0.206499 0.330073 0.185501
13 0.326804 0.441752 0.363841 0.441752 0.363841 0.462750 0.326804 0.462750 0.326804 0.441752
13 0.482264 0.442612 0.519301 0.442612 0.519301 0.463610 0.482264 0.463610 0.482264 0.442612
13 0.175848 0.443101 0.212885 0.443101 0.212885 0.464099 0.175848 0.464099 0.175848 0.443101
13 0.329179 0.880544 0.366216 0.880544 0.366216 0.901541 0.329179 0.901541 0.329179 0.880544
9 0.334877 0.197206 0.353395 0.197168 0.357851 0.893981 0.339332 0.894019 
9 0.491696 0.452103 0.509869 0.454119 0.357678 0.895008 0.339505 0.892992 
9 0.185277 0.454602 0.203455 0.452598 0.354412 0.892732 0.336234 0.894736 
9 0.332949 0.192884 0.350574 0.196106 0.203179 0.455211 0.185554 0.451989 
9 0.337753 0.200238 0.355267 0.196827 0.509539 0.451406 0.492026 0.454817 
9 0.198235 0.460192 0.198014 0.449694 0.497159 0.447675 0.497380 0.458173 
19 0.263889 0.060367 0.444444 0.060367 0.444444 0.123360 0.263889 0.123360
8 0.171296 0.083990 0.259259 0.083990 0.259259 0.115486 0.171296 0.115486
8 0.435185 0.083990 0.518519 0.083990 0.518519 0.115486 0.435185 0.115486
8 0.703704 0.183727 0.754630 0.183727 0.754630 0.233596 0.703704 0.233596
8 0.699074 0.860892 0.754630 0.860892 0.754630 0.908136 0.699074 0.908136
19 0.601852 0.509186 0.824074 0.509186 0.824074 0.572178 0.601852 0.572178
