13 0.483072 0.042336 0.502165 0.042336 0.502165 0.070605 0.483072 0.070605 0.483072 0.042336
13 0.483455 0.276580 0.502548 0.276580 0.502548 0.304849 0.483455 0.304849 0.483455 0.276580
13 0.482731 0.700151 0.501825 0.700151 0.501825 0.728420 0.482731 0.728420 0.482731 0.700151
13 0.081187 0.701784 0.100280 0.701784 0.100280 0.730053 0.081187 0.730053 0.081187 0.701784
13 0.884276 0.701784 0.903369 0.701784 0.903369 0.730053 0.884276 0.730053 0.884276 0.701784
13 0.483036 0.937745 0.502129 0.937745 0.502129 0.966014 0.483036 0.966014 0.483036 0.937745
9 0.487845 0.056470 0.497392 0.056471 0.497356 0.951880 0.487810 0.951879 
9 0.090734 0.722986 0.090734 0.708851 0.893822 0.708851 0.893822 0.722986 
9 0.490222 0.296459 0.495782 0.284970 0.896603 0.710174 0.891042 0.721663 
9 0.093507 0.721670 0.087960 0.710167 0.490228 0.284963 0.495775 0.296466 
22 0.524210 0.178289 0.587743 0.178289 0.587743 0.301817 0.524210 0.301817
22 0.860473 0.763027 0.926625 0.763027 0.926625 0.891119 0.860473 0.891119
22 0.381355 0.742894 0.468152 0.742894 0.468152 0.868452 0.381355 0.868452
22 0.051279 0.766279 0.126378 0.766279 0.126378 0.892140 0.051279 0.892140
2 0.273547 0.634101 0.311934 0.634101 0.311934 0.790438 0.273547 0.790438
2 0.674389 0.635006 0.712893 0.635006 0.712893 0.790444 0.674389 0.790444
12 0.480236 0.561395 0.593825 0.561395 0.593825 0.730587 0.480236 0.730587
5 0.645116 0.424385 0.737871 0.424385 0.737871 0.581675 0.645116 0.581675
5 0.246680 0.420978 0.337624 0.420978 0.337624 0.580695 0.246680 0.580695
