13 0.454703 0.210053 0.473571 0.210053 0.473571 0.233583 0.454703 0.233583 0.454703 0.210053
13 0.272500 0.366257 0.291368 0.366257 0.291368 0.389787 0.272500 0.389787 0.272500 0.366257
13 0.684144 0.479664 0.703012 0.479664 0.703012 0.503193 0.684144 0.503193 0.684144 0.479664
13 0.479627 0.494609 0.498495 0.494609 0.498495 0.518138 0.479627 0.518138 0.479627 0.494609
13 0.096488 0.523300 0.115356 0.523300 0.115356 0.546830 0.096488 0.546830 0.096488 0.523300
13 0.492234 0.634469 0.511102 0.634469 0.511102 0.657998 0.492234 0.657998 0.492234 0.634469
13 0.907488 0.750140 0.926355 0.750140 0.926355 0.773669 0.907488 0.773669 0.907488 0.750140
9 0.108630 0.539881 0.103213 0.530249 0.461429 0.217002 0.466845 0.226634 
9 0.459448 0.222463 0.468825 0.221173 0.506357 0.645589 0.496979 0.646879 
9 0.104889 0.540805 0.106954 0.529325 0.917954 0.756165 0.915889 0.767645 
9 0.460876 0.226069 0.467397 0.217567 0.920182 0.757654 0.913661 0.766156 
9 0.279876 0.383315 0.283991 0.372729 0.918979 0.756612 0.914864 0.767198 
9 0.106202 0.540937 0.105641 0.529193 0.693298 0.485557 0.693858 0.497301 
22 0.437153 0.079039 0.506229 0.079039 0.506229 0.181127 0.437153 0.181127
22 0.198489 0.256612 0.275569 0.256612 0.275569 0.358251 0.198489 0.358251
22 0.494414 0.380776 0.565871 0.380776 0.565871 0.480555 0.494414 0.480555
22 0.710219 0.415282 0.787711 0.415282 0.787711 0.518909 0.710219 0.518909
22 0.053858 0.564483 0.126253 0.564483 0.126253 0.667674 0.053858 0.667674
22 0.451328 0.674504 0.525047 0.674504 0.525047 0.774201 0.451328 0.774201
22 0.873723 0.787331 0.949896 0.787331 0.949896 0.887595 0.873723 0.887595
