13 0.120223 0.180641 0.143822 0.180641 0.143822 0.204665 0.120223 0.204665 0.120223 0.180641
13 0.333058 0.180076 0.356657 0.180076 0.356657 0.204100 0.333058 0.204100 0.333058 0.180076
13 0.693905 0.180076 0.717504 0.180076 0.717504 0.204100 0.693905 0.204100 0.693905 0.180076
13 0.074343 0.777988 0.097942 0.777988 0.097942 0.802012 0.074343 0.802012 0.074343 0.777988
13 0.285521 0.778318 0.309120 0.778318 0.309120 0.802342 0.285521 0.802342 0.285521 0.778318
13 0.472211 0.777878 0.495810 0.777878 0.495810 0.801902 0.472211 0.801902 0.472211 0.777878
13 0.832101 0.778600 0.855700 0.778600 0.855700 0.802624 0.832101 0.802624 0.832101 0.778600
9 0.132028 0.198659 0.132017 0.186647 0.705699 0.186082 0.705710 0.198094 
9 0.699961 0.193462 0.711448 0.190714 0.849644 0.789238 0.838157 0.791987 
9 0.339117 0.193473 0.350598 0.190703 0.489751 0.788505 0.478270 0.791275 
9 0.483999 0.795896 0.484022 0.783884 0.843912 0.784606 0.843889 0.796618 
9 0.338977 0.191604 0.350738 0.192572 0.303201 0.790814 0.291440 0.789845 
9 0.086133 0.796006 0.086151 0.783994 0.297330 0.784324 0.297312 0.796336 
9 0.126141 0.192185 0.137904 0.193121 0.092024 0.790468 0.080261 0.789532 
22 0.073796 0.047620 0.190832 0.047620 0.190832 0.151125 0.073796 0.151125
22 0.305512 0.048340 0.395794 0.048340 0.395794 0.152875 0.305512 0.152875
22 0.676438 0.047807 0.756134 0.047807 0.756134 0.151364 0.676438 0.151364
22 0.256451 0.828627 0.337484 0.828627 0.337484 0.931235 0.256451 0.931235
22 0.421025 0.829075 0.507919 0.829075 0.507919 0.931384 0.421025 0.931384
22 0.818253 0.827720 0.904950 0.827720 0.904950 0.933053 0.818253 0.933053
22 0.023981 0.827226 0.104245 0.827226 0.104245 0.931684 0.023981 0.931684
