13 0.290654 0.133219 0.312217 0.133219 0.312217 0.159026 0.290654 0.159026 0.290654 0.133219
13 0.627177 0.177192 0.648740 0.177192 0.648740 0.202998 0.627177 0.202998 0.627177 0.177192
13 0.288740 0.829382 0.310303 0.829382 0.310303 0.855189 0.288740 0.855189 0.288740 0.829382
13 0.625582 0.829114 0.647145 0.829114 0.647145 0.854920 0.625582 0.854920 0.625582 0.829114
9 0.299525 0.848737 0.299518 0.835834 0.636360 0.835565 0.636367 0.848468 
9 0.632568 0.190076 0.643349 0.190114 0.641754 0.842036 0.630973 0.841998 
9 0.300850 0.152536 0.302021 0.139709 0.638544 0.183682 0.637373 0.196509 
9 0.296764 0.149343 0.306107 0.142902 0.641035 0.838797 0.631692 0.845237 
9 0.296045 0.146101 0.306826 0.146144 0.304912 0.842307 0.294131 0.842264 
19 0.421786 0.029770 0.522292 0.029770 0.522292 0.133794 0.421786 0.133794
18 0.472209 0.215501 0.603408 0.215501 0.603408 0.332085 0.472209 0.332085
18 0.402286 0.688994 0.534721 0.688994 0.534721 0.806111 0.402286 0.806111
12 0.555102 0.745299 0.650798 0.745299 0.650798 0.859452 0.555102 0.859452
19 0.427547 0.865138 0.528752 0.865138 0.528752 0.968554 0.427547 0.968554
19 0.025719 0.423652 0.273435 0.423652 0.273435 0.532089 0.025719 0.532089
19 0.661342 0.453003 0.955451 0.453003 0.955451 0.568929 0.661342 0.568929
