13 0.114302 0.758131 0.132778 0.758131 0.132778 0.787012 0.114302 0.787012 0.114302 0.758131
13 0.249886 0.756988 0.268362 0.756988 0.268362 0.785869 0.249886 0.785869 0.249886 0.756988
13 0.446108 0.221190 0.464584 0.221190 0.464584 0.250071 0.446108 0.250071 0.446108 0.221190
13 0.722034 0.455334 0.740509 0.455334 0.740509 0.484215 0.722034 0.484215 0.722034 0.455334
13 0.606537 0.757623 0.625012 0.757623 0.625012 0.786504 0.606537 0.786504 0.606537 0.757623
13 0.750697 0.759845 0.769173 0.759845 0.769173 0.788726 0.750697 0.788726 0.750697 0.759845
9 0.123532 0.779792 0.123548 0.765351 0.759943 0.767066 0.759927 0.781506 
9 0.451337 0.232043 0.459354 0.239217 0.263133 0.775016 0.255116 0.767841 
9 0.451161 0.238688 0.459530 0.232572 0.619959 0.769006 0.611590 0.775121 
9 0.727306 0.466072 0.735237 0.473477 0.619740 0.775766 0.611809 0.768361 
9 0.453142 0.241976 0.457549 0.229285 0.733475 0.463429 0.729068 0.476120 
10 0.643703 0.564771 0.701512 0.564771 0.701512 0.665526 0.643703 0.665526
10 0.312262 0.483386 0.369994 0.483386 0.369994 0.587673 0.312262 0.587673
18 0.159727 0.656823 0.273769 0.656823 0.273769 0.758399 0.159727 0.758399
22 0.427653 0.118912 0.486395 0.118912 0.486395 0.216881 0.427653 0.216881
16 0.597479 0.613131 0.636772 0.613131 0.636772 0.703592 0.597479 0.703592
22 0.223185 0.787406 0.282142 0.787406 0.282142 0.882812 0.223185 0.882812
16 0.661643 0.445282 0.701026 0.445282 0.701026 0.534404 0.661643 0.534404
22 0.747009 0.420182 0.797801 0.420182 0.797801 0.516444 0.747009 0.516444
22 0.597661 0.786178 0.638881 0.786178 0.638881 0.882506 0.597661 0.882506
16 0.539208 0.664495 0.577696 0.664495 0.577696 0.754026 0.539208 0.754026
18 0.403945 0.372922 0.489405 0.372922 0.489405 0.472242 0.403945 0.472242
18 0.521213 0.358330 0.607258 0.358330 0.607258 0.456277 0.521213 0.456277
