13 0.160749 0.790422 0.193536 0.790422 0.193536 0.819834 0.160749 0.819834 0.160749 0.790422
13 0.835555 0.790889 0.868341 0.790889 0.868341 0.820300 0.835555 0.820300 0.835555 0.790889
13 0.160035 0.086149 0.192822 0.086149 0.192822 0.115561 0.160035 0.115561 0.160035 0.086149
9 0.177137 0.812481 0.177149 0.797775 0.851954 0.798241 0.851942 0.812947 
9 0.170214 0.105649 0.182644 0.096061 0.858163 0.800800 0.845733 0.810388 
9 0.168232 0.100861 0.184625 0.100848 0.185340 0.805122 0.168946 0.805135 
12 0.155709 0.710060 0.279803 0.710060 0.279803 0.824731 0.155709 0.824731
19 0.348213 0.833578 0.551739 0.833578 0.551739 0.968805 0.348213 0.968805
19 0.552368 0.354608 0.810085 0.354608 0.810085 0.454420 0.552368 0.454420
19 0.044550 0.450421 0.120917 0.450421 0.120917 0.531659 0.044550 0.531659
