13 0.083347 0.703540 0.101653 0.703540 0.101653 0.735413 0.083347 0.735413 0.083347 0.703540
13 0.485847 0.703408 0.504153 0.703408 0.504153 0.735281 0.485847 0.735281 0.485847 0.703408
13 0.890122 0.704488 0.908429 0.704488 0.908429 0.736361 0.890122 0.736361 0.890122 0.704488
13 0.511680 0.189006 0.529987 0.189006 0.529987 0.220878 0.511680 0.220878 0.511680 0.189006
13 0.108422 0.190459 0.126729 0.190459 0.126729 0.222332 0.108422 0.222332 0.108422 0.190459
9 0.092497 0.727445 0.092503 0.711509 0.899278 0.712457 0.899272 0.728393 
9 0.518013 0.211218 0.523653 0.198666 0.902095 0.714149 0.896455 0.726700 
9 0.516274 0.204248 0.525393 0.205636 0.499559 0.720039 0.490441 0.718651 
9 0.114760 0.212676 0.120392 0.200114 0.497816 0.713064 0.492184 0.725626 
9 0.113016 0.205720 0.122136 0.207071 0.097060 0.720152 0.087940 0.718801 
22 0.089688 0.045589 0.153684 0.045589 0.153684 0.176416 0.089688 0.176416
22 0.487030 0.058453 0.547704 0.058453 0.547704 0.184200 0.487030 0.184200
0 0.507288 0.291955 0.604240 0.291955 0.604240 0.390889 0.507288 0.390889
2 0.462927 0.411378 0.556350 0.411378 0.556350 0.493485 0.462927 0.493485
2 0.057304 0.415440 0.150140 0.415440 0.150140 0.498368 0.057304 0.498368
10 0.266529 0.400786 0.335803 0.400786 0.335803 0.518508 0.266529 0.518508
10 0.670858 0.402096 0.740310 0.402096 0.740310 0.519117 0.670858 0.519117
22 0.891989 0.745697 0.951093 0.745697 0.951093 0.880852 0.891989 0.880852
22 0.032963 0.749888 0.095452 0.749888 0.095452 0.883513 0.032963 0.883513
22 0.465892 0.751044 0.523147 0.751044 0.523147 0.881732 0.465892 0.881732
0 0.103827 0.293004 0.197462 0.293004 0.197462 0.390573 0.103827 0.390573
