13 0.480459 0.192495 0.499238 0.192495 0.499238 0.231330 0.480459 0.231330 0.480459 0.192495
13 0.937010 0.189410 0.955790 0.189410 0.955790 0.228245 0.937010 0.228245 0.937010 0.189410
13 0.030134 0.779269 0.048913 0.779269 0.048913 0.818104 0.030134 0.818104 0.030134 0.779269
13 0.480610 0.774885 0.499390 0.774885 0.499390 0.813720 0.480610 0.813720 0.480610 0.774885
9 0.039546 0.808395 0.039502 0.788978 0.489978 0.784594 0.490022 0.804011 
9 0.485154 0.211917 0.494543 0.211907 0.494695 0.794298 0.485305 0.794308 
9 0.042027 0.806901 0.037021 0.790472 0.487346 0.203698 0.492351 0.220126 
9 0.489864 0.221621 0.489833 0.202204 0.946385 0.199119 0.946415 0.218536 
9 0.492475 0.802553 0.487525 0.786053 0.943925 0.200577 0.948875 0.217078 
19 0.667723 0.028145 0.747469 0.028145 0.747469 0.175822 0.667723 0.175822
18 0.492932 0.225633 0.557825 0.225633 0.557825 0.386812 0.492932 0.386812
19 0.729878 0.504238 0.807582 0.504238 0.807582 0.652947 0.729878 0.652947
12 0.419053 0.647304 0.502101 0.647304 0.502101 0.822372 0.419053 0.822372
19 0.226314 0.824766 0.305626 0.824766 0.305626 0.972041 0.226314 0.972041
19 0.085091 0.336284 0.257501 0.336284 0.257501 0.497752 0.085091 0.497752
18 0.172719 0.605986 0.284912 0.605986 0.284912 0.770880 0.172719 0.770880
