13 0.368843 0.059470 0.389096 0.059470 0.389096 0.084706 0.368843 0.084706 0.368843 0.059470
13 0.470869 0.146974 0.491123 0.146974 0.491123 0.172210 0.470869 0.172210 0.470869 0.146974
13 0.854552 0.484525 0.874805 0.484525 0.874805 0.509761 0.854552 0.509761 0.854552 0.484525
13 0.056387 0.486157 0.076640 0.486157 0.076640 0.511394 0.056387 0.511394 0.056387 0.486157
13 0.202647 0.486722 0.222900 0.486722 0.222900 0.511959 0.202647 0.511959 0.202647 0.486722
13 0.394854 0.818810 0.415107 0.818810 0.415107 0.844047 0.394854 0.844047 0.394854 0.818810
13 0.257693 0.916612 0.277946 0.916612 0.277946 0.941849 0.257693 0.941849 0.257693 0.916612
9 0.376060 0.077251 0.381880 0.066925 0.867589 0.491980 0.861769 0.502306 
9 0.066522 0.505085 0.066505 0.492466 0.864671 0.490834 0.864687 0.503452 
9 0.270363 0.934686 0.265276 0.923775 0.862135 0.491688 0.867222 0.502598 
22 0.513920 0.065352 0.586552 0.065352 0.586552 0.173628 0.513920 0.173628
18 0.589551 0.369820 0.712236 0.369820 0.712236 0.473660 0.589551 0.473660
22 0.880431 0.445222 0.947845 0.445222 0.947845 0.551591 0.880431 0.551591
18 0.590498 0.513920 0.714088 0.513920 0.714088 0.615245 0.590498 0.615245
22 0.178774 0.544442 0.238346 0.544442 0.238346 0.653478 0.178774 0.653478
22 0.431459 0.816712 0.501970 0.816712 0.501970 0.924854 0.431459 0.924854
