13 0.090000 0.106141 0.106667 0.106141 0.106667 0.140773 0.090000 0.140773 0.090000 0.106141
13 0.912949 0.105013 0.929615 0.105013 0.929615 0.139645 0.912949 0.139645 0.912949 0.105013
13 0.090000 0.689474 0.106667 0.689474 0.106667 0.724106 0.090000 0.724106 0.090000 0.689474
13 0.912059 0.688158 0.928725 0.688158 0.928725 0.722790 0.912059 0.722790 0.912059 0.688158
9 0.098336 0.132115 0.098331 0.114799 0.921279 0.113671 0.921285 0.130987 
9 0.094167 0.114799 0.102500 0.114799 0.102500 0.715448 0.094167 0.715448 
9 0.098337 0.715448 0.098330 0.698132 0.920389 0.696816 0.920395 0.714132 
9 0.096990 0.131652 0.099677 0.115261 0.921736 0.697279 0.919048 0.713669 
18 0.397285 0.157978 0.501637 0.157978 0.501637 0.303647 0.397285 0.303647
19 0.030042 0.364293 0.076864 0.364293 0.076864 0.479026 0.030042 0.479026
19 0.430409 0.743879 0.584034 0.743879 0.584034 0.896889 0.430409 0.896889
12 0.085819 0.508862 0.186761 0.508862 0.186761 0.727856 0.085819 0.727856
