13 0.203442 0.060111 0.222177 0.060111 0.222177 0.084651 0.203442 0.084651 0.203442 0.060111
13 0.386648 0.062373 0.405383 0.062373 0.405383 0.086913 0.386648 0.086913 0.386648 0.062373
13 0.051768 0.190587 0.070503 0.190587 0.070503 0.215127 0.051768 0.215127 0.051768 0.190587
13 0.193689 0.190587 0.212424 0.190587 0.212424 0.215127 0.193689 0.215127 0.193689 0.190587
13 0.435375 0.190367 0.454111 0.190367 0.454111 0.214907 0.435375 0.214907 0.435375 0.190367
13 0.926378 0.190587 0.945113 0.190587 0.945113 0.215127 0.926378 0.215127 0.926378 0.190587
13 0.051254 0.452940 0.069989 0.452940 0.069989 0.477480 0.051254 0.477480 0.051254 0.452940
13 0.167488 0.453444 0.186224 0.453444 0.186224 0.477984 0.167488 0.477984 0.167488 0.453444
13 0.530437 0.454104 0.549173 0.454104 0.549173 0.478644 0.530437 0.478644 0.530437 0.454104
13 0.927314 0.452220 0.946049 0.452220 0.946049 0.476760 0.927314 0.476760 0.927314 0.452220
13 0.052281 0.779663 0.071017 0.779663 0.071017 0.804203 0.052281 0.804203 0.052281 0.779663
13 0.134737 0.779159 0.153472 0.779159 0.153472 0.803699 0.134737 0.803699 0.134737 0.779159
13 0.648341 0.779818 0.667077 0.779818 0.667077 0.804358 0.648341 0.804358 0.648341 0.779818
13 0.927314 0.780383 0.946049 0.780383 0.946049 0.804923 0.927314 0.804923 0.927314 0.780383
13 0.695872 0.910587 0.714608 0.910587 0.714608 0.935127 0.695872 0.935127 0.695872 0.910587
13 0.122801 0.913063 0.141537 0.913063 0.141537 0.937603 0.122801 0.937603 0.122801 0.913063
9 0.061135 0.208992 0.061135 0.196722 0.935745 0.196722 0.935745 0.208992 
9 0.060625 0.471345 0.060619 0.459075 0.936678 0.458355 0.936684 0.470625 
9 0.061646 0.798068 0.061652 0.785798 0.936684 0.786518 0.936678 0.798788 
9 0.208161 0.071627 0.217458 0.073135 0.136817 0.926087 0.127521 0.924579 
9 0.391789 0.077286 0.400242 0.071999 0.709467 0.920214 0.701013 0.925501 
10 0.310987 0.160660 0.397937 0.160660 0.397937 0.240150 0.310987 0.240150
10 0.310813 0.423033 0.398466 0.423033 0.398466 0.503823 0.310813 0.503823
10 0.310208 0.748925 0.401625 0.748925 0.401625 0.827740 0.310208 0.827740
19 0.619529 0.564085 0.904079 0.564085 0.904079 0.672304 0.619529 0.672304
19 0.521469 0.277124 0.765588 0.277124 0.765588 0.387071 0.521469 0.387071
19 0.074394 0.278601 0.167681 0.278601 0.167681 0.383351 0.074394 0.383351
19 0.046864 0.563479 0.140586 0.563479 0.140586 0.670731 0.046864 0.670731
