13 0.068912 0.154726 0.082517 0.154726 0.082517 0.178607 0.068912 0.178607 0.068912 0.154726
13 0.924864 0.154726 0.938469 0.154726 0.938469 0.178607 0.924864 0.178607 0.924864 0.154726
13 0.781659 0.267862 0.795264 0.267862 0.795264 0.291742 0.781659 0.291742 0.781659 0.267862
13 0.213197 0.713206 0.226803 0.713206 0.226803 0.737086 0.213197 0.737086 0.213197 0.713206
13 0.068582 0.827916 0.082187 0.827916 0.082187 0.851796 0.068582 0.851796 0.068582 0.827916
13 0.925249 0.827916 0.938854 0.827916 0.938854 0.851796 0.925249 0.851796 0.925249 0.827916
9 0.076775 0.845305 0.073994 0.834407 0.930276 0.161218 0.933057 0.172115 
9 0.928265 0.166673 0.935068 0.166661 0.935453 0.839850 0.928650 0.839862 
9 0.075385 0.845826 0.075385 0.833886 0.932051 0.833886 0.932051 0.845826 
9 0.072313 0.166662 0.079116 0.166672 0.078786 0.839861 0.071983 0.839851 
9 0.072617 0.169132 0.078812 0.164201 0.223098 0.722681 0.216902 0.727612 
9 0.075714 0.172637 0.075714 0.160697 0.931667 0.160697 0.931667 0.172637 
9 0.785360 0.282252 0.791563 0.277352 0.935153 0.837406 0.928950 0.842306 
22 0.041644 0.044444 0.096172 0.044444 0.096172 0.144721 0.041644 0.144721
22 0.905397 0.043464 0.957442 0.043464 0.957442 0.144762 0.905397 0.144762
12 0.780075 0.237071 0.847602 0.237071 0.847602 0.355609 0.780075 0.355609
22 0.740990 0.313948 0.789238 0.313948 0.789238 0.414739 0.740990 0.414739
12 0.158287 0.645906 0.226618 0.645906 0.226618 0.763944 0.158287 0.763944
22 0.206022 0.729365 0.258282 0.729365 0.258282 0.828274 0.206022 0.828274
22 0.043260 0.856972 0.098191 0.856972 0.098191 0.958742 0.043260 0.958742
22 0.904442 0.855076 0.959717 0.855076 0.959717 0.959917 0.904442 0.959917
