13 0.595601 0.137644 0.621161 0.137644 0.621161 0.160967 0.595601 0.160967 0.595601 0.137644
13 0.142731 0.601061 0.168290 0.601061 0.168290 0.624385 0.142731 0.624385 0.142731 0.601061
13 0.593697 0.600144 0.619256 0.600144 0.619256 0.623467 0.593697 0.623467 0.593697 0.600144
13 0.821506 0.600317 0.847065 0.600317 0.847065 0.623641 0.821506 0.623641 0.821506 0.600317
13 0.592599 0.835458 0.618158 0.835458 0.618158 0.858782 0.592599 0.858782 0.592599 0.835458
9 0.603612 0.145425 0.613150 0.153186 0.160279 0.616604 0.150741 0.608842 
9 0.601991 0.149283 0.614771 0.149328 0.611768 0.847143 0.598988 0.847097 
9 0.829509 0.608107 0.839063 0.615852 0.610155 0.850993 0.600601 0.843248 
9 0.155518 0.618554 0.155503 0.606892 0.834278 0.606148 0.834293 0.617810 
22 0.574959 0.023145 0.661939 0.023145 0.661939 0.121077 0.574959 0.121077
0 0.513059 0.228880 0.614660 0.228880 0.614660 0.282581 0.513059 0.282581
22 0.624549 0.495895 0.705885 0.495895 0.705885 0.593105 0.624549 0.593105
12 0.513413 0.528364 0.622729 0.528364 0.622729 0.629343 0.513413 0.629343
22 0.041919 0.557935 0.131643 0.557935 0.131643 0.657168 0.041919 0.657168
22 0.856739 0.555468 0.938213 0.555468 0.938213 0.657398 0.856739 0.657398
19 0.435182 0.666813 0.584758 0.666813 0.584758 0.764737 0.435182 0.764737
0 0.600241 0.707388 0.700879 0.707388 0.700879 0.763669 0.600241 0.763669
22 0.551804 0.872598 0.640350 0.872598 0.640350 0.969565 0.551804 0.969565
19 0.336597 0.634595 0.412257 0.634595 0.412257 0.728307 0.336597 0.728307
19 0.624811 0.345914 0.700835 0.345914 0.700835 0.439645 0.624811 0.439645
