13 0.367511 0.865262 0.383415 0.865262 0.383415 0.887119 0.367511 0.887119 0.367511 0.865262
13 0.896855 0.865994 0.912760 0.865994 0.912760 0.887852 0.896855 0.887852 0.896855 0.865994
13 0.543437 0.554150 0.559341 0.554150 0.559341 0.576008 0.543437 0.576008 0.543437 0.554150
13 0.612881 0.400500 0.628786 0.400500 0.628786 0.422358 0.612881 0.422358 0.612881 0.400500
13 0.083714 0.399357 0.099619 0.399357 0.099619 0.421215 0.083714 0.421215 0.083714 0.399357
13 0.256063 0.092448 0.271967 0.092448 0.271967 0.114306 0.256063 0.114306 0.256063 0.092448
9 0.375459 0.881655 0.375467 0.870726 0.904812 0.871459 0.904804 0.882388 
9 0.549241 0.569678 0.553537 0.560481 0.906956 0.872325 0.902660 0.881521 
9 0.548249 0.561726 0.554528 0.568433 0.378603 0.879544 0.372323 0.872837 
9 0.091660 0.415750 0.091673 0.404821 0.620840 0.405964 0.620827 0.416893 
9 0.261900 0.108004 0.266130 0.098749 0.622948 0.406801 0.618718 0.416056 
9 0.260867 0.100038 0.267163 0.106715 0.094814 0.413624 0.088519 0.406947 
22 0.208311 0.023565 0.261757 0.023565 0.261757 0.115523 0.208311 0.115523
4 0.142319 0.276714 0.215983 0.276714 0.215983 0.417694 0.142319 0.417694
22 0.017126 0.373774 0.074866 0.373774 0.074866 0.470102 0.017126 0.470102
22 0.626901 0.371533 0.681316 0.371533 0.681316 0.469667 0.626901 0.469667
22 0.481108 0.485829 0.534184 0.485829 0.534184 0.583159 0.481108 0.583159
0 0.495390 0.603697 0.616643 0.603697 0.616643 0.680525 0.495390 0.680525
4 0.425579 0.746747 0.501604 0.746747 0.501604 0.883463 0.425579 0.883463
22 0.304554 0.858717 0.360646 0.858717 0.360646 0.954439 0.304554 0.954439
22 0.909143 0.857896 0.961837 0.857896 0.961837 0.954055 0.909143 0.954055
0 0.205738 0.145574 0.338270 0.145574 0.338270 0.226501 0.205738 0.226501
