13 0.530331 0.138432 0.553860 0.138432 0.553860 0.159211 0.530331 0.159211 0.530331 0.138432
13 0.144719 0.263503 0.168248 0.263503 0.168248 0.284282 0.144719 0.284282 0.144719 0.263503
13 0.466037 0.507870 0.489567 0.507870 0.489567 0.528649 0.466037 0.528649 0.466037 0.507870
13 0.179473 0.535738 0.203003 0.535738 0.203003 0.556518 0.179473 0.556518 0.179473 0.535738
13 0.213950 0.807792 0.237479 0.807792 0.237479 0.828571 0.213950 0.828571 0.213950 0.807792
9 0.152645 0.277829 0.160322 0.269956 0.481641 0.514323 0.473964 0.522196 
9 0.536281 0.148032 0.547909 0.149611 0.483616 0.519049 0.471988 0.517470 
9 0.150638 0.274473 0.162329 0.273313 0.231560 0.817602 0.219869 0.818762 
9 0.191882 0.551292 0.190594 0.540964 0.477158 0.513096 0.478446 0.523423 
3 0.898048 0.518004 0.875113 0.639379 0.808794 0.747602 0.706279 0.830944 0.578675 0.880374 0.439811 0.890535 0.304734 0.860328 0.188084 0.793024 0.102499 0.695917 0.057256 0.579531 0.057256 0.456478 0.102499 0.340091 0.188084 0.242985 0.304734 0.175681 0.439811 0.145473 0.578675 0.155635 0.706279 0.205065 0.808794 0.288407 0.875113 0.396629 0.898048 0.518004
22 0.509827 0.469117 0.589161 0.469117 0.589161 0.564835 0.509827 0.564835
22 0.517808 0.034551 0.598509 0.034551 0.598509 0.130782 0.517808 0.130782
22 0.056382 0.158272 0.149722 0.158272 0.149722 0.252626 0.056382 0.252626
22 0.090687 0.511828 0.170449 0.511828 0.170449 0.605639 0.090687 0.605639
22 0.155329 0.837553 0.233315 0.837553 0.233315 0.930916 0.155329 0.930916
19 0.095046 0.612707 0.191009 0.612707 0.191009 0.697060 0.095046 0.697060
19 0.070360 0.419874 0.165580 0.419874 0.165580 0.505435 0.070360 0.505435
19 0.286868 0.552790 0.362536 0.552790 0.362536 0.642338 0.286868 0.642338
19 0.532040 0.308932 0.642367 0.308932 0.642367 0.399213 0.532040 0.399213
