13 0.050600 0.181466 0.075600 0.181466 0.075600 0.216248 0.050600 0.216248 0.050600 0.181466
13 0.174194 0.757656 0.199194 0.757656 0.199194 0.792439 0.174194 0.792439 0.174194 0.757656
13 0.770659 0.759532 0.795659 0.759532 0.795659 0.794314 0.770659 0.794314 0.770659 0.759532
13 0.651423 0.468561 0.676423 0.468561 0.676423 0.503344 0.651423 0.503344 0.651423 0.468561
13 0.530269 0.180976 0.555269 0.180976 0.555269 0.215759 0.530269 0.215759 0.530269 0.180976
9 0.186680 0.783743 0.186708 0.766352 0.783173 0.768227 0.783145 0.785619 
9 0.057111 0.201344 0.069089 0.196370 0.192683 0.772561 0.180705 0.777534 
9 0.063105 0.207553 0.063096 0.190161 0.542764 0.189672 0.542774 0.207063 
9 0.537358 0.202719 0.548180 0.194015 0.788570 0.772571 0.777748 0.781275 
3 0.902377 0.481729 0.889465 0.589389 0.852126 0.685382 0.794408 0.759307 0.722565 0.803151 0.644383 0.812165 0.568332 0.785370 0.502656 0.725672 0.454471 0.639538 0.428998 0.536303 0.428998 0.427154 0.454471 0.323920 0.502656 0.237786 0.568332 0.178087 0.644383 0.151293 0.722565 0.160306 0.794408 0.204151 0.852126 0.278075 0.889465 0.374069 0.902377 0.481729
18 0.574167 0.613082 0.703981 0.613082 0.703981 0.742566 0.574167 0.742566
19 0.275320 0.064639 0.336198 0.064639 0.336198 0.182484 0.275320 0.182484
19 0.541662 0.324333 0.599720 0.324333 0.599720 0.438969 0.541662 0.438969
19 0.448012 0.795986 0.544106 0.795986 0.544106 0.915666 0.448012 0.915666
