13 0.195723 0.677625 0.222126 0.677625 0.222126 0.720636 0.195723 0.720636 0.195723 0.677625
13 0.611810 0.676370 0.638213 0.676370 0.638213 0.719381 0.611810 0.719381 0.611810 0.676370
13 0.900502 0.676564 0.926904 0.676564 0.926904 0.719575 0.900502 0.719575 0.900502 0.676564
13 0.702311 0.223908 0.728714 0.223908 0.728714 0.266919 0.702311 0.266919 0.702311 0.223908
9 0.208931 0.709883 0.208918 0.688378 0.913697 0.687317 0.913709 0.708822 
9 0.212105 0.708553 0.205744 0.689708 0.712332 0.235991 0.718693 0.254836 
9 0.710139 0.251657 0.720886 0.239170 0.919077 0.691826 0.908329 0.704313 
9 0.709237 0.242082 0.721788 0.248745 0.631287 0.701207 0.618735 0.694544 
22 0.142812 0.722505 0.237212 0.722505 0.237212 0.880799 0.142812 0.880799
22 0.569288 0.723169 0.660523 0.723169 0.660523 0.878212 0.569288 0.878212
22 0.677261 0.082092 0.771321 0.082092 0.771321 0.233512 0.677261 0.233512
22 0.879333 0.726999 0.957559 0.726999 0.957559 0.877136 0.879333 0.877136
