13 0.047447 0.119761 0.071912 0.119761 0.071912 0.158222 0.047447 0.158222 0.047447 0.119761
13 0.706335 0.120683 0.730800 0.120683 0.730800 0.159144 0.706335 0.159144 0.706335 0.120683
13 0.484452 0.422618 0.508917 0.422618 0.508917 0.461080 0.484452 0.461080 0.484452 0.422618
13 0.919779 0.724146 0.944243 0.724146 0.944243 0.762607 0.919779 0.762607 0.919779 0.724146
13 0.262768 0.725591 0.287232 0.725591 0.287232 0.764052 0.262768 0.764052 0.262768 0.725591
9 0.275009 0.754437 0.274991 0.735206 0.932002 0.733761 0.932020 0.752992 
9 0.713222 0.144586 0.723913 0.135241 0.937356 0.738704 0.926666 0.748049 
9 0.279008 0.752085 0.270992 0.737558 0.714560 0.132650 0.722575 0.147177 
9 0.054340 0.143682 0.065018 0.134301 0.280339 0.740131 0.269661 0.749512 
9 0.059674 0.148607 0.059685 0.129376 0.718573 0.130298 0.718562 0.149529 
9 0.057213 0.147790 0.062146 0.130193 0.934478 0.734578 0.929544 0.752175 
19 0.521184 0.170642 0.584296 0.170642 0.584296 0.314209 0.521184 0.314209
2 0.293640 0.257721 0.388417 0.257721 0.388417 0.404861 0.293640 0.404861
19 0.315780 0.438528 0.380281 0.438528 0.380281 0.583571 0.315780 0.583571
2 0.583558 0.461990 0.677832 0.461990 0.677832 0.608088 0.583558 0.608088
