13 0.122389 0.739410 0.142849 0.739410 0.142849 0.780861 0.122389 0.780861 0.122389 0.739410
13 0.858850 0.739992 0.879311 0.739992 0.879311 0.781443 0.858850 0.781443 0.858850 0.739992
13 0.858103 0.165085 0.878564 0.165085 0.878564 0.206536 0.858103 0.206536 0.858103 0.165085
9 0.134458 0.769805 0.130780 0.750465 0.866494 0.176141 0.870172 0.195480 
9 0.863218 0.185838 0.873448 0.185784 0.874196 0.760690 0.863965 0.760745 
9 0.132617 0.770498 0.132621 0.749772 0.869082 0.750355 0.869078 0.771080 
12 0.802964 0.625742 0.881695 0.625742 0.881695 0.787797 0.802964 0.787797
18 0.362775 0.581822 0.469019 0.581822 0.469019 0.730263 0.362775 0.730263
19 0.444045 0.313462 0.492328 0.313462 0.492328 0.427547 0.444045 0.427547
22 0.892449 0.757781 0.959425 0.757781 0.959425 0.907550 0.892449 0.907550
22 0.032961 0.772314 0.102433 0.772314 0.102433 0.924416 0.032961 0.924416
22 0.890154 0.048790 0.956048 0.048790 0.956048 0.199181 0.890154 0.199181
19 0.897336 0.403331 0.967448 0.403331 0.967448 0.545649 0.897336 0.545649
