13 0.284042 0.161656 0.300042 0.161656 0.300042 0.188058 0.284042 0.188058 0.284042 0.161656
13 0.926256 0.218227 0.942256 0.218227 0.942256 0.244630 0.926256 0.244630 0.926256 0.218227
13 0.519336 0.520513 0.535336 0.520513 0.535336 0.546916 0.519336 0.546916 0.519336 0.520513
13 0.101343 0.830227 0.117343 0.830227 0.117343 0.856630 0.101343 0.856630 0.101343 0.830227
13 0.752257 0.875370 0.768257 0.875370 0.768257 0.901773 0.752257 0.901773 0.752257 0.875370
9 0.289327 0.179706 0.294756 0.170009 0.762971 0.883723 0.757543 0.893420 
9 0.930591 0.228786 0.937921 0.234071 0.763922 0.891214 0.756592 0.885929 
9 0.110983 0.849449 0.107702 0.837408 0.932616 0.225408 0.935896 0.237449 
9 0.288395 0.172144 0.295688 0.177571 0.112989 0.846142 0.105696 0.840715 
22 0.271429 0.024429 0.320222 0.024429 0.320222 0.146191 0.271429 0.146191
22 0.025396 0.771268 0.087695 0.771268 0.087695 0.893297 0.025396 0.893297
22 0.776450 0.824369 0.822592 0.824369 0.822592 0.943070 0.776450 0.943070
22 0.509492 0.359059 0.572520 0.359059 0.572520 0.478011 0.509492 0.478011
22 0.905429 0.080015 0.965177 0.080015 0.965177 0.202201 0.905429 0.202201
2 0.706729 0.311447 0.754708 0.311447 0.754708 0.448280 0.706729 0.448280
2 0.293610 0.618179 0.341129 0.618179 0.341129 0.752441 0.293610 0.752441
10 0.164624 0.460314 0.221643 0.460314 0.221643 0.574029 0.164624 0.574029
10 0.813888 0.503988 0.870811 0.503988 0.870811 0.618505 0.813888 0.618505
