13 0.032334 0.845936 0.053222 0.845936 0.053222 0.886962 0.032334 0.886962 0.032334 0.845936
13 0.470069 0.844746 0.490957 0.844746 0.490957 0.885772 0.470069 0.885772 0.470069 0.844746
13 0.470791 0.087935 0.491678 0.087935 0.491678 0.128961 0.470791 0.128961 0.470791 0.087935
13 0.932175 0.845500 0.953063 0.845500 0.953063 0.886526 0.932175 0.886526 0.932175 0.845500
9 0.046228 0.874148 0.039328 0.858750 0.477784 0.100749 0.484685 0.116147 
9 0.477885 0.116317 0.484584 0.100579 0.945968 0.858144 0.939270 0.873882 
9 0.042779 0.876705 0.042776 0.856192 0.942618 0.855757 0.942620 0.876269 
9 0.476013 0.108429 0.486456 0.108468 0.485735 0.865278 0.475291 0.865240 
2 0.661853 0.392650 0.737548 0.392650 0.737548 0.538885 0.661853 0.538885
2 0.232118 0.399208 0.304540 0.399208 0.304540 0.539459 0.232118 0.539459
12 0.466922 0.732520 0.546242 0.732520 0.546242 0.894052 0.466922 0.894052
18 0.118548 0.696179 0.223054 0.696179 0.223054 0.848248 0.118548 0.848248
19 0.155366 0.301709 0.239300 0.301709 0.239300 0.443619 0.155366 0.443619
19 0.487849 0.466117 0.533490 0.466117 0.533490 0.574903 0.487849 0.574903
