13 0.102591 0.034201 0.131060 0.034201 0.131060 0.060867 0.102591 0.060867 0.102591 0.034201
13 0.712081 0.251795 0.740551 0.251795 0.740551 0.278461 0.712081 0.278461 0.712081 0.251795
13 0.102062 0.457821 0.130532 0.457821 0.130532 0.484487 0.102062 0.484487 0.102062 0.457821
13 0.102908 0.898431 0.131378 0.898431 0.131378 0.925098 0.102908 0.925098 0.102908 0.898431
9 0.109180 0.051274 0.123415 0.051290 0.122274 0.900649 0.108039 0.900633 
9 0.117598 0.477416 0.112715 0.464892 0.721804 0.256558 0.726686 0.269083 
3 0.801862 0.467398 0.783271 0.571754 0.729511 0.664802 0.646409 0.736457 0.542970 0.778956 0.430403 0.787693 0.320907 0.761721 0.226347 0.703854 0.156970 0.620364 0.120294 0.520297 0.120294 0.414498 0.156970 0.314432 0.226347 0.230941 0.320907 0.173075 0.430403 0.147103 0.542970 0.155840 0.646409 0.198339 0.729511 0.269994 0.783271 0.363042 0.801862 0.467398
0 0.089316 0.416048 0.283182 0.416048 0.283182 0.628983 0.089316 0.628983
16 0.270812 0.511126 0.344426 0.511126 0.344426 0.620483 0.270812 0.620483
18 0.684949 0.719572 0.914826 0.719572 0.914826 0.830644 0.684949 0.830644
