13 0.228402 0.698023 0.243027 0.698023 0.243027 0.727653 0.228402 0.727653 0.228402 0.698023
13 0.117303 0.156703 0.131928 0.156703 0.131928 0.186332 0.117303 0.186332 0.117303 0.156703
13 0.227687 0.157482 0.242313 0.157482 0.242313 0.187112 0.227687 0.187112 0.227687 0.157482
13 0.864739 0.156703 0.879364 0.156703 0.879364 0.186332 0.864739 0.186332 0.864739 0.156703
9 0.124615 0.178925 0.124615 0.164110 0.872051 0.164110 0.872051 0.178925 
9 0.121239 0.174362 0.127991 0.168674 0.239090 0.709994 0.232338 0.715682 
9 0.237130 0.719668 0.234299 0.706008 0.870636 0.164688 0.873467 0.178347 
9 0.231344 0.172317 0.238656 0.172277 0.239371 0.712818 0.232058 0.712858 
12 0.225384 0.151395 0.278115 0.151395 0.278115 0.256911 0.225384 0.256911
12 0.215245 0.607159 0.271768 0.607159 0.271768 0.727673 0.215245 0.727673
19 0.522298 0.476779 0.609127 0.476779 0.609127 0.575517 0.522298 0.575517
22 0.198919 0.738278 0.245213 0.738278 0.245213 0.837381 0.198919 0.837381
19 0.247822 0.391960 0.295439 0.391960 0.295439 0.486080 0.247822 0.486080
22 0.887904 0.079303 0.930803 0.079303 0.930803 0.177965 0.887904 0.177965
22 0.217321 0.054152 0.261552 0.054152 0.261552 0.150929 0.217321 0.150929
19 0.165027 0.059783 0.197474 0.059783 0.197474 0.152042 0.165027 0.152042
22 0.068046 0.066294 0.111592 0.066294 0.111592 0.164666 0.068046 0.164666
