13 0.244971 0.152698 0.282529 0.152698 0.282529 0.180285 0.244971 0.180285 0.244971 0.152698
13 0.629792 0.153374 0.667351 0.153374 0.667351 0.180960 0.629792 0.180960 0.629792 0.153374
13 0.629180 0.802083 0.666739 0.802083 0.666739 0.829669 0.629180 0.829669 0.629180 0.802083
9 0.639182 0.167162 0.657961 0.167172 0.657349 0.815881 0.638570 0.815872 
9 0.263728 0.173388 0.263772 0.159595 0.648594 0.160270 0.648549 0.174063 
9 0.255138 0.169240 0.272362 0.163743 0.656571 0.813128 0.639347 0.818625 
22 0.672382 0.035990 0.816659 0.035990 0.816659 0.150271 0.672382 0.150271
22 0.089460 0.080824 0.227053 0.080824 0.227053 0.194760 0.089460 0.194760
7 0.295015 0.182661 0.353066 0.182661 0.353066 0.223281 0.295015 0.223281
12 0.505569 0.146881 0.672595 0.146881 0.672595 0.268646 0.505569 0.268646
22 0.584464 0.849454 0.722523 0.849454 0.722523 0.965391 0.584464 0.965391
19 0.316570 0.023797 0.591733 0.023797 0.591733 0.131814 0.316570 0.131814
1 0.230047 0.182759 0.408451 0.182759 0.408451 0.362069 0.230047 0.362069
18 0.046774 0.261757 0.270059 0.261757 0.270059 0.393801 0.046774 0.393801
19 0.690432 0.380044 0.861688 0.380044 0.861688 0.490939 0.690432 0.490939
19 0.115546 0.465056 0.402228 0.465056 0.402228 0.579285 0.115546 0.579285
