13 0.730125 0.236180 0.756703 0.236180 0.756703 0.273916 0.730125 0.273916 0.730125 0.236180
13 0.755650 0.346327 0.782228 0.346327 0.782228 0.384063 0.755650 0.384063 0.755650 0.346327
13 0.525651 0.396969 0.552229 0.396969 0.552229 0.434705 0.525651 0.434705 0.525651 0.396969
13 0.317356 0.561132 0.343934 0.561132 0.343934 0.598868 0.317356 0.598868 0.317356 0.561132
13 0.335826 0.600856 0.362405 0.600856 0.362405 0.638591 0.335826 0.638591 0.335826 0.600856
13 0.023163 0.790275 0.049741 0.790275 0.049741 0.828011 0.023163 0.828011 0.023163 0.790275
9 0.039060 0.817819 0.033843 0.800466 0.766331 0.356518 0.771548 0.373871 
9 0.039663 0.817402 0.033240 0.800884 0.740203 0.246788 0.746625 0.263307 
3 0.770824 0.411389 0.758018 0.520348 0.720988 0.617499 0.663747 0.692314 0.592497 0.736688 0.514961 0.745810 0.439539 0.718692 0.374405 0.658274 0.326618 0.571101 0.301356 0.466622 0.301356 0.356157 0.326618 0.251677 0.374405 0.164505 0.439539 0.104086 0.514961 0.076969 0.592497 0.086091 0.663747 0.130464 0.720988 0.205280 0.758018 0.302431 0.770824 0.411389
18 0.151496 0.361254 0.247946 0.361254 0.247946 0.520379 0.151496 0.520379
7 0.194592 0.634718 0.231706 0.634718 0.231706 0.695993 0.194592 0.695993
18 0.797029 0.161968 0.956796 0.161968 0.956796 0.325669 0.797029 0.325669
1 0.189369 0.518868 0.235880 0.518868 0.235880 0.707547 0.189369 0.707547
18 0.655928 0.720086 0.860611 0.720086 0.860611 0.883030 0.655928 0.883030
