13 0.086366 0.056188 0.110319 0.056188 0.110319 0.080955 0.086366 0.080955 0.086366 0.056188
13 0.852665 0.056188 0.876617 0.056188 0.876617 0.080955 0.852665 0.080955 0.852665 0.056188
13 0.088321 0.847836 0.112274 0.847836 0.112274 0.872604 0.088321 0.872604 0.088321 0.847836
13 0.852665 0.848841 0.876617 0.848841 0.876617 0.873608 0.852665 0.873608 0.852665 0.848841
9 0.860403 0.064197 0.868878 0.072946 0.104535 0.864595 0.096060 0.855845 
9 0.858653 0.062379 0.870629 0.062379 0.870629 0.867416 0.858653 0.867416 
9 0.100290 0.866412 0.100305 0.854028 0.864648 0.855033 0.864633 0.867416 
9 0.092355 0.068587 0.104331 0.068556 0.106285 0.860204 0.094309 0.860236 
9 0.098343 0.074763 0.098343 0.062379 0.864641 0.062379 0.864641 0.074763 
19 0.364987 0.387514 0.434082 0.387514 0.434082 0.485043 0.364987 0.485043
19 0.877128 0.439671 0.941843 0.439671 0.941843 0.535679 0.877128 0.535679
18 0.183142 0.739556 0.326829 0.739556 0.326829 0.845546 0.183142 0.845546
12 0.774078 0.765728 0.883728 0.765728 0.883728 0.881157 0.774078 0.881157
19 0.455086 0.877590 0.523500 0.877590 0.523500 0.958636 0.455086 0.958636
