13 0.043467 0.098630 0.058200 0.098630 0.058200 0.131150 0.043467 0.131150 0.043467 0.098630
13 0.961300 0.098446 0.976033 0.098446 0.976033 0.130966 0.961300 0.130966 0.961300 0.098446
13 0.502890 0.493355 0.517623 0.493355 0.517623 0.525876 0.502890 0.525876 0.502890 0.493355
13 0.044300 0.884475 0.059033 0.884475 0.059033 0.916995 0.044300 0.916995 0.044300 0.884475
13 0.959300 0.884475 0.974033 0.884475 0.974033 0.916995 0.959300 0.916995 0.959300 0.884475
9 0.053000 0.908314 0.050333 0.893157 0.967333 0.107127 0.970000 0.122285 
9 0.049499 0.122467 0.052168 0.107312 0.968001 0.893158 0.965332 0.908313 
20 0.862301 0.010455 0.905684 0.010455 0.905684 0.149511 0.862301 0.149511
20 0.115316 0.049740 0.156638 0.049740 0.156638 0.151699 0.115316 0.151699
16 0.484439 0.335456 0.521194 0.335456 0.521194 0.461755 0.484439 0.461755
16 0.382745 0.451127 0.422650 0.451127 0.422650 0.574748 0.382745 0.574748
16 0.597324 0.450170 0.636997 0.450170 0.636997 0.575557 0.597324 0.575557
16 0.481764 0.536031 0.521955 0.536031 0.521955 0.660618 0.481764 0.660618
