13 0.122963 0.769362 0.130370 0.769362 0.130370 0.789312 0.122963 0.789312 0.122963 0.769362
13 0.376963 0.770382 0.384370 0.770382 0.384370 0.790332 0.376963 0.790332 0.376963 0.770382
13 0.249630 0.215790 0.257037 0.215790 0.257037 0.235740 0.249630 0.235740 0.249630 0.215790
13 0.630185 0.214727 0.637593 0.214727 0.637593 0.234677 0.630185 0.234677 0.630185 0.214727
13 0.886296 0.210688 0.893704 0.210688 0.893704 0.230638 0.886296 0.230638 0.886296 0.210688
13 0.758677 0.766811 0.766085 0.766811 0.766085 0.786761 0.758677 0.786761 0.758677 0.766811
9 0.126664 0.784324 0.126669 0.774349 0.380669 0.775370 0.380664 0.785345 
9 0.251758 0.228388 0.254908 0.223142 0.382242 0.777734 0.379092 0.782980 
9 0.251757 0.223149 0.254910 0.228382 0.128243 0.781953 0.125090 0.776720 
9 0.633900 0.229690 0.633878 0.219715 0.889989 0.215676 0.890011 0.225651 
9 0.632320 0.227351 0.635458 0.222053 0.763950 0.774137 0.760812 0.779435 
9 0.888425 0.218041 0.891575 0.223285 0.763956 0.779408 0.760806 0.774164 
18 0.707610 0.234962 0.866606 0.234962 0.866606 0.365274 0.707610 0.365274
18 0.156413 0.642083 0.297690 0.642083 0.297690 0.769601 0.156413 0.769601
19 0.056555 0.400785 0.179356 0.400785 0.179356 0.515188 0.056555 0.515188
22 0.238555 0.090115 0.270662 0.090115 0.270662 0.201132 0.238555 0.201132
22 0.597207 0.096737 0.632975 0.096737 0.632975 0.207755 0.597207 0.207755
22 0.376086 0.803748 0.415043 0.803748 0.415043 0.915072 0.376086 0.915072
22 0.888300 0.094182 0.924866 0.094182 0.924866 0.203543 0.888300 0.203543
22 0.083410 0.800973 0.127303 0.800973 0.127303 0.910742 0.083410 0.910742
22 0.745982 0.817537 0.785493 0.817537 0.785493 0.931906 0.745982 0.931906
19 0.840754 0.463367 0.947276 0.463367 0.947276 0.577366 0.840754 0.577366
