13 0.401839 0.196007 0.425300 0.196007 0.425300 0.219817 0.401839 0.219817 0.401839 0.196007
13 0.873749 0.196007 0.897210 0.196007 0.897210 0.219817 0.873749 0.219817 0.873749 0.196007
13 0.133316 0.651991 0.156776 0.651991 0.156776 0.675801 0.133316 0.675801 0.133316 0.651991
13 0.603438 0.650952 0.626899 0.650952 0.626899 0.674762 0.603438 0.674762 0.603438 0.650952
13 0.402596 0.809048 0.426056 0.809048 0.426056 0.832857 0.402596 0.832857 0.402596 0.809048
13 0.873749 0.808755 0.897210 0.808755 0.897210 0.832564 0.873749 0.832564 0.873749 0.808755
9 0.408535 0.204858 0.418604 0.210966 0.150080 0.666950 0.140011 0.660842 
9 0.407704 0.207920 0.419435 0.207905 0.420191 0.820945 0.408461 0.820960 
9 0.142124 0.669057 0.147968 0.658735 0.417248 0.815792 0.411403 0.826113 
9 0.879615 0.201960 0.891345 0.201960 0.891345 0.826612 0.879615 0.826612 
9 0.612244 0.668017 0.618093 0.657697 0.888404 0.815500 0.882555 0.825819 
9 0.880457 0.204838 0.890502 0.210986 0.620191 0.665931 0.610146 0.659783 
22 0.026873 0.600737 0.116972 0.600737 0.116972 0.709130 0.026873 0.709130
22 0.370693 0.844959 0.460886 0.844959 0.460886 0.953035 0.370693 0.953035
22 0.847423 0.843165 0.930884 0.843165 0.930884 0.951869 0.847423 0.951869
22 0.511085 0.600832 0.589014 0.600832 0.589014 0.708911 0.511085 0.708911
22 0.855646 0.069074 0.943909 0.069074 0.943909 0.179198 0.855646 0.179198
22 0.379159 0.067875 0.467752 0.067875 0.467752 0.176725 0.379159 0.176725
5 0.214891 0.376203 0.342361 0.376203 0.342361 0.486696 0.214891 0.486696
5 0.686336 0.376072 0.815060 0.376072 0.815060 0.487424 0.686336 0.487424
2 0.713419 0.684233 0.788997 0.684233 0.788997 0.798144 0.713419 0.798144
2 0.241416 0.684039 0.316691 0.684039 0.316691 0.797705 0.241416 0.797705
