13 0.035882 0.458016 0.060272 0.458016 0.060272 0.483413 0.035882 0.483413 0.035882 0.458016
13 0.125814 0.070663 0.150204 0.070663 0.150204 0.096060 0.125814 0.096060 0.125814 0.070663
13 0.626541 0.149444 0.650931 0.149444 0.650931 0.174841 0.626541 0.174841 0.626541 0.149444
13 0.324909 0.588982 0.349299 0.588982 0.349299 0.614379 0.324909 0.614379 0.324909 0.588982
13 0.826525 0.510327 0.850915 0.510327 0.850915 0.535724 0.826525 0.535724 0.826525 0.510327
13 0.917023 0.899234 0.941413 0.899234 0.941413 0.924631 0.917023 0.924631 0.917023 0.899234
9 0.132082 0.081869 0.143936 0.084853 0.054004 0.472206 0.042150 0.469222 
9 0.050811 0.476389 0.045343 0.465039 0.636002 0.156468 0.641471 0.167818 
9 0.137098 0.089639 0.138920 0.077083 0.639647 0.155865 0.637825 0.168421 
9 0.338012 0.607959 0.336196 0.595402 0.837812 0.516747 0.839628 0.529304 
9 0.832794 0.524520 0.844646 0.521530 0.935144 0.910438 0.923292 0.913428 
9 0.334363 0.607352 0.339845 0.596009 0.931959 0.906261 0.926477 0.917604 
4 0.106706 0.082734 0.256272 0.082734 0.256272 0.208270 0.106706 0.208270
4 0.727646 0.524562 0.872722 0.524562 0.872722 0.647848 0.727646 0.647848
0 0.055315 0.376982 0.135487 0.376982 0.135487 0.457664 0.055315 0.457664
0 0.848118 0.816168 0.929442 0.816168 0.929442 0.894811 0.848118 0.894811
23 0.496604 0.123196 0.601639 0.123196 0.601639 0.235674 0.496604 0.235674
23 0.386893 0.569858 0.485644 0.569858 0.485644 0.675694 0.386893 0.675694
5 0.026849 0.229420 0.166237 0.229420 0.166237 0.327819 0.026849 0.327819
5 0.816106 0.669373 0.954256 0.669373 0.954256 0.767021 0.816106 0.767021
24 0.528938 0.490151 0.652226 0.490151 0.652226 0.638004 0.528938 0.638004
24 0.328729 0.049098 0.451894 0.049098 0.451894 0.198816 0.328729 0.198816
2 0.308544 0.251497 0.385069 0.251497 0.385069 0.381910 0.308544 0.381910
2 0.596714 0.693293 0.675285 0.693293 0.675285 0.822995 0.596714 0.822995
