13 0.037226 0.834903 0.050493 0.834903 0.050493 0.856525 0.037226 0.856525 0.037226 0.834903
13 0.499331 0.834903 0.512598 0.834903 0.512598 0.856525 0.499331 0.856525 0.499331 0.834903
13 0.315121 0.190903 0.328388 0.190903 0.328388 0.212525 0.315121 0.212525 0.315121 0.190903
13 0.451846 0.138396 0.465113 0.138396 0.465113 0.160017 0.451846 0.160017 0.451846 0.138396
13 0.716174 0.754903 0.729441 0.754903 0.729441 0.776525 0.716174 0.776525 0.716174 0.754903
13 0.934770 0.139475 0.948037 0.139475 0.948037 0.161097 0.934770 0.161097 0.934770 0.139475
9 0.043860 0.851120 0.043860 0.840309 0.505965 0.840309 0.505965 0.851120 
9 0.318748 0.203998 0.324761 0.199430 0.508971 0.843430 0.502959 0.847998 
9 0.319041 0.198605 0.324467 0.204824 0.046573 0.848824 0.041147 0.842605 
9 0.455761 0.152302 0.461198 0.146110 0.725526 0.762618 0.720088 0.768810 
9 0.458475 0.154612 0.458484 0.143801 0.941408 0.144880 0.941399 0.155691 
9 0.938533 0.147578 0.944274 0.152994 0.725678 0.768422 0.719937 0.763006 
22 0.421065 0.041549 0.468025 0.041549 0.468025 0.135552 0.421065 0.135552
22 0.933805 0.040268 0.977960 0.040268 0.977960 0.133047 0.933805 0.133047
22 0.284405 0.086299 0.346643 0.086299 0.346643 0.180225 0.284405 0.180225
4 0.502977 0.140622 0.568947 0.140622 0.568947 0.288745 0.502977 0.288745
0 0.676105 0.631834 0.764131 0.631834 0.764131 0.691446 0.676105 0.691446
18 0.141950 0.688118 0.223280 0.688118 0.223280 0.780663 0.141950 0.780663
18 0.369253 0.688305 0.451469 0.688305 0.451469 0.779900 0.369253 0.779900
4 0.086605 0.706734 0.150264 0.706734 0.150264 0.852052 0.086605 0.852052
0 0.428280 0.733098 0.481985 0.733098 0.481985 0.853548 0.428280 0.853548
22 0.697259 0.782437 0.743200 0.782437 0.743200 0.877903 0.697259 0.877903
22 0.015830 0.863870 0.068559 0.863870 0.068559 0.958111 0.015830 0.958111
22 0.492721 0.865268 0.533408 0.865268 0.533408 0.960715 0.492721 0.960715
18 0.657916 0.161898 0.906171 0.161898 0.906171 0.275426 0.657916 0.275426
