13 0.783602 0.812184 0.812588 0.812184 0.812588 0.832803 0.783602 0.832803 0.783602 0.812184
13 0.176936 0.811732 0.205921 0.811732 0.205921 0.832351 0.176936 0.832351 0.176936 0.811732
13 0.174714 0.138968 0.203699 0.138968 0.203699 0.159587 0.174714 0.159587 0.174714 0.138968
13 0.782079 0.138674 0.811064 0.138674 0.811064 0.159293 0.782079 0.159293 0.782079 0.138674
9 0.181960 0.149289 0.196453 0.149265 0.198675 0.822029 0.184182 0.822054 
9 0.189211 0.154432 0.189201 0.144123 0.796567 0.143829 0.796576 0.154138 
9 0.789325 0.148992 0.803818 0.148975 0.805342 0.822485 0.790849 0.822502 
9 0.191421 0.827196 0.191436 0.816887 0.798103 0.817339 0.798088 0.827648 
9 0.790467 0.146206 0.802676 0.151761 0.197533 0.824819 0.185324 0.819264 
22 0.108125 0.046819 0.205223 0.046819 0.205223 0.132437 0.108125 0.132437
22 0.808370 0.046213 0.909488 0.046213 0.909488 0.133925 0.808370 0.133925
10 0.432463 0.109966 0.531531 0.109966 0.531531 0.182752 0.432463 0.182752
10 0.431798 0.782922 0.535973 0.782922 0.535973 0.856474 0.431798 0.856474
22 0.106775 0.840337 0.205894 0.840337 0.205894 0.928481 0.106775 0.928481
22 0.782390 0.840137 0.879810 0.840137 0.879810 0.928550 0.782390 0.928550
12 0.161301 0.127492 0.328579 0.127492 0.328579 0.246329 0.161301 0.246329
12 0.655844 0.720961 0.821700 0.720961 0.821700 0.837988 0.655844 0.837988
