13 0.250149 0.171458 0.276292 0.171458 0.276292 0.200979 0.250149 0.200979 0.250149 0.171458
13 0.769756 0.284488 0.795900 0.284488 0.795900 0.314008 0.769756 0.314008 0.769756 0.284488
13 0.564089 0.498891 0.590232 0.498891 0.590232 0.528411 0.564089 0.528411 0.564089 0.498891
13 0.769756 0.716668 0.795900 0.716668 0.795900 0.746189 0.769756 0.746189 0.769756 0.716668
13 0.247029 0.828097 0.273173 0.828097 0.273173 0.857617 0.247029 0.857617 0.247029 0.828097
9 0.264529 0.848286 0.255673 0.837429 0.778400 0.293820 0.787256 0.304677 
9 0.261984 0.193465 0.264457 0.178972 0.784065 0.292001 0.781592 0.306495 
9 0.258771 0.191625 0.267670 0.180812 0.787277 0.726022 0.778379 0.736835 
9 0.261313 0.850109 0.258889 0.835605 0.781616 0.724177 0.784041 0.738681 
3 0.837526 0.514564 0.817903 0.647345 0.761161 0.765737 0.673448 0.856911 0.564269 0.910987 0.445456 0.922103 0.329884 0.889057 0.230077 0.815428 0.156851 0.709196 0.118140 0.581872 0.118140 0.447255 0.156851 0.319931 0.230077 0.213699 0.329884 0.140071 0.445456 0.107024 0.564269 0.118141 0.673448 0.172216 0.761161 0.263390 0.817903 0.381782 0.837526 0.514564
22 0.143353 0.067423 0.269901 0.067423 0.269901 0.191091 0.143353 0.191091
22 0.808638 0.202520 0.912634 0.202520 0.912634 0.326952 0.808638 0.326952
22 0.420123 0.453519 0.511646 0.453519 0.511646 0.574806 0.420123 0.574806
22 0.820053 0.692675 0.914716 0.692675 0.914716 0.815034 0.820053 0.815034
22 0.124566 0.819575 0.227534 0.819575 0.227534 0.944205 0.124566 0.944205
