13 0.213082 0.055175 0.233754 0.055175 0.233754 0.081234 0.213082 0.081234 0.213082 0.055175
13 0.360501 0.226743 0.381173 0.226743 0.381173 0.252802 0.360501 0.252802 0.360501 0.226743
13 0.786694 0.228935 0.807366 0.228935 0.807366 0.254994 0.786694 0.254994 0.786694 0.228935
13 0.041569 0.288451 0.062241 0.288451 0.062241 0.314510 0.041569 0.314510 0.041569 0.288451
13 0.619477 0.458498 0.640149 0.458498 0.640149 0.484557 0.619477 0.484557 0.619477 0.458498
13 0.192634 0.463221 0.213306 0.463221 0.213306 0.489279 0.192634 0.489279 0.192634 0.463221
13 0.041569 0.587158 0.062241 0.587158 0.062241 0.613217 0.041569 0.613217 0.041569 0.587158
13 0.190159 0.752596 0.210831 0.752596 0.210831 0.778654 0.190159 0.778654 0.190159 0.752596
13 0.618377 0.755721 0.639049 0.755721 0.639049 0.781779 0.618377 0.781779 0.618377 0.755721
9 0.197803 0.476180 0.208138 0.476320 0.205663 0.765695 0.195327 0.765555 
9 0.200465 0.772140 0.200525 0.759110 0.628743 0.762235 0.628683 0.775265 
9 0.203016 0.482764 0.202925 0.469736 0.629768 0.465013 0.629858 0.478042 
9 0.051857 0.309909 0.058854 0.300319 0.206469 0.471455 0.199472 0.481045 
9 0.050695 0.603597 0.057629 0.593934 0.203962 0.760794 0.197028 0.770456 
9 0.370852 0.246287 0.370822 0.233258 0.795627 0.231669 0.795658 0.244698 
9 0.624645 0.471497 0.634981 0.471558 0.633881 0.768780 0.623545 0.768720 
9 0.793057 0.235365 0.800707 0.244127 0.633638 0.475909 0.625988 0.467147 
9 0.221153 0.063458 0.228720 0.072334 0.054596 0.308236 0.047029 0.299361 
9 0.365512 0.233775 0.373122 0.242592 0.203955 0.474589 0.196345 0.465772 
9 0.221417 0.075010 0.228455 0.065469 0.369738 0.231069 0.362700 0.240611 
9 0.047503 0.303809 0.057839 0.303789 0.058202 0.597333 0.047866 0.597353 
12 0.186047 0.055375 0.263566 0.055375 0.263566 0.156352 0.186047 0.156352
19 0.317829 0.097720 0.364341 0.097720 0.364341 0.179153 0.317829 0.179153
19 0.074935 0.127036 0.121447 0.127036 0.121447 0.205212 0.074935 0.205212
8 0.855297 0.224756 0.888889 0.224756 0.888889 0.286645 0.855297 0.286645
12 0.162791 0.384365 0.237726 0.384365 0.237726 0.482085 0.162791 0.482085
12 0.571059 0.456026 0.640827 0.456026 0.640827 0.543974 0.571059 0.543974
8 0.700258 0.462541 0.733850 0.462541 0.733850 0.524430 0.700258 0.524430
19 0.829457 0.462541 0.896641 0.462541 0.896641 0.543974 0.829457 0.543974
19 0.692506 0.586319 0.736434 0.586319 0.736434 0.664495 0.692506 0.664495
12 0.186047 0.693811 0.258398 0.693811 0.258398 0.785016 0.186047 0.785016
8 0.700258 0.723127 0.731266 0.723127 0.731266 0.778502 0.700258 0.778502
8 0.855297 0.719870 0.886305 0.719870 0.886305 0.781759 0.855297 0.781759
8 0.041344 0.837134 0.095607 0.837134 0.095607 0.879479 0.041344 0.879479
19 0.103359 0.820847 0.144703 0.820847 0.144703 0.892508 0.103359 0.892508
8 0.160207 0.837134 0.209302 0.837134 0.209302 0.879479 0.160207 0.879479
8 0.188630 0.837134 0.240310 0.837134 0.240310 0.879479 0.188630 0.879479
19 0.369509 0.814332 0.434109 0.814332 0.434109 0.895765 0.369509 0.895765
8 0.589147 0.837134 0.640827 0.837134 0.640827 0.879479 0.589147 0.879479
