13 0.122042 0.799950 0.137698 0.799950 0.137698 0.820622 0.122042 0.820622 0.122042 0.799950
13 0.816848 0.799950 0.832503 0.799950 0.832503 0.820622 0.816848 0.820622 0.816848 0.799950
13 0.877650 0.420313 0.893306 0.420313 0.893306 0.440985 0.877650 0.440985 0.877650 0.420313
13 0.233153 0.110299 0.248809 0.110299 0.248809 0.130971 0.233153 0.130971 0.233153 0.110299
9 0.237153 0.119560 0.244809 0.121710 0.133698 0.811361 0.126042 0.809210 
9 0.129870 0.815454 0.129870 0.805118 0.824675 0.805118 0.824675 0.815454 
9 0.881649 0.429580 0.889307 0.431719 0.828505 0.811355 0.820846 0.809216 
9 0.239642 0.125491 0.242321 0.115779 0.886818 0.425794 0.884138 0.435505 
10 0.156377 0.331753 0.223421 0.331753 0.223421 0.451886 0.156377 0.451886
10 0.816595 0.554970 0.883445 0.554970 0.883445 0.671671 0.816595 0.671671
18 0.702733 0.434728 0.855819 0.434728 0.855819 0.548934 0.702733 0.548934
18 0.236063 0.207073 0.397185 0.207073 0.397185 0.341690 0.236063 0.341690
18 0.517238 0.669727 0.817240 0.669727 0.817240 0.794375 0.517238 0.794375
18 0.170396 0.667587 0.288392 0.667587 0.288392 0.779945 0.170396 0.779945
