13 0.121184 0.478741 0.134539 0.478741 0.134539 0.499961 0.121184 0.499961 0.121184 0.478741
13 0.263106 0.172247 0.276462 0.172247 0.276462 0.193467 0.263106 0.193467 0.263106 0.172247
13 0.544990 0.172767 0.558346 0.172767 0.558346 0.193987 0.544990 0.193987 0.544990 0.172767
13 0.682335 0.465754 0.695690 0.465754 0.695690 0.486974 0.682335 0.486974 0.682335 0.465754
13 0.544401 0.783676 0.557757 0.783676 0.557757 0.804896 0.544401 0.804896 0.544401 0.783676
13 0.268012 0.786793 0.281367 0.786793 0.281367 0.808013 0.268012 0.808013 0.268012 0.786793
9 0.269780 0.188162 0.269788 0.177552 0.551672 0.178072 0.551664 0.188682 
9 0.267095 0.179713 0.272474 0.186001 0.130551 0.492495 0.125172 0.486207 
9 0.125200 0.492553 0.130523 0.486148 0.277351 0.794200 0.272028 0.800605 
9 0.274713 0.802708 0.274666 0.792098 0.551055 0.788981 0.551103 0.799591 
9 0.686263 0.473353 0.691761 0.479375 0.553828 0.797297 0.548330 0.791275 
9 0.548990 0.186546 0.554346 0.180208 0.691690 0.473195 0.686335 0.479533 
1 0.532554 0.217507 0.676127 0.217507 0.676127 0.273210 0.532554 0.273210
1 0.632721 0.389920 0.767947 0.389920 0.767947 0.488064 0.632721 0.488064
1 0.524207 0.724138 0.676127 0.724138 0.676127 0.771883 0.524207 0.771883
7 0.535758 0.226271 0.566868 0.226271 0.566868 0.264037 0.535758 0.264037
7 0.633349 0.445430 0.661738 0.445430 0.661738 0.482093 0.633349 0.482093
7 0.525378 0.729593 0.554074 0.729593 0.554074 0.766048 0.525378 0.766048
18 0.671171 0.679749 0.873951 0.679749 0.873951 0.803678 0.671171 0.803678
22 0.572405 0.092302 0.631909 0.092302 0.631909 0.198898 0.572405 0.198898
18 0.688233 0.159416 0.892189 0.159416 0.892189 0.281799 0.688233 0.281799
18 0.265239 0.639521 0.470711 0.639521 0.470711 0.761358 0.265239 0.761358
22 0.699110 0.431128 0.760575 0.431128 0.760575 0.536737 0.699110 0.536737
22 0.197150 0.099447 0.254357 0.099447 0.254357 0.202487 0.197150 0.202487
18 0.772243 0.324353 0.973576 0.324353 0.973576 0.445214 0.772243 0.445214
22 0.212811 0.806834 0.270280 0.806834 0.270280 0.912901 0.212811 0.912901
18 0.257689 0.195577 0.457899 0.195577 0.457899 0.313673 0.257689 0.313673
22 0.555862 0.797107 0.616539 0.797107 0.616539 0.902125 0.555862 0.902125
22 0.054620 0.433896 0.110950 0.433896 0.110950 0.541349 0.054620 0.541349
18 0.154921 0.420325 0.355999 0.420325 0.355999 0.541989 0.154921 0.541989
