13 0.624442 0.196839 0.643265 0.196839 0.643265 0.228089 0.624442 0.228089 0.624442 0.196839
13 0.625615 0.756706 0.644439 0.756706 0.644439 0.787956 0.625615 0.787956 0.625615 0.756706
13 0.851344 0.757164 0.870167 0.757164 0.870167 0.788414 0.851344 0.788414 0.851344 0.757164
13 0.114066 0.758291 0.132890 0.758291 0.132890 0.789541 0.114066 0.789541 0.114066 0.758291
9 0.629041 0.211802 0.636869 0.203129 0.864595 0.769649 0.856767 0.778322 
9 0.860694 0.766173 0.860668 0.781798 0.123826 0.778372 0.123852 0.762747 
9 0.126452 0.777057 0.121226 0.764062 0.630342 0.199825 0.635568 0.212821 
9 0.627561 0.206339 0.636973 0.206307 0.637661 0.772828 0.628249 0.772859 
12 0.541176 0.605469 0.647059 0.605469 0.647059 0.796875 0.541176 0.796875
12 0.555294 0.199219 0.684706 0.199219 0.684706 0.417969 0.555294 0.417969
19 0.807059 0.335938 0.924706 0.335938 0.924706 0.476562 0.807059 0.476562
19 0.684706 0.804688 0.814118 0.804688 0.814118 0.941406 0.684706 0.941406
22 0.600000 0.035156 0.658824 0.035156 0.658824 0.183594 0.600000 0.183594
22 0.035294 0.726562 0.105882 0.726562 0.105882 0.855469 0.035294 0.855469
22 0.875294 0.742188 0.936471 0.742188 0.936471 0.871094 0.875294 0.871094
1 0.637647 0.441406 0.802353 0.441406 0.802353 0.554688 0.637647 0.554688
7 0.637647 0.480469 0.701176 0.480469 0.701176 0.558594 0.637647 0.558594
