13 0.215422 0.202885 0.241396 0.202885 0.241396 0.229115 0.215422 0.229115 0.215422 0.202885
13 0.086445 0.493824 0.112419 0.493824 0.112419 0.520054 0.086445 0.520054 0.086445 0.493824
13 0.214286 0.492600 0.240260 0.492600 0.240260 0.518829 0.214286 0.518829 0.214286 0.492600
13 0.478490 0.493824 0.504464 0.493824 0.504464 0.520054 0.478490 0.520054 0.478490 0.493824
13 0.868452 0.492790 0.894426 0.492790 0.894426 0.519020 0.868452 0.519020 0.868452 0.492790
9 0.099440 0.513496 0.099423 0.500381 0.881431 0.499347 0.881448 0.512462 
9 0.225796 0.222003 0.231022 0.209997 0.884053 0.499902 0.878826 0.511908 
9 0.221916 0.215974 0.234903 0.216026 0.233766 0.505740 0.220779 0.505688 
3 0.880828 0.507132 0.859687 0.635072 0.798553 0.749148 0.704053 0.836998 0.586425 0.889102 0.458418 0.899813 0.333902 0.867972 0.226371 0.797027 0.147478 0.694668 0.105772 0.571987 0.105772 0.442277 0.147478 0.319596 0.226371 0.217237 0.333902 0.146292 0.458418 0.114450 0.586425 0.125162 0.704053 0.177266 0.798553 0.265115 0.859687 0.379191 0.880828 0.507132
19 0.521132 0.217271 0.644220 0.217271 0.644220 0.329792 0.521132 0.329792
19 0.245756 0.337537 0.318416 0.337537 0.318416 0.448248 0.245756 0.448248
12 0.128119 0.408163 0.241176 0.408163 0.241176 0.521824 0.128119 0.521824
22 0.435547 0.554951 0.540585 0.554951 0.540585 0.673690 0.435547 0.673690
