13 0.181842 0.560866 0.196630 0.560866 0.196630 0.585256 0.181842 0.585256 0.181842 0.560866
13 0.359273 0.425519 0.374060 0.425519 0.374060 0.449909 0.359273 0.449909 0.359273 0.425519
13 0.629759 0.222091 0.644546 0.222091 0.644546 0.246481 0.629759 0.246481 0.629759 0.222091
13 0.629759 0.426172 0.644546 0.426172 0.644546 0.450562 0.629759 0.450562 0.629759 0.426172
13 0.806842 0.427805 0.821630 0.427805 0.821630 0.452195 0.806842 0.452195 0.806842 0.427805
13 0.629759 0.563315 0.644546 0.563315 0.644546 0.587705 0.629759 0.587705 0.629759 0.563315
13 0.358525 0.562750 0.373313 0.562750 0.373313 0.587140 0.358525 0.587140 0.358525 0.562750
13 0.358926 0.769029 0.373713 0.769029 0.373713 0.793420 0.358926 0.793420 0.358926 0.769029
9 0.189224 0.579159 0.189248 0.566964 0.637165 0.569413 0.637141 0.581608 
9 0.633456 0.228188 0.640850 0.228188 0.640850 0.581608 0.633456 0.581608 
9 0.190777 0.578604 0.187695 0.567519 0.635612 0.228743 0.638694 0.239828 
9 0.362970 0.437704 0.370364 0.437724 0.370016 0.781235 0.362623 0.781214 
9 0.367870 0.786760 0.364769 0.775689 0.812686 0.434464 0.815786 0.445536 
9 0.366655 0.443812 0.366678 0.431617 0.814248 0.433902 0.814225 0.446098 
12 0.567573 0.325406 0.647579 0.325406 0.647579 0.458914 0.567573 0.458914
12 0.567869 0.463761 0.648774 0.463761 0.648774 0.595875 0.567869 0.595875
12 0.352642 0.417155 0.432248 0.417155 0.432248 0.547874 0.352642 0.547874
22 0.642469 0.296002 0.704685 0.296002 0.704685 0.421099 0.642469 0.421099
22 0.606569 0.097718 0.673402 0.097718 0.673402 0.219008 0.606569 0.219008
22 0.328687 0.292114 0.391066 0.292114 0.391066 0.418311 0.328687 0.418311
22 0.322663 0.801971 0.391641 0.801971 0.391641 0.929727 0.322663 0.929727
22 0.093524 0.511635 0.163892 0.511635 0.163892 0.641070 0.093524 0.641070
22 0.627314 0.588910 0.701123 0.588910 0.701123 0.723696 0.627314 0.723696
22 0.788793 0.291560 0.874796 0.291560 0.874796 0.419454 0.788793 0.419454
