13 0.450906 0.191036 0.471262 0.191036 0.471262 0.217703 0.450906 0.217703 0.450906 0.191036
13 0.311718 0.486667 0.332075 0.486667 0.332075 0.513333 0.311718 0.513333 0.311718 0.486667
13 0.817606 0.496667 0.837962 0.496667 0.837962 0.523333 0.817606 0.523333 0.817606 0.496667
13 0.447188 0.785764 0.467544 0.785764 0.467544 0.812431 0.447188 0.812431 0.447188 0.785764
9 0.456753 0.200870 0.465415 0.207869 0.326228 0.503500 0.317565 0.496500 
9 0.317520 0.503402 0.326273 0.496598 0.461743 0.795696 0.452989 0.802500 
9 0.459971 0.804825 0.454761 0.793370 0.825179 0.504273 0.830389 0.515727 
9 0.458352 0.209994 0.463816 0.198745 0.830516 0.504375 0.825052 0.515625 
3 0.583722 0.498674 0.569448 0.610729 0.528173 0.710642 0.464370 0.787585 0.384953 0.833219 0.298528 0.842601 0.214460 0.814712 0.141860 0.752576 0.088595 0.662926 0.060437 0.555476 0.060437 0.441871 0.088595 0.334422 0.141860 0.244772 0.214460 0.182636 0.298528 0.154747 0.384953 0.164129 0.464370 0.209763 0.528173 0.286706 0.569448 0.386618 0.583722 0.498674
18 0.375582 0.425200 0.546507 0.425200 0.546507 0.541136 0.375582 0.541136
18 0.650604 0.467056 0.743935 0.467056 0.743935 0.576829 0.650604 0.576829
22 0.483430 0.070388 0.543989 0.070388 0.543989 0.193071 0.483430 0.193071
22 0.214690 0.423156 0.293590 0.423156 0.293590 0.544468 0.214690 0.544468
22 0.464355 0.794832 0.542750 0.794832 0.542750 0.914358 0.464355 0.914358
22 0.844867 0.442379 0.940155 0.442379 0.940155 0.564926 0.844867 0.564926
