13 0.513018 0.100686 0.534757 0.100686 0.534757 0.133206 0.513018 0.133206 0.513018 0.100686
13 0.957324 0.487311 0.979063 0.487311 0.979063 0.519832 0.957324 0.519832 0.957324 0.487311
13 0.058180 0.487116 0.079919 0.487116 0.079919 0.519637 0.058180 0.519637 0.058180 0.487116
13 0.660886 0.486597 0.682625 0.486597 0.682625 0.519117 0.660886 0.519117 0.660886 0.486597
9 0.069048 0.511507 0.069050 0.495247 0.968194 0.495441 0.968193 0.511702 
9 0.521155 0.123973 0.526621 0.109918 0.970926 0.496544 0.965461 0.510599 
3 0.670483 0.502833 0.654138 0.649364 0.606873 0.780015 0.533811 0.880630 0.442868 0.940305 0.343900 0.952572 0.247632 0.916104 0.164496 0.834851 0.103500 0.717619 0.071255 0.577111 0.071255 0.428555 0.103500 0.288047 0.164496 0.170815 0.247632 0.089562 0.343900 0.053094 0.442868 0.065362 0.533811 0.125036 0.606873 0.225651 0.654138 0.356302 0.670483 0.502833
19 0.746436 0.185884 0.803522 0.185884 0.803522 0.285312 0.746436 0.285312
19 0.345794 0.530181 0.406482 0.530181 0.406482 0.654626 0.345794 0.654626
19 0.763123 0.529232 0.823686 0.529232 0.823686 0.653889 0.763123 0.653889
