13 0.046838 0.160005 0.067946 0.160005 0.067946 0.189202 0.046838 0.189202 0.046838 0.160005
13 0.267338 0.755401 0.288447 0.755401 0.288447 0.784599 0.267338 0.784599 0.267338 0.755401
13 0.630729 0.751932 0.651837 0.751932 0.651837 0.781129 0.630729 0.781129 0.630729 0.751932
13 0.852212 0.753221 0.873321 0.753221 0.873321 0.782418 0.852212 0.782418 0.852212 0.753221
13 0.632616 0.159855 0.653724 0.159855 0.653724 0.189052 0.632616 0.189052 0.632616 0.159855
9 0.277907 0.777299 0.277878 0.762701 0.862752 0.760520 0.862781 0.775119 
9 0.638472 0.177780 0.647867 0.171128 0.867464 0.764493 0.858069 0.771146 
9 0.057393 0.181902 0.057391 0.167304 0.643169 0.167155 0.643171 0.181753 
9 0.052695 0.177931 0.062089 0.171275 0.282589 0.766672 0.273196 0.773328 
9 0.637893 0.174422 0.648447 0.174486 0.646560 0.766563 0.636006 0.766498 
12 0.625776 0.666450 0.711331 0.666450 0.711331 0.783878 0.625776 0.783878
1 0.633245 0.791971 0.875989 0.791971 0.875989 0.846715 0.633245 0.846715
8 0.630234 0.796448 0.688768 0.796448 0.688768 0.844634 0.630234 0.844634
8 0.819184 0.795782 0.879471 0.795782 0.879471 0.844120 0.819184 0.844120
19 0.679929 0.837227 0.828623 0.837227 0.828623 0.936102 0.679929 0.936102
19 0.763566 0.385377 0.950752 0.385377 0.950752 0.491971 0.763566 0.491971
19 0.281746 0.057944 0.472182 0.057944 0.472182 0.160230 0.281746 0.160230
