13 0.163206 0.121973 0.185245 0.121973 0.185245 0.145782 0.163206 0.145782 0.163206 0.121973
13 0.860233 0.246667 0.882271 0.246667 0.882271 0.270476 0.860233 0.270476 0.860233 0.246667
13 0.119332 0.404719 0.141370 0.404719 0.141370 0.428528 0.119332 0.428528 0.119332 0.404719
13 0.817023 0.528095 0.839062 0.528095 0.839062 0.551905 0.817023 0.551905 0.817023 0.528095
13 0.774695 0.809320 0.796734 0.809320 0.796734 0.833129 0.774695 0.833129 0.774695 0.809320
9 0.173325 0.139750 0.175125 0.128005 0.872152 0.252699 0.870352 0.264444 
9 0.865815 0.257607 0.876689 0.259536 0.791151 0.822189 0.780277 0.820260 
9 0.127618 0.421791 0.133085 0.411455 0.788448 0.816056 0.782981 0.826393 
9 0.129461 0.422498 0.131241 0.410749 0.828932 0.534126 0.827152 0.545874 
9 0.171479 0.139038 0.176971 0.128717 0.830789 0.534840 0.825296 0.545160 
22 0.064838 0.065744 0.148721 0.065744 0.148721 0.173888 0.064838 0.173888
22 0.029025 0.333904 0.108289 0.333904 0.108289 0.446133 0.029025 0.446133
22 0.760968 0.832274 0.848920 0.832274 0.848920 0.939178 0.760968 0.939178
22 0.843813 0.497431 0.946191 0.497431 0.946191 0.605369 0.843813 0.605369
22 0.889317 0.148341 0.964103 0.148341 0.964103 0.256202 0.889317 0.256202
2 0.497461 0.125393 0.547609 0.125393 0.547609 0.264627 0.497461 0.264627
2 0.454802 0.405280 0.505308 0.405280 0.505308 0.546432 0.454802 0.546432
12 0.699037 0.510308 0.837313 0.510308 0.837313 0.657723 0.699037 0.657723
12 0.740558 0.226356 0.880874 0.226356 0.880874 0.375351 0.740558 0.375351
