13 0.108065 0.750872 0.129863 0.750872 0.129863 0.786271 0.108065 0.786271 0.108065 0.750872
13 0.039831 0.200925 0.061629 0.200925 0.061629 0.236323 0.039831 0.236323 0.039831 0.200925
13 0.453498 0.202407 0.475297 0.202407 0.475297 0.237805 0.453498 0.237805 0.453498 0.202407
13 0.323608 0.750872 0.345406 0.750872 0.345406 0.786271 0.323608 0.786271 0.323608 0.750872
13 0.606775 0.751149 0.628573 0.751149 0.628573 0.786547 0.606775 0.786547 0.606775 0.751149
13 0.561284 0.376587 0.583082 0.376587 0.583082 0.411985 0.561284 0.411985 0.561284 0.376587
13 0.840459 0.379444 0.862257 0.379444 0.862257 0.414842 0.840459 0.414842 0.840459 0.379444
13 0.753550 0.750971 0.775348 0.750971 0.775348 0.786369 0.753550 0.786369 0.753550 0.750971
9 0.050718 0.227474 0.050742 0.209775 0.464410 0.211256 0.464385 0.228955 
9 0.118964 0.777421 0.118964 0.759722 0.334507 0.759722 0.334507 0.777421 
9 0.045388 0.220372 0.056073 0.216876 0.124306 0.766824 0.113622 0.770319 
9 0.459311 0.216929 0.469484 0.223282 0.339593 0.771748 0.329421 0.765395 
9 0.572149 0.403135 0.572217 0.385436 0.851392 0.388293 0.851324 0.405992 
9 0.617678 0.777697 0.617670 0.759998 0.764445 0.759820 0.764453 0.777520 
9 0.566836 0.395998 0.577530 0.392573 0.623020 0.767136 0.612327 0.770560 
9 0.846264 0.394000 0.856453 0.400285 0.769543 0.771813 0.759354 0.765527 
19 0.610567 0.253966 0.815929 0.253966 0.815929 0.371169 0.610567 0.371169
19 0.190486 0.065184 0.350294 0.065184 0.350294 0.182285 0.190486 0.182285
17 0.076107 0.829774 0.420476 0.829774 0.420476 0.963163 0.076107 0.963163
