13 0.415204 0.936441 0.450918 0.936441 0.450918 0.963559 0.415204 0.963559 0.415204 0.936441
13 0.041381 0.441368 0.077095 0.441368 0.077095 0.468487 0.041381 0.468487 0.041381 0.441368
13 0.791531 0.105385 0.827245 0.105385 0.827245 0.132503 0.791531 0.132503 0.791531 0.105385
9 0.051492 0.458300 0.066984 0.451555 0.440807 0.946628 0.425315 0.953372 
9 0.800944 0.116740 0.817831 0.121149 0.441505 0.952204 0.424618 0.947796 
9 0.063774 0.460767 0.054702 0.449088 0.804852 0.113105 0.813924 0.124784 
12 0.043104 0.407189 0.199866 0.407189 0.199866 0.524646 0.043104 0.524646
19 0.668215 0.513336 0.753824 0.513336 0.753824 0.590120 0.668215 0.590120
19 0.110177 0.674101 0.198871 0.674101 0.198871 0.766512 0.110177 0.766512
19 0.204528 0.149131 0.488391 0.149131 0.488391 0.242296 0.204528 0.242296
