13 0.479600 0.728796 0.498831 0.728796 0.498831 0.751204 0.479600 0.751204 0.479600 0.728796
13 0.180090 0.213367 0.199321 0.213367 0.199321 0.235776 0.180090 0.235776 0.180090 0.213367
13 0.804110 0.211653 0.823341 0.211653 0.823341 0.234062 0.804110 0.234062 0.804110 0.211653
9 0.809845 0.219550 0.817606 0.226164 0.493097 0.743307 0.485335 0.736693 
9 0.189717 0.230174 0.189695 0.218969 0.813714 0.217255 0.813737 0.228459 
9 0.185725 0.227712 0.193687 0.221430 0.493197 0.736859 0.485235 0.743141 
2 0.596923 0.431591 0.705401 0.431591 0.705401 0.530694 0.596923 0.530694
2 0.471411 0.150562 0.530380 0.150562 0.530380 0.296842 0.471411 0.296842
18 0.432608 0.531063 0.572499 0.531063 0.572499 0.650939 0.432608 0.650939
22 0.118326 0.097663 0.199959 0.097663 0.199959 0.213836 0.118326 0.213836
22 0.445827 0.768974 0.539070 0.768974 0.539070 0.890757 0.445827 0.890757
22 0.812421 0.098566 0.890150 0.098566 0.890150 0.217589 0.812421 0.217589
