13 0.150095 0.164019 0.170503 0.164019 0.170503 0.188188 0.150095 0.188188 0.150095 0.164019
13 0.802133 0.166377 0.822542 0.166377 0.822542 0.190546 0.802133 0.190546 0.802133 0.166377
13 0.476840 0.392591 0.497248 0.392591 0.497248 0.416760 0.476840 0.416760 0.476840 0.392591
13 0.325545 0.499344 0.345953 0.499344 0.345953 0.523513 0.325545 0.523513 0.325545 0.499344
13 0.629335 0.500003 0.649743 0.500003 0.649743 0.524173 0.629335 0.524173 0.629335 0.500003
13 0.477719 0.790773 0.498127 0.790773 0.498127 0.814942 0.477719 0.814942 0.477719 0.790773
9 0.157700 0.181303 0.162898 0.170904 0.642138 0.506888 0.636940 0.517287 
9 0.807992 0.175295 0.816683 0.181628 0.492268 0.806024 0.483577 0.799691 
9 0.338341 0.516633 0.333156 0.506224 0.809745 0.173257 0.814930 0.183666 
9 0.155961 0.179284 0.164637 0.172923 0.492261 0.799677 0.483585 0.806038 
22 0.245899 0.507307 0.323461 0.507307 0.323461 0.617880 0.245899 0.617880
22 0.452077 0.831543 0.527494 0.831543 0.527494 0.945287 0.452077 0.945287
22 0.651332 0.497396 0.717267 0.497396 0.717267 0.610627 0.651332 0.610627
22 0.453888 0.248918 0.520152 0.248918 0.520152 0.358040 0.453888 0.358040
22 0.820321 0.047222 0.891302 0.047222 0.891302 0.157209 0.820321 0.157209
22 0.067101 0.049464 0.147901 0.049464 0.147901 0.157935 0.067101 0.157935
0 0.194320 0.214683 0.255312 0.214683 0.255312 0.291032 0.194320 0.291032
0 0.715251 0.216321 0.775924 0.216321 0.775924 0.293411 0.715251 0.293411
