13 0.932695 0.778314 0.949293 0.778314 0.949293 0.804543 0.932695 0.804543 0.932695 0.778314
13 0.033730 0.778885 0.050328 0.778885 0.050328 0.805115 0.033730 0.805115 0.033730 0.778885
13 0.258911 0.777361 0.275509 0.777361 0.275509 0.803591 0.258911 0.803591 0.258911 0.777361
13 0.482643 0.777089 0.499241 0.777089 0.499241 0.803319 0.482643 0.803319 0.482643 0.777089
13 0.707699 0.777654 0.724297 0.777654 0.724297 0.803884 0.707699 0.803884 0.707699 0.777654
9 0.042031 0.798557 0.042027 0.785443 0.940992 0.784871 0.940995 0.797986 
3 0.936281 0.787059 0.912054 1.016505 0.841996 1.221088 0.733699 1.378637 0.598901 1.472079 0.452207 1.491288 0.309514 1.434184 0.186286 1.306953 0.095876 1.123384 0.048081 0.903369 0.048081 0.670749 0.095876 0.450734 0.186286 0.267165 0.309514 0.139934 0.452207 0.082830 0.598901 0.102039 0.733699 0.195481 0.841996 0.353030 0.912054 0.557612 0.936281 0.787059
3 0.264181 0.789230 0.258205 0.845827 0.240924 0.896291 0.214211 0.935152 0.180960 0.958201 0.144776 0.962940 0.109579 0.948854 0.079182 0.917470 0.056881 0.872190 0.045092 0.817920 0.045092 0.760541 0.056881 0.706270 0.079182 0.660990 0.109579 0.629607 0.144776 0.615521 0.180960 0.620259 0.214211 0.643308 0.240924 0.682170 0.258205 0.732634 0.264181 0.789230
3 0.487696 0.788145 0.481707 0.844867 0.464387 0.895443 0.437615 0.934392 0.404290 0.957492 0.368025 0.962241 0.332749 0.948124 0.302285 0.916671 0.279935 0.871289 0.268119 0.816898 0.268119 0.759391 0.279935 0.705000 0.302285 0.659619 0.332749 0.628165 0.368025 0.614048 0.404290 0.618797 0.437615 0.641897 0.464387 0.680846 0.481707 0.731422 0.487696 0.788145
3 0.711611 0.787059 0.705661 0.843408 0.688456 0.893651 0.661860 0.932343 0.628755 0.955291 0.592729 0.960009 0.557685 0.945984 0.527422 0.914738 0.505218 0.869656 0.493481 0.815623 0.493481 0.758495 0.505218 0.704462 0.527422 0.659380 0.557685 0.628133 0.592729 0.614109 0.628755 0.618827 0.661860 0.641775 0.688456 0.680467 0.705661 0.730710 0.711611 0.787059
3 0.935885 0.787059 0.929918 0.843571 0.912663 0.893959 0.885990 0.932763 0.852789 0.955778 0.816659 0.960509 0.781514 0.946444 0.751163 0.915107 0.728896 0.869895 0.717124 0.815706 0.717124 0.758412 0.728896 0.704223 0.751163 0.659010 0.781514 0.627674 0.816659 0.613609 0.852789 0.618340 0.885990 0.641355 0.912663 0.680159 0.929918 0.730547 0.935885 0.787059
19 0.397139 0.828602 0.581154 0.828602 0.581154 0.937912 0.397139 0.937912
