13 0.073716 0.819083 0.091573 0.819083 0.091573 0.843774 0.073716 0.843774 0.073716 0.819083
13 0.807664 0.818424 0.825521 0.818424 0.825521 0.843115 0.807664 0.843115 0.807664 0.818424
13 0.886585 0.192552 0.904442 0.192552 0.904442 0.217244 0.886585 0.217244 0.886585 0.192552
13 0.154295 0.191736 0.172152 0.191736 0.172152 0.216427 0.154295 0.216427 0.154295 0.191736
13 0.480741 0.504797 0.498598 0.504797 0.498598 0.529489 0.480741 0.529489 0.480741 0.504797
9 0.084818 0.836820 0.080471 0.826037 0.893340 0.199506 0.897687 0.210290 
9 0.158828 0.203002 0.167619 0.205161 0.087040 0.832508 0.078249 0.830349 
9 0.163220 0.210254 0.163227 0.197909 0.895517 0.198725 0.895510 0.211071 
9 0.891116 0.203838 0.899912 0.205958 0.820990 0.831830 0.812195 0.829709 
9 0.160679 0.209154 0.165768 0.199010 0.819137 0.825697 0.814048 0.835841 
9 0.082648 0.837601 0.082642 0.825256 0.816590 0.824596 0.816595 0.836942 
22 0.130619 0.082991 0.191621 0.082991 0.191621 0.185786 0.130619 0.185786
22 0.890422 0.082174 0.953273 0.082174 0.953273 0.188259 0.890422 0.188259
2 0.290999 0.300868 0.357927 0.300868 0.357927 0.416646 0.290999 0.416646
5 0.652452 0.294095 0.731514 0.294095 0.731514 0.424742 0.652452 0.424742
22 0.475558 0.383312 0.531336 0.383312 0.531336 0.486665 0.475558 0.486665
5 0.243755 0.604549 0.322520 0.604549 0.322520 0.735843 0.243755 0.735843
2 0.619892 0.613441 0.687216 0.613441 0.687216 0.727712 0.619892 0.727712
22 0.022453 0.842061 0.081807 0.842061 0.081807 0.948887 0.022453 0.948887
22 0.809200 0.843209 0.870408 0.843209 0.870408 0.948235 0.809200 0.948235
