13 0.080968 0.819374 0.094930 0.819374 0.094930 0.851632 0.080968 0.851632 0.080968 0.819374
13 0.885400 0.741563 0.899362 0.741563 0.899362 0.773821 0.885400 0.773821 0.885400 0.741563
13 0.578404 0.450143 0.592365 0.450143 0.592365 0.482401 0.578404 0.482401 0.578404 0.450143
13 0.261353 0.156948 0.275314 0.156948 0.275314 0.189206 0.261353 0.189206 0.261353 0.156948
9 0.088095 0.843560 0.087803 0.827446 0.892235 0.749635 0.892527 0.765750 
9 0.267022 0.180550 0.269645 0.165603 0.893692 0.750219 0.891069 0.765166 
9 0.265379 0.168782 0.271288 0.177372 0.090903 0.839798 0.084994 0.831208 
9 0.089016 0.843181 0.086881 0.827825 0.584317 0.458594 0.586452 0.473950 
22 0.208035 0.039898 0.256884 0.039898 0.256884 0.170867 0.208035 0.170867
2 0.405416 0.247971 0.445277 0.247971 0.445277 0.390004 0.405416 0.390004
22 0.599543 0.321003 0.650002 0.321003 0.650002 0.451144 0.599543 0.451144
16 0.461034 0.395497 0.502355 0.395497 0.502355 0.521857 0.461034 0.521857
2 0.147870 0.451015 0.206583 0.451015 0.206583 0.556976 0.147870 0.556976
16 0.145344 0.630960 0.179883 0.630960 0.179883 0.759929 0.145344 0.759929
16 0.321151 0.662460 0.361055 0.662460 0.361055 0.786679 0.321151 0.786679
22 0.905263 0.693585 0.951028 0.693585 0.951028 0.831147 0.905263 0.831147
22 0.025116 0.754502 0.070743 0.754502 0.070743 0.888824 0.025116 0.888824
