13 0.084518 0.093750 0.099037 0.093750 0.099037 0.123601 0.084518 0.123601 0.084518 0.093750
13 0.911629 0.092837 0.926148 0.092837 0.926148 0.122688 0.911629 0.122688 0.911629 0.092837
13 0.497333 0.165253 0.511852 0.165253 0.511852 0.195104 0.497333 0.195104 0.497333 0.165253
13 0.084407 0.241924 0.098926 0.241924 0.098926 0.271775 0.084407 0.271775 0.084407 0.241924
13 0.910689 0.242714 0.925208 0.242714 0.925208 0.272565 0.910689 0.272565 0.910689 0.242714
13 0.497740 0.553568 0.512260 0.553568 0.512260 0.583419 0.497740 0.583419 0.497740 0.553568
13 0.084172 0.862053 0.098691 0.862053 0.098691 0.891904 0.084172 0.891904 0.084172 0.862053
13 0.911458 0.864421 0.925977 0.864421 0.925977 0.894272 0.911458 0.894272 0.911458 0.864421
9 0.090051 0.111318 0.090063 0.096393 0.917071 0.099220 0.917059 0.114145 
9 0.913436 0.106710 0.920695 0.106655 0.922070 0.876951 0.914811 0.877006 
9 0.919681 0.869966 0.917199 0.883992 0.089503 0.264928 0.091985 0.250902 
9 0.091066 0.265348 0.090422 0.250482 0.916744 0.099249 0.917387 0.114116 
9 0.089729 0.111288 0.090384 0.096423 0.917393 0.250483 0.916738 0.265347 
9 0.915823 0.250903 0.918308 0.264927 0.091987 0.883990 0.089501 0.869967 
9 0.090744 0.884441 0.090744 0.869516 0.918440 0.869516 0.918440 0.884441 
9 0.086427 0.103883 0.093686 0.103828 0.095061 0.876951 0.087802 0.877006 
22 0.027693 0.204985 0.077223 0.204985 0.077223 0.327499 0.027693 0.327499
22 0.929671 0.215385 0.975958 0.215385 0.975958 0.335136 0.929671 0.335136
22 0.485299 0.398742 0.533308 0.398742 0.533308 0.523920 0.485299 0.523920
22 0.029753 0.810807 0.076416 0.810807 0.076416 0.935055 0.029753 0.935055
22 0.929135 0.811055 0.972879 0.811055 0.972879 0.936479 0.929135 0.936479
