13 0.834056 0.758945 0.858008 0.758945 0.858008 0.787722 0.834056 0.787722 0.834056 0.758945
13 0.834320 0.237675 0.858272 0.237675 0.858272 0.266452 0.834320 0.266452 0.834320 0.237675
13 0.154691 0.237040 0.178643 0.237040 0.178643 0.265817 0.154691 0.265817 0.154691 0.237040
13 0.156445 0.758243 0.180397 0.758243 0.180397 0.787020 0.156445 0.787020 0.156445 0.758243
9 0.168416 0.779826 0.168426 0.765437 0.846037 0.766139 0.846027 0.780528 
9 0.840308 0.252059 0.852284 0.252068 0.852020 0.773338 0.840044 0.773329 
9 0.166662 0.258623 0.166671 0.244234 0.846301 0.244869 0.846292 0.259258 
9 0.160679 0.251458 0.172655 0.251399 0.174409 0.772602 0.162433 0.772661 
22 0.078394 0.106356 0.163453 0.106356 0.163453 0.224753 0.078394 0.224753
22 0.837936 0.105046 0.920644 0.105046 0.920644 0.224203 0.837936 0.224203
5 0.461961 0.172351 0.552191 0.172351 0.552191 0.324887 0.461961 0.324887
2 0.104961 0.468157 0.229443 0.468157 0.229443 0.539502 0.104961 0.539502
2 0.781321 0.466947 0.905674 0.466947 0.905674 0.539578 0.781321 0.539578
5 0.461628 0.693028 0.553003 0.693028 0.553003 0.847565 0.461628 0.847565
22 0.084442 0.796310 0.164800 0.796310 0.164800 0.916735 0.084442 0.916735
22 0.838367 0.795102 0.920281 0.795102 0.920281 0.917065 0.838367 0.917065
12 0.143981 0.223308 0.284604 0.223308 0.284604 0.393121 0.143981 0.393121
12 0.726825 0.222930 0.865162 0.222930 0.865162 0.392102 0.726825 0.392102
12 0.144596 0.624332 0.283972 0.624332 0.283972 0.795498 0.144596 0.795498
12 0.728013 0.625906 0.864616 0.625906 0.864616 0.796340 0.728013 0.796340
