13 0.544339 0.167782 0.568655 0.167782 0.568655 0.194718 0.544339 0.194718 0.544339 0.167782
13 0.764026 0.232686 0.788342 0.232686 0.788342 0.259622 0.764026 0.259622 0.764026 0.232686
13 0.842079 0.255282 0.866395 0.255282 0.866395 0.282218 0.842079 0.282218 0.842079 0.255282
13 0.190889 0.435132 0.215205 0.435132 0.215205 0.462068 0.190889 0.462068 0.190889 0.435132
13 0.396412 0.762232 0.420728 0.762232 0.420728 0.789168 0.396412 0.789168 0.396412 0.762232
13 0.619480 0.830282 0.643796 0.830282 0.643796 0.857218 0.619480 0.857218 0.619480 0.830282
13 0.696881 0.852157 0.721198 0.852157 0.721198 0.879093 0.696881 0.879093 0.696881 0.852157
13 0.066937 0.532900 0.091253 0.532900 0.091253 0.559836 0.066937 0.559836 0.066937 0.532900
9 0.548171 0.176002 0.559921 0.179461 0.416302 0.778115 0.404552 0.774656 
9 0.082571 0.549390 0.075620 0.538340 0.549951 0.172206 0.556902 0.183256 
9 0.553043 0.181478 0.556287 0.168498 0.855905 0.260388 0.852661 0.273368 
9 0.409471 0.783576 0.412621 0.770567 0.710615 0.859121 0.707464 0.872129 
3 0.761571 0.473973 0.746402 0.574667 0.702540 0.664450 0.634737 0.733592 0.550342 0.774600 0.458499 0.783030 0.369162 0.757969 0.292010 0.702133 0.235406 0.621572 0.205482 0.525016 0.205482 0.422929 0.235406 0.326373 0.292010 0.245812 0.369162 0.189976 0.458499 0.164915 0.550342 0.173346 0.634737 0.214353 0.702540 0.283495 0.746402 0.373278 0.761571 0.473973
22 0.528875 0.077441 0.607903 0.077441 0.607903 0.168350 0.528875 0.168350
22 0.750760 0.121212 0.826748 0.121212 0.826748 0.212121 0.750760 0.212121
18 0.389058 0.282828 0.510638 0.282828 0.510638 0.377104 0.389058 0.377104
22 0.118541 0.377104 0.191489 0.377104 0.191489 0.468013 0.118541 0.468013
18 0.772036 0.501684 0.927052 0.501684 0.927052 0.599327 0.772036 0.599327
22 0.349544 0.781145 0.422492 0.781145 0.422492 0.875421 0.349544 0.875421
22 0.553191 0.858586 0.653495 0.858586 0.653495 0.952862 0.553191 0.952862
