13 0.101995 0.586954 0.125456 0.586954 0.125456 0.621142 0.101995 0.621142 0.101995 0.586954
13 0.312191 0.474106 0.335652 0.474106 0.335652 0.508294 0.312191 0.508294 0.312191 0.474106
13 0.475878 0.821306 0.499338 0.821306 0.499338 0.855494 0.475878 0.855494 0.475878 0.821306
13 0.817682 0.208620 0.841142 0.208620 0.841142 0.242808 0.817682 0.242808 0.817682 0.208620
9 0.115726 0.612082 0.111725 0.596013 0.827412 0.217680 0.831412 0.233749 
9 0.111408 0.611899 0.116043 0.596196 0.489925 0.830548 0.485290 0.846252 
3 0.884879 0.463675 0.869641 0.596746 0.825579 0.715397 0.757467 0.806770 0.672686 0.860964 0.580423 0.872105 0.490678 0.838986 0.413174 0.765196 0.356311 0.658732 0.326251 0.531131 0.326251 0.396220 0.356311 0.268618 0.413174 0.162154 0.490678 0.088365 0.580423 0.055246 0.672686 0.066387 0.757467 0.120580 0.825579 0.211953 0.869641 0.330604 0.884879 0.463675
19 0.545518 0.242678 0.601506 0.242678 0.601506 0.337709 0.545518 0.337709
19 0.243573 0.738179 0.302727 0.738179 0.302727 0.854439 0.243573 0.854439
19 0.199747 0.400220 0.256962 0.400220 0.256962 0.516837 0.199747 0.516837
22 0.845681 0.121594 0.923862 0.121594 0.923862 0.247349 0.845681 0.247349
22 0.359560 0.479114 0.426631 0.479114 0.426631 0.602230 0.359560 0.602230
22 0.429876 0.857887 0.508420 0.857887 0.508420 0.979821 0.429876 0.979821
22 0.026163 0.543267 0.099648 0.543267 0.099648 0.670580 0.026163 0.670580
