13 0.084685 0.112165 0.099418 0.112165 0.099418 0.137724 0.084685 0.137724 0.084685 0.112165
13 0.259300 0.284908 0.274033 0.284908 0.274033 0.310467 0.259300 0.310467 0.259300 0.284908
13 0.917300 0.475082 0.932033 0.475082 0.932033 0.500641 0.917300 0.500641 0.917300 0.475082
13 0.831351 0.561698 0.846084 0.561698 0.846084 0.587257 0.831351 0.587257 0.831351 0.561698
13 0.684300 0.708112 0.699033 0.708112 0.699033 0.733671 0.684300 0.733671 0.684300 0.708112
13 0.085014 0.822481 0.099747 0.822481 0.099747 0.848040 0.085014 0.848040 0.085014 0.822481
13 0.569496 0.824011 0.584229 0.824011 0.584229 0.849570 0.569496 0.849570 0.569496 0.824011
13 0.798189 0.823829 0.812922 0.823829 0.812922 0.849388 0.798189 0.849388 0.798189 0.823829
13 0.916919 0.822481 0.931652 0.822481 0.931652 0.848040 0.916919 0.848040 0.916919 0.822481
9 0.092381 0.841650 0.092381 0.828870 0.924286 0.828870 0.924286 0.841650 
9 0.920983 0.487849 0.928350 0.487873 0.927969 0.835272 0.920602 0.835248 
9 0.578707 0.842322 0.575019 0.831259 0.922823 0.482330 0.926511 0.493393 
9 0.090215 0.130484 0.093887 0.119405 0.807391 0.831069 0.803720 0.842148 
9 0.088368 0.124950 0.095735 0.124939 0.096064 0.835255 0.088698 0.835265 
9 0.263456 0.294555 0.269877 0.300820 0.095591 0.838393 0.089171 0.832128 
9 0.835517 0.577639 0.841919 0.571317 0.927487 0.832099 0.921085 0.838421 
22 0.024033 0.030128 0.079692 0.030128 0.079692 0.136720 0.024033 0.136720
22 0.261997 0.177168 0.323750 0.177168 0.323750 0.288601 0.261997 0.288601
12 0.201700 0.248524 0.272713 0.248524 0.272713 0.371794 0.201700 0.371794
22 0.918263 0.363816 0.977089 0.363816 0.977089 0.471129 0.918263 0.471129
22 0.783573 0.439902 0.844296 0.439902 0.844296 0.548428 0.783573 0.548428
19 0.195283 0.538211 0.236356 0.538211 0.236356 0.640002 0.195283 0.640002
12 0.794523 0.558834 0.868896 0.558834 0.868896 0.689289 0.794523 0.689289
12 0.080071 0.738361 0.147286 0.738361 0.147286 0.855994 0.080071 0.855994
12 0.867971 0.738537 0.935207 0.738537 0.935207 0.855070 0.867971 0.855070
19 0.329246 0.853837 0.372305 0.853837 0.372305 0.953554 0.329246 0.953554
19 0.835118 0.855114 0.869691 0.855114 0.869691 0.954221 0.835118 0.954221
22 0.028690 0.865275 0.084910 0.865275 0.084910 0.973327 0.028690 0.973327
22 0.539180 0.871129 0.595041 0.871129 0.595041 0.979390 0.539180 0.979390
19 0.663392 0.866172 0.706674 0.866172 0.706674 0.969433 0.663392 0.969433
22 0.769642 0.864304 0.828614 0.864304 0.828614 0.974567 0.769642 0.974567
22 0.918703 0.868049 0.975822 0.868049 0.975822 0.977924 0.918703 0.977924
