13 0.295530 0.756682 0.315480 0.756682 0.315480 0.781604 0.295530 0.781604 0.295530 0.756682
13 0.809362 0.756770 0.829312 0.756770 0.829312 0.781692 0.809362 0.781692 0.809362 0.756770
13 0.681411 0.537063 0.701361 0.537063 0.701361 0.561985 0.681411 0.561985 0.681411 0.537063
13 0.501493 0.227539 0.521443 0.227539 0.521443 0.252461 0.501493 0.252461 0.501493 0.227539
13 0.382227 0.536110 0.402177 0.536110 0.402177 0.561032 0.382227 0.561032 0.382227 0.536110
9 0.506983 0.237275 0.515953 0.242725 0.309990 0.771867 0.301019 0.766418 
9 0.507433 0.243663 0.515503 0.236337 0.823371 0.765568 0.815302 0.772894 
9 0.305504 0.775373 0.305505 0.762912 0.819337 0.763000 0.819336 0.775461 
9 0.392189 0.554802 0.392215 0.542341 0.691399 0.543293 0.691374 0.555754 
10 0.514266 0.513888 0.580845 0.513888 0.580845 0.585278 0.514266 0.585278
10 0.513242 0.732483 0.584254 0.732483 0.584254 0.805618 0.513242 0.805618
1 0.314214 0.177570 0.418953 0.177570 0.418953 0.429907 0.314214 0.429907
1 0.197007 0.489097 0.294264 0.489097 0.294264 0.728972 0.197007 0.728972
8 0.379942 0.168593 0.420596 0.168593 0.420596 0.233011 0.379942 0.233011
8 0.196706 0.662290 0.234442 0.662290 0.234442 0.722168 0.196706 0.722168
19 0.606028 0.311770 0.762545 0.311770 0.762545 0.400326 0.606028 0.400326
19 0.267617 0.405379 0.337194 0.405379 0.337194 0.487796 0.267617 0.487796
22 0.269312 0.777071 0.333707 0.777071 0.333707 0.864011 0.269312 0.864011
22 0.317157 0.482487 0.376784 0.482487 0.376784 0.570031 0.317157 0.570031
22 0.780767 0.776998 0.847724 0.776998 0.847724 0.863643 0.780767 0.863643
22 0.479538 0.138601 0.541364 0.138601 0.541364 0.223749 0.479538 0.223749
22 0.701119 0.488941 0.761503 0.488941 0.761503 0.575911 0.701119 0.575911
19 0.288763 0.590498 0.335509 0.590498 0.335509 0.673601 0.288763 0.673601
19 0.761929 0.594906 0.808578 0.594906 0.808578 0.677065 0.761929 0.677065
