13 0.639692 0.906395 0.656786 0.906395 0.656786 0.933605 0.639692 0.933605 0.639692 0.906395
13 0.364073 0.907067 0.381167 0.907067 0.381167 0.934278 0.364073 0.934278 0.364073 0.907067
13 0.031021 0.568049 0.048115 0.568049 0.048115 0.595260 0.031021 0.595260 0.031021 0.568049
13 0.030598 0.304042 0.047692 0.304042 0.047692 0.331253 0.030598 0.331253 0.030598 0.304042
13 0.363755 0.096236 0.380849 0.096236 0.380849 0.123447 0.363755 0.123447 0.363755 0.096236
13 0.364115 0.304109 0.381209 0.304109 0.381209 0.331320 0.364115 0.331320 0.364115 0.304109
13 0.364707 0.567907 0.381801 0.567907 0.381801 0.595118 0.364707 0.595118 0.364707 0.567907
13 0.638935 0.567235 0.656029 0.567235 0.656029 0.594446 0.638935 0.594446 0.638935 0.567235
13 0.638935 0.303537 0.656029 0.303537 0.656029 0.330748 0.638935 0.330748 0.638935 0.303537
13 0.638935 0.096983 0.656029 0.096983 0.656029 0.124194 0.638935 0.124194 0.638935 0.096983
13 0.939654 0.304109 0.956748 0.304109 0.956748 0.331320 0.939654 0.331320 0.939654 0.304109
13 0.941893 0.568934 0.958987 0.568934 0.958987 0.596145 0.941893 0.596145 0.941893 0.568934
9 0.368029 0.109846 0.376576 0.109837 0.376893 0.920668 0.368346 0.920677 
9 0.643209 0.110598 0.651756 0.110578 0.652513 0.919990 0.643966 0.920010 
9 0.039566 0.588457 0.039571 0.574851 0.950442 0.575737 0.950437 0.589342 
9 0.039145 0.324450 0.039145 0.310844 0.948202 0.310912 0.948201 0.324517 
20 0.398193 0.096503 0.448965 0.096503 0.448965 0.212116 0.398193 0.212116
20 0.668563 0.102336 0.712375 0.102336 0.712375 0.232247 0.668563 0.232247
20 0.902439 0.150727 0.954052 0.150727 0.954052 0.264973 0.902439 0.264973
20 0.902436 0.420284 0.956022 0.420284 0.956022 0.532859 0.902436 0.532859
0 0.270957 0.304281 0.382430 0.304281 0.382430 0.479786 0.270957 0.479786
4 0.533418 0.569443 0.655168 0.569443 0.655168 0.760783 0.533418 0.760783
4 0.259758 0.570097 0.377972 0.570097 0.377972 0.757082 0.259758 0.757082
0 0.362743 0.567950 0.474063 0.567950 0.474063 0.739381 0.362743 0.739381
