13 0.047676 0.871639 0.068294 0.871639 0.068294 0.902647 0.047676 0.902647 0.047676 0.871639
13 0.928254 0.871113 0.948872 0.871113 0.948872 0.902120 0.928254 0.902120 0.928254 0.871113
13 0.736839 0.117483 0.757458 0.117483 0.757458 0.148491 0.736839 0.148491 0.736839 0.117483
13 0.241160 0.117743 0.261778 0.117743 0.261778 0.148751 0.241160 0.148751 0.241160 0.117743
9 0.251471 0.140999 0.251467 0.125495 0.747146 0.125235 0.747150 0.140739 
9 0.742333 0.135753 0.751964 0.130221 0.943378 0.883850 0.933748 0.889383 
9 0.057987 0.894895 0.057983 0.879391 0.938561 0.878865 0.938565 0.894368 
9 0.246660 0.130455 0.256278 0.136038 0.062794 0.889934 0.053176 0.884352 
10 0.448444 0.082784 0.542838 0.082784 0.542838 0.177378 0.448444 0.177378
10 0.448107 0.836974 0.541824 0.836974 0.541824 0.932088 0.448107 0.932088
18 0.247002 0.199561 0.592889 0.199561 0.592889 0.354099 0.247002 0.354099
18 0.110245 0.724521 0.250296 0.724521 0.250296 0.860664 0.110245 0.860664
