13 0.167075 0.303865 0.190535 0.303865 0.190535 0.329102 0.167075 0.329102 0.167075 0.303865
13 0.820717 0.303300 0.844177 0.303300 0.844177 0.328537 0.820717 0.328537 0.820717 0.303300
13 0.493589 0.447382 0.517049 0.447382 0.517049 0.472618 0.493589 0.472618 0.493589 0.447382
13 0.167791 0.590239 0.191251 0.590239 0.191251 0.615475 0.167791 0.615475 0.167791 0.590239
13 0.686045 0.765564 0.709506 0.765564 0.709506 0.790800 0.686045 0.790800 0.686045 0.765564
9 0.178810 0.322793 0.178801 0.310174 0.832442 0.309609 0.832452 0.322228 
9 0.172940 0.316500 0.184670 0.316467 0.185386 0.602840 0.173656 0.602874 
9 0.181739 0.608698 0.177303 0.597017 0.830229 0.310078 0.834665 0.321759 
3 0.856522 0.459399 0.837454 0.582320 0.782316 0.691920 0.697083 0.776322 0.590992 0.826382 0.475539 0.836673 0.363235 0.806080 0.266250 0.737920 0.195094 0.639577 0.157478 0.521709 0.157478 0.397090 0.195094 0.279222 0.266250 0.180879 0.363235 0.112719 0.475539 0.082126 0.590992 0.092417 0.697083 0.142476 0.782316 0.226879 0.837454 0.336479 0.856522 0.459399
22 0.042250 0.259391 0.133757 0.259391 0.133757 0.372565 0.042250 0.372565
22 0.073869 0.598391 0.157824 0.598391 0.157824 0.715109 0.073869 0.715109
22 0.515285 0.467955 0.607519 0.467955 0.607519 0.581194 0.515285 0.581194
22 0.715479 0.783437 0.805182 0.783437 0.805182 0.897132 0.715479 0.897132
22 0.873873 0.258319 0.953169 0.258319 0.953169 0.372328 0.873873 0.372328
