13 0.335319 0.157788 0.354926 0.157788 0.354926 0.188916 0.335319 0.188916 0.335319 0.157788
13 0.204752 0.408706 0.224360 0.408706 0.224360 0.439834 0.204752 0.439834 0.204752 0.408706
13 0.260491 0.820842 0.280099 0.820842 0.280099 0.851970 0.260491 0.851970 0.260491 0.820842
13 0.410146 0.819630 0.429754 0.819630 0.429754 0.850758 0.410146 0.850758 0.410146 0.819630
13 0.466648 0.413554 0.486256 0.413554 0.486256 0.444683 0.466648 0.444683 0.466648 0.413554
13 0.678150 0.379614 0.697758 0.379614 0.697758 0.410742 0.678150 0.410742 0.678150 0.379614
13 0.598742 0.546893 0.618350 0.546893 0.618350 0.578021 0.598742 0.578021 0.598742 0.546893
13 0.630047 0.818418 0.649655 0.818418 0.649655 0.849546 0.630047 0.849546 0.630047 0.818418
13 0.734653 0.817205 0.754261 0.817205 0.754261 0.848334 0.734653 0.848334 0.734653 0.817205
13 0.760613 0.548105 0.780221 0.548105 0.780221 0.579233 0.760613 0.579233 0.760613 0.548105
9 0.218365 0.432806 0.210748 0.423007 0.341314 0.167240 0.348931 0.177039 
9 0.339804 0.173436 0.347387 0.163571 0.482534 0.425398 0.474951 0.435263 
9 0.209770 0.429585 0.219343 0.426228 0.275845 0.832303 0.266272 0.835660 
9 0.272611 0.846613 0.272561 0.831049 0.421452 0.829836 0.421502 0.845400 
9 0.426264 0.841716 0.416690 0.838369 0.473192 0.431081 0.482767 0.434429 
9 0.642178 0.841764 0.642105 0.826200 0.743656 0.824988 0.743730 0.840552 
9 0.646194 0.831317 0.636562 0.834223 0.604493 0.566334 0.614125 0.563428 
9 0.612457 0.569572 0.604634 0.560190 0.684806 0.391699 0.692629 0.401081 
9 0.684898 0.402480 0.692538 0.392725 0.777291 0.560004 0.769652 0.569759 
9 0.746991 0.832931 0.737341 0.830184 0.767883 0.559871 0.777533 0.562619 
19 0.206569 0.221324 0.266348 0.221324 0.266348 0.317616 0.206569 0.317616
22 0.780053 0.518036 0.840576 0.518036 0.840576 0.620009 0.780053 0.620009
22 0.553673 0.514794 0.602967 0.514794 0.602967 0.616664 0.553673 0.616664
22 0.317603 0.058859 0.375648 0.058859 0.375648 0.158404 0.317603 0.158404
19 0.601846 0.396562 0.643894 0.396562 0.643894 0.491051 0.601846 0.491051
22 0.151955 0.379048 0.207472 0.379048 0.207472 0.484348 0.151955 0.484348
22 0.484707 0.380040 0.538602 0.380040 0.538602 0.481301 0.484707 0.481301
22 0.575702 0.820683 0.631471 0.820683 0.631471 0.923078 0.575702 0.923078
22 0.418350 0.821010 0.477687 0.821010 0.477687 0.921388 0.418350 0.921388
22 0.658781 0.282854 0.716136 0.282854 0.716136 0.383315 0.658781 0.383315
22 0.205241 0.820737 0.264035 0.820737 0.264035 0.922750 0.205241 0.922750
22 0.741790 0.821177 0.799854 0.821177 0.799854 0.922392 0.741790 0.922392
19 0.320968 0.842813 0.364918 0.842813 0.364918 0.938300 0.320968 0.938300
19 0.170366 0.583485 0.234226 0.583485 0.234226 0.680129 0.170366 0.680129
