13 0.177851 0.517143 0.192162 0.517143 0.192162 0.540132 0.177851 0.540132 0.177851 0.517143
13 0.451539 0.515915 0.465850 0.515915 0.465850 0.538904 0.451539 0.538904 0.451539 0.515915
13 0.671712 0.515915 0.686024 0.515915 0.686024 0.538904 0.671712 0.538904 0.671712 0.515915
13 0.574622 0.206454 0.588933 0.206454 0.588933 0.229443 0.574622 0.229443 0.574622 0.206454
9 0.187300 0.531928 0.187300 0.520434 0.677339 0.520434 0.677339 0.531928 
9 0.681311 0.522408 0.674896 0.527499 0.579334 0.216810 0.585750 0.211719 
9 0.188126 0.532558 0.184946 0.522261 0.579423 0.207888 0.582603 0.218185 
3 0.898561 0.529727 0.886632 0.644550 0.852141 0.746929 0.798823 0.825772 0.732457 0.872533 0.660234 0.882146 0.589982 0.853569 0.529312 0.789899 0.484800 0.698035 0.461269 0.587932 0.461269 0.471522 0.484800 0.361419 0.529312 0.269555 0.589982 0.205885 0.660234 0.177308 0.732457 0.186921 0.798823 0.233683 0.852141 0.312525 0.886632 0.414905 0.898561 0.529727
1 0.173524 0.603448 0.354204 0.603448 0.354204 0.666667 0.173524 0.666667
1 0.406082 0.603448 0.690519 0.603448 0.690519 0.672414 0.406082 0.672414
8 0.174027 0.608627 0.228091 0.608627 0.228091 0.661492 0.174027 0.661492
8 0.637811 0.609710 0.691956 0.609710 0.691956 0.662125 0.637811 0.662125
19 0.358135 0.254152 0.405872 0.254152 0.405872 0.344009 0.358135 0.344009
22 0.113862 0.476781 0.172366 0.476781 0.172366 0.596865 0.113862 0.596865
19 0.646581 0.277209 0.696752 0.277209 0.696752 0.386740 0.646581 0.386740
22 0.698350 0.512359 0.752087 0.512359 0.752087 0.635431 0.698350 0.635431
22 0.535828 0.072072 0.603290 0.072072 0.603290 0.193519 0.535828 0.193519
19 0.358828 0.586437 0.405070 0.586437 0.405070 0.701546 0.358828 0.701546
