13 0.747540 0.138930 0.774476 0.138930 0.774476 0.164408 0.747540 0.164408 0.747540 0.138930
13 0.743484 0.456811 0.770420 0.456811 0.770420 0.482288 0.743484 0.482288 0.743484 0.456811
13 0.426532 0.538612 0.453468 0.538612 0.453468 0.564090 0.426532 0.564090 0.426532 0.538612
13 0.743675 0.713130 0.770611 0.713130 0.770611 0.738608 0.743675 0.738608 0.743675 0.713130
13 0.152246 0.876450 0.179182 0.876450 0.179182 0.901928 0.152246 0.901928 0.152246 0.876450
9 0.167602 0.895303 0.163827 0.883075 0.755256 0.719755 0.759030 0.731983 
9 0.754275 0.151629 0.767742 0.151710 0.763877 0.725909 0.750409 0.725828 
9 0.755656 0.147804 0.766361 0.155534 0.171067 0.893054 0.160362 0.885324 
9 0.441773 0.557496 0.438227 0.545207 0.755180 0.463405 0.758725 0.475694 
22 0.716943 0.021873 0.820564 0.021873 0.820564 0.124433 0.716943 0.124433
19 0.441202 0.281116 0.556147 0.281116 0.556147 0.380967 0.441202 0.380967
22 0.773751 0.411314 0.873160 0.411314 0.873160 0.518135 0.773751 0.518135
22 0.292607 0.493983 0.389857 0.493983 0.389857 0.599082 0.292607 0.599082
22 0.773319 0.667050 0.875875 0.667050 0.875875 0.773526 0.773319 0.773526
22 0.034311 0.847042 0.139074 0.847042 0.139074 0.954651 0.034311 0.954651
19 0.792224 0.264231 0.987486 0.264231 0.987486 0.366554 0.792224 0.366554
19 0.774588 0.534996 0.970613 0.534996 0.970613 0.626531 0.774588 0.626531
19 0.049734 0.645111 0.260806 0.645111 0.260806 0.739436 0.049734 0.739436
