13 0.293618 0.204982 0.309715 0.204982 0.309715 0.232569 0.293618 0.232569 0.293618 0.204982
13 0.778226 0.246711 0.794323 0.246711 0.794323 0.274297 0.778226 0.274297 0.778226 0.246711
13 0.093618 0.614778 0.109715 0.614778 0.109715 0.642365 0.093618 0.642365 0.093618 0.614778
13 0.380285 0.614778 0.396382 0.614778 0.396382 0.642365 0.380285 0.642365 0.380285 0.614778
13 0.865285 0.656795 0.881382 0.656795 0.881382 0.684381 0.865285 0.684381 0.865285 0.656795
13 0.576952 0.657635 0.593048 0.657635 0.593048 0.685222 0.576952 0.685222 0.576952 0.657635
13 0.510383 0.793938 0.526480 0.793938 0.526480 0.821524 0.510383 0.821524 0.510383 0.793938
13 0.894501 0.793266 0.910597 0.793266 0.910597 0.820852 0.894501 0.820852 0.894501 0.793266
9 0.298580 0.214351 0.304753 0.223200 0.104753 0.632996 0.098580 0.624147 
9 0.297883 0.221126 0.305450 0.216425 0.392117 0.626221 0.384550 0.630921 
9 0.101667 0.635468 0.101667 0.621675 0.388333 0.621675 0.388333 0.635468 
9 0.782494 0.262867 0.790055 0.258142 0.906330 0.804696 0.898768 0.809421 
9 0.518435 0.814628 0.518427 0.800835 0.902545 0.800162 0.902553 0.813955 
9 0.783191 0.256072 0.789358 0.264936 0.521514 0.812163 0.515348 0.803299 
9 0.585007 0.678325 0.584993 0.664532 0.873326 0.663692 0.873340 0.677485 
2 0.165687 0.367957 0.236173 0.367957 0.236173 0.474316 0.165687 0.474316
2 0.650321 0.410340 0.720887 0.410340 0.720887 0.516025 0.650321 0.516025
22 0.485222 0.598201 0.546466 0.598201 0.546466 0.725145 0.485222 0.725145
22 0.443545 0.782626 0.498789 0.782626 0.498789 0.911258 0.443545 0.911258
22 0.395883 0.614756 0.452789 0.614756 0.452789 0.743989 0.395883 0.743989
22 0.029739 0.606244 0.084202 0.606244 0.084202 0.731707 0.029739 0.731707
22 0.278424 0.060047 0.341994 0.060047 0.341994 0.183138 0.278424 0.183138
22 0.763137 0.103512 0.828469 0.103512 0.828469 0.242640 0.763137 0.242640
22 0.890049 0.597794 0.946945 0.597794 0.946945 0.723446 0.890049 0.723446
22 0.914135 0.785822 0.964033 0.785822 0.964033 0.912614 0.914135 0.912614
10 0.689192 0.622905 0.766993 0.622905 0.766993 0.711165 0.689192 0.711165
10 0.670379 0.760135 0.747083 0.760135 0.747083 0.849183 0.670379 0.849183
