13 0.391684 0.793086 0.408316 0.793086 0.408316 0.810180 0.391684 0.810180 0.391684 0.793086
13 0.782160 0.385739 0.798792 0.385739 0.798792 0.402833 0.782160 0.402833 0.782160 0.385739
13 0.214832 0.247643 0.231464 0.247643 0.231464 0.264737 0.214832 0.264737 0.214832 0.247643
9 0.787514 0.391286 0.793438 0.397285 0.402962 0.804632 0.397038 0.798633 
9 0.219203 0.257542 0.227093 0.254839 0.403945 0.800282 0.396055 0.802984 
3 0.800046 0.472212 0.782269 0.581699 0.730866 0.679321 0.651408 0.754500 0.552504 0.799088 0.444872 0.808254 0.340176 0.781005 0.249761 0.720294 0.183426 0.632698 0.148358 0.527712 0.148358 0.416711 0.183426 0.311725 0.249761 0.224130 0.340176 0.163418 0.444872 0.136169 0.552504 0.145335 0.651408 0.189924 0.730866 0.265102 0.782269 0.362725 0.800046 0.472212
22 0.141559 0.157751 0.223631 0.157751 0.223631 0.251033 0.141559 0.251033
22 0.344877 0.816186 0.424335 0.816186 0.424335 0.912464 0.344877 0.912464
22 0.808905 0.304998 0.880802 0.304998 0.880802 0.400109 0.808905 0.400109
18 0.380561 0.609447 0.507601 0.609447 0.507601 0.704443 0.380561 0.704443
