13 0.403102 0.945023 0.419769 0.945023 0.419769 0.971167 0.403102 0.971167 0.403102 0.945023
13 0.074392 0.719880 0.091058 0.719880 0.091058 0.746024 0.074392 0.746024 0.074392 0.719880
13 0.073418 0.252071 0.090085 0.252071 0.090085 0.278215 0.073418 0.278215 0.073418 0.252071
13 0.308779 0.251373 0.325446 0.251373 0.325446 0.277516 0.308779 0.277516 0.308779 0.251373
13 0.283637 0.069785 0.300304 0.069785 0.300304 0.095929 0.283637 0.095929 0.283637 0.069785
13 0.371959 0.719500 0.388625 0.719500 0.388625 0.745643 0.371959 0.745643 0.371959 0.719500
13 0.926755 0.720397 0.943422 0.720397 0.943422 0.746541 0.926755 0.746541 0.926755 0.720397
13 0.925973 0.252642 0.942640 0.252642 0.942640 0.278786 0.925973 0.278786 0.925973 0.252642
9 0.082723 0.739488 0.082727 0.726416 0.935090 0.726933 0.935087 0.740005 
9 0.287896 0.084226 0.296045 0.081489 0.415510 0.956727 0.407361 0.959464 
9 0.081750 0.271679 0.081754 0.258607 0.934308 0.259178 0.934305 0.272250 
20 0.877323 0.299608 0.947245 0.299608 0.947245 0.424668 0.877323 0.424668
20 0.875454 0.565478 0.949731 0.565478 0.949731 0.694881 0.875454 0.694881
18 0.343590 0.288566 0.619349 0.288566 0.619349 0.417366 0.343590 0.417366
18 0.384314 0.578659 0.661641 0.578659 0.661641 0.713380 0.384314 0.713380
