13 0.055840 0.090517 0.072472 0.090517 0.072472 0.113439 0.055840 0.113439 0.055840 0.090517
13 0.849851 0.090357 0.866483 0.090357 0.866483 0.113279 0.849851 0.113279 0.849851 0.090357
13 0.453861 0.432055 0.470493 0.432055 0.470493 0.454978 0.453861 0.454978 0.453861 0.432055
13 0.055999 0.774253 0.072631 0.774253 0.072631 0.797176 0.055999 0.797176 0.055999 0.774253
13 0.850605 0.774253 0.867237 0.774253 0.867237 0.797176 0.850605 0.797176 0.850605 0.774253
9 0.064156 0.107709 0.064155 0.096247 0.858166 0.096088 0.858167 0.107549 
9 0.854009 0.101827 0.862325 0.101809 0.863079 0.785706 0.854763 0.785723 
9 0.064315 0.791445 0.064315 0.779984 0.858921 0.779984 0.858921 0.791445 
9 0.059998 0.101980 0.068314 0.101976 0.068473 0.785712 0.060157 0.785716 
9 0.061954 0.106839 0.066357 0.097117 0.861123 0.780853 0.856719 0.790576 
9 0.066519 0.790574 0.062111 0.780855 0.855963 0.096959 0.860371 0.106678 
12 0.046982 0.078204 0.145139 0.078204 0.145139 0.215291 0.046982 0.215291
12 0.778558 0.080382 0.875592 0.080382 0.875592 0.215261 0.778558 0.215261
2 0.236393 0.220308 0.296515 0.220308 0.296515 0.331795 0.236393 0.331795
2 0.610598 0.236027 0.671114 0.236027 0.671114 0.347804 0.610598 0.347804
19 0.871734 0.381708 0.947748 0.381708 0.947748 0.480059 0.871734 0.480059
2 0.598077 0.528597 0.658909 0.528597 0.658909 0.641151 0.598077 0.641151
2 0.236951 0.545835 0.297293 0.545835 0.297293 0.657889 0.236951 0.657889
12 0.047420 0.672797 0.143889 0.672797 0.143889 0.803922 0.047420 0.803922
12 0.773533 0.673039 0.874515 0.673039 0.874515 0.806330 0.773533 0.806330
19 0.421344 0.816675 0.502244 0.816675 0.502244 0.915925 0.421344 0.915925
