13 0.319569 0.812273 0.345885 0.812273 0.345885 0.859056 0.319569 0.859056 0.319569 0.812273
13 0.648242 0.793295 0.674558 0.793295 0.674558 0.840078 0.648242 0.840078 0.648242 0.793295
13 0.317462 0.167471 0.343778 0.167471 0.343778 0.214255 0.317462 0.214255 0.317462 0.167471
13 0.528250 0.069047 0.554565 0.069047 0.554565 0.115831 0.528250 0.115831 0.528250 0.069047
13 0.437583 0.394360 0.463899 0.394360 0.463899 0.441143 0.437583 0.441143 0.437583 0.394360
9 0.535521 0.087216 0.547294 0.097663 0.338614 0.840888 0.326841 0.830441 
9 0.325826 0.198872 0.335415 0.182854 0.666194 0.808677 0.656606 0.824695 
3 0.730410 0.508562 0.717289 0.648347 0.679348 0.772984 0.620699 0.868966 0.547697 0.925894 0.468253 0.937597 0.390976 0.902807 0.324240 0.825295 0.275277 0.713460 0.249394 0.579421 0.249394 0.437703 0.275277 0.303664 0.324240 0.191828 0.390976 0.114316 0.468253 0.079526 0.547697 0.091229 0.620699 0.148157 0.679348 0.244140 0.717289 0.368777 0.730410 0.508562
18 0.067466 0.454130 0.218888 0.454130 0.218888 0.612242 0.067466 0.612242
18 0.737144 0.225925 0.889119 0.225925 0.889119 0.383046 0.737144 0.383046
16 0.493184 0.316180 0.545786 0.316180 0.545786 0.452151 0.493184 0.452151
