13 0.170791 0.716601 0.187959 0.716601 0.187959 0.736257 0.170791 0.736257 0.170791 0.716601
13 0.748083 0.829537 0.765250 0.829537 0.765250 0.849193 0.748083 0.849193 0.748083 0.829537
13 0.546416 0.201601 0.563584 0.201601 0.563584 0.221257 0.546416 0.221257 0.546416 0.201601
9 0.178652 0.731272 0.180098 0.721585 0.757390 0.834521 0.755944 0.844209 
9 0.550972 0.213124 0.559028 0.209733 0.760695 0.837669 0.752639 0.841061 
9 0.551706 0.208279 0.558294 0.214578 0.182669 0.729578 0.176081 0.723279 
19 0.247593 0.428115 0.308257 0.428115 0.308257 0.524558 0.247593 0.524558
19 0.698134 0.526856 0.759859 0.526856 0.759859 0.623158 0.698134 0.623158
22 0.100534 0.664818 0.171172 0.664818 0.171172 0.772192 0.100534 0.772192
22 0.768919 0.800791 0.851757 0.800791 0.851757 0.908180 0.768919 0.908180
22 0.518781 0.087557 0.598988 0.087557 0.598988 0.190308 0.518781 0.190308
18 0.459413 0.329036 0.588255 0.329036 0.588255 0.436941 0.459413 0.436941
