13 0.024333 0.834958 0.062610 0.834958 0.062610 0.884340 0.024333 0.884340 0.024333 0.834958
13 0.231756 0.657619 0.270033 0.657619 0.270033 0.707001 0.231756 0.707001 0.231756 0.657619
13 0.480861 0.448758 0.519139 0.448758 0.519139 0.498141 0.480861 0.498141 0.480861 0.448758
13 0.728256 0.656959 0.766533 0.656959 0.766533 0.706342 0.728256 0.706342 0.728256 0.656959
13 0.933784 0.833201 0.972062 0.833201 0.972062 0.882584 0.933784 0.882584 0.933784 0.833201
13 0.480143 0.830840 0.518420 0.830840 0.518420 0.880222 0.480143 0.880222 0.480143 0.830840
9 0.043486 0.871995 0.043457 0.847303 0.952909 0.845547 0.952938 0.870238 
9 0.494740 0.483763 0.505260 0.463136 0.958183 0.847579 0.947664 0.868206 
9 0.048719 0.869973 0.038224 0.849325 0.494753 0.463125 0.505247 0.483774 
3 0.796234 0.471009 0.780057 0.596078 0.733278 0.707594 0.660968 0.793473 0.570962 0.844407 0.473014 0.854878 0.377737 0.823751 0.295457 0.754399 0.235089 0.654337 0.203176 0.534408 0.203176 0.407609 0.235089 0.287681 0.295457 0.187619 0.377737 0.118266 0.473014 0.087139 0.570962 0.097610 0.660968 0.148545 0.733278 0.234423 0.780057 0.345939 0.796234 0.471009
19 0.223990 0.864859 0.287280 0.864859 0.287280 0.975004 0.223990 0.975004
22 0.450478 0.312816 0.538662 0.312816 0.538662 0.430203 0.450478 0.430203
19 0.312219 0.460701 0.375039 0.460701 0.375039 0.572247 0.312219 0.572247
19 0.716733 0.865010 0.780069 0.865010 0.780069 0.974132 0.716733 0.974132
19 0.097296 0.648761 0.157399 0.648761 0.157399 0.739396 0.097296 0.739396
