13 0.407420 0.830863 0.423168 0.830863 0.423168 0.868072 0.407420 0.868072 0.407420 0.830863
13 0.044719 0.832226 0.060467 0.832226 0.060467 0.869436 0.044719 0.869436 0.044719 0.832226
13 0.147459 0.102655 0.163207 0.102655 0.163207 0.139864 0.147459 0.139864 0.147459 0.102655
13 0.281709 0.104919 0.297457 0.104919 0.297457 0.142128 0.281709 0.142128 0.281709 0.104919
13 0.564209 0.865254 0.579957 0.865254 0.579957 0.902463 0.564209 0.902463 0.564209 0.865254
13 0.564209 0.105411 0.579957 0.105411 0.579957 0.142620 0.564209 0.142620 0.564209 0.105411
13 0.664570 0.104755 0.680318 0.104755 0.680318 0.141964 0.664570 0.141964 0.664570 0.104755
13 0.665851 0.860043 0.681600 0.860043 0.681600 0.897252 0.665851 0.897252 0.665851 0.860043
13 0.945067 0.308862 0.960815 0.308862 0.960815 0.346071 0.945067 0.346071 0.945067 0.308862
9 0.052599 0.860133 0.052586 0.841529 0.415288 0.840165 0.415300 0.858770 
9 0.152324 0.127258 0.158343 0.115262 0.418304 0.843470 0.412285 0.855465 
9 0.286625 0.129661 0.292542 0.117387 0.575042 0.877721 0.569125 0.889995 
9 0.568146 0.114713 0.576020 0.114713 0.576020 0.893161 0.568146 0.893161 
9 0.668507 0.123397 0.676381 0.123322 0.677662 0.878610 0.669789 0.878685 
9 0.676250 0.885786 0.671201 0.871509 0.950417 0.320328 0.955465 0.334605 
16 0.514148 0.572187 0.557059 0.572187 0.557059 0.723399 0.514148 0.723399
16 0.680684 0.626613 0.722850 0.626613 0.722850 0.772937 0.680684 0.772937
16 0.309388 0.679089 0.354190 0.679089 0.354190 0.820290 0.309388 0.820290
