13 0.017910 0.136458 0.027923 0.136458 0.027923 0.161458 0.017910 0.161458 0.017910 0.136458
13 0.244041 0.137500 0.254054 0.137500 0.254054 0.162500 0.244041 0.162500 0.244041 0.137500
13 0.689279 0.137500 0.699292 0.137500 0.699292 0.162500 0.689279 0.162500 0.689279 0.137500
13 0.971244 0.136458 0.981256 0.136458 0.981256 0.161458 0.971244 0.161458 0.971244 0.136458
13 0.018327 0.823214 0.028340 0.823214 0.028340 0.848214 0.018327 0.848214 0.018327 0.823214
13 0.163327 0.820833 0.173340 0.820833 0.173340 0.845833 0.163327 0.845833 0.163327 0.820833
13 0.608327 0.820833 0.618340 0.820833 0.618340 0.845833 0.608327 0.845833 0.608327 0.820833
13 0.971660 0.823214 0.981673 0.823214 0.981673 0.848214 0.971660 0.848214 0.971660 0.823214
9 0.023333 0.841964 0.023333 0.829464 0.976667 0.829464 0.976667 0.841964 
9 0.022917 0.155208 0.022917 0.142708 0.976250 0.142708 0.976250 0.155208 
9 0.246647 0.148232 0.251449 0.151768 0.170734 0.835101 0.165932 0.831565 
9 0.691885 0.148227 0.696686 0.151773 0.615734 0.835106 0.610933 0.831561 
22 0.226825 0.023697 0.266640 0.023697 0.266640 0.128302 0.226825 0.128302
22 0.675529 0.022014 0.713177 0.022014 0.713177 0.127985 0.675529 0.127985
16 0.250659 0.158859 0.275632 0.158859 0.275632 0.255834 0.250659 0.255834
16 0.695937 0.160026 0.724150 0.160026 0.724150 0.259167 0.695937 0.259167
16 0.134956 0.723620 0.163316 0.723620 0.163316 0.821562 0.134956 0.821562
16 0.579837 0.725649 0.608111 0.725649 0.608111 0.824264 0.579837 0.824264
22 0.140983 0.847477 0.181281 0.847477 0.181281 0.953721 0.140983 0.953721
22 0.586589 0.845477 0.627318 0.845477 0.627318 0.954454 0.586589 0.954454
