13 0.379208 0.888742 0.403598 0.888742 0.403598 0.919512 0.379208 0.919512 0.379208 0.888742
13 0.490067 0.087473 0.514458 0.087473 0.514458 0.118242 0.490067 0.118242 0.490067 0.087473
13 0.910429 0.533473 0.934820 0.533473 0.934820 0.564242 0.910429 0.564242 0.910429 0.533473
13 0.210508 0.895423 0.234898 0.895423 0.234898 0.926192 0.210508 0.926192 0.210508 0.895423
13 0.048891 0.144615 0.073281 0.144615 0.073281 0.175385 0.048891 0.175385 0.048891 0.144615
13 0.382498 0.086953 0.406889 0.086953 0.406889 0.117722 0.382498 0.117722 0.382498 0.086953
9 0.055202 0.162016 0.066970 0.157984 0.228588 0.908792 0.216819 0.912823 
9 0.388804 0.100344 0.400583 0.104332 0.228592 0.912801 0.216814 0.908814 
9 0.496256 0.101535 0.508269 0.104180 0.397409 0.905450 0.385396 0.902804 
9 0.498338 0.108744 0.506187 0.096970 0.926549 0.542970 0.918700 0.554744 
16 0.511406 0.206098 0.579821 0.206098 0.579821 0.327995 0.511406 0.327995
16 0.187793 0.578362 0.252692 0.578362 0.252692 0.702710 0.187793 0.702710
