13 0.139638 0.487030 0.161556 0.487030 0.161556 0.516880 0.139638 0.516880 0.139638 0.487030
13 0.497826 0.774166 0.519744 0.774166 0.519744 0.804016 0.497826 0.804016 0.497826 0.774166
13 0.828714 0.454548 0.850632 0.454548 0.850632 0.484399 0.828714 0.484399 0.828714 0.454548
13 0.660260 0.189360 0.682177 0.189360 0.682177 0.219211 0.660260 0.219211 0.660260 0.189360
13 0.303117 0.203646 0.325035 0.203646 0.325035 0.233497 0.303117 0.233497 0.303117 0.203646
13 0.355205 0.361881 0.377123 0.361881 0.377123 0.391732 0.355205 0.391732 0.355205 0.361881
13 0.395155 0.473350 0.417073 0.473350 0.417073 0.503201 0.395155 0.503201 0.395155 0.473350
13 0.583197 0.461958 0.605115 0.461958 0.605115 0.491808 0.583197 0.491808 0.583197 0.461958
13 0.615473 0.346373 0.637391 0.346373 0.637391 0.376224 0.615473 0.376224 0.615473 0.346373
13 0.487008 0.288485 0.508926 0.288485 0.508926 0.318336 0.487008 0.318336 0.487008 0.288485
9 0.314236 0.226031 0.313915 0.211112 0.671058 0.196826 0.671379 0.211745 
9 0.667075 0.209168 0.675362 0.199403 0.843817 0.464591 0.835529 0.474356 
9 0.511955 0.795178 0.505615 0.783004 0.836503 0.463387 0.842843 0.475561 
9 0.147818 0.508386 0.153377 0.495524 0.511565 0.782660 0.506006 0.795522 
9 0.309767 0.213961 0.318384 0.223182 0.154906 0.506565 0.146288 0.497344 
9 0.309107 0.221717 0.319045 0.215426 0.513754 0.785945 0.503816 0.792236 
9 0.666093 0.201645 0.676343 0.206926 0.513910 0.791731 0.503660 0.786450 
9 0.152718 0.508836 0.148476 0.495074 0.669097 0.197405 0.673339 0.211167 
9 0.150787 0.509413 0.150408 0.494497 0.839483 0.462015 0.839862 0.476932 
9 0.312263 0.225614 0.315888 0.211529 0.841485 0.462431 0.837860 0.476516 
22 0.273185 0.047530 0.358185 0.047530 0.358185 0.176865 0.273185 0.176865
22 0.641238 0.045675 0.723204 0.045675 0.723204 0.175652 0.641238 0.175652
22 0.856445 0.401171 0.934324 0.401171 0.934324 0.533312 0.856445 0.533312
22 0.470741 0.820206 0.545291 0.820206 0.545291 0.951384 0.470741 0.951384
22 0.051847 0.437194 0.124260 0.437194 0.124260 0.572330 0.051847 0.572330
