13 0.313649 0.115551 0.333851 0.115551 0.333851 0.151914 0.313649 0.151914 0.313649 0.115551
13 0.512637 0.306455 0.532839 0.306455 0.532839 0.342818 0.512637 0.342818 0.512637 0.306455
13 0.049899 0.706369 0.070101 0.706369 0.070101 0.742733 0.049899 0.742733 0.049899 0.706369
13 0.922929 0.706913 0.943131 0.706913 0.943131 0.743277 0.922929 0.743277 0.922929 0.706913
9 0.319813 0.128038 0.327687 0.139427 0.063937 0.730245 0.056063 0.718857 
9 0.321353 0.141734 0.326147 0.125731 0.935427 0.717094 0.930633 0.733097 
9 0.059998 0.733642 0.060002 0.715460 0.933032 0.716004 0.933029 0.734186 
9 0.062186 0.732746 0.057814 0.716356 0.520552 0.316441 0.524924 0.332832 
19 0.436287 0.079993 0.493697 0.079993 0.493697 0.198014 0.436287 0.198014
19 0.740452 0.357915 0.800306 0.357915 0.800306 0.504053 0.740452 0.504053
19 0.451466 0.763886 0.541195 0.763886 0.541195 0.910411 0.451466 0.910411
19 0.060101 0.257835 0.181075 0.257835 0.181075 0.409605 0.060101 0.409605
0 0.111283 0.562564 0.157679 0.562564 0.157679 0.660328 0.111283 0.660328
0 0.156347 0.613509 0.195650 0.613509 0.195650 0.741639 0.156347 0.741639
