13 0.212036 0.146932 0.227131 0.146932 0.227131 0.177235 0.212036 0.177235 0.212036 0.146932
13 0.395786 0.319293 0.410881 0.319293 0.410881 0.349596 0.395786 0.349596 0.395786 0.319293
13 0.274119 0.811515 0.289214 0.811515 0.289214 0.841818 0.274119 0.841818 0.274119 0.811515
13 0.918953 0.810848 0.934047 0.810848 0.934047 0.841152 0.918953 0.841152 0.918953 0.810848
13 0.044119 0.811515 0.059214 0.811515 0.059214 0.841818 0.044119 0.841818 0.044119 0.811515
9 0.051668 0.834242 0.051665 0.819091 0.926499 0.818424 0.926501 0.833576 
9 0.217984 0.168945 0.221182 0.155221 0.928099 0.819138 0.924901 0.832862 
9 0.216218 0.158656 0.222949 0.165510 0.055032 0.830094 0.048301 0.823240 
9 0.399953 0.331077 0.406714 0.337812 0.285047 0.830034 0.278286 0.823299 
22 0.190469 0.012935 0.248460 0.012935 0.248460 0.137158 0.190469 0.137158
22 0.392243 0.182480 0.451669 0.182480 0.451669 0.309163 0.392243 0.309163
10 0.099138 0.430864 0.158997 0.430864 0.158997 0.574944 0.099138 0.574944
10 0.302165 0.527294 0.362031 0.527294 0.362031 0.670129 0.302165 0.670129
22 0.935217 0.767747 0.992511 0.767747 0.992511 0.896884 0.935217 0.896884
22 0.013355 0.849298 0.071103 0.849298 0.071103 0.972698 0.013355 0.972698
22 0.239798 0.848029 0.295620 0.848029 0.295620 0.970535 0.239798 0.970535
