13 0.091269 0.809235 0.113932 0.809235 0.113932 0.839654 0.091269 0.839654 0.091269 0.809235
13 0.392392 0.258838 0.415055 0.258838 0.415055 0.289257 0.392392 0.289257 0.392392 0.258838
13 0.469307 0.813934 0.491970 0.813934 0.491970 0.844352 0.469307 0.844352 0.469307 0.813934
13 0.784413 0.813362 0.807076 0.813362 0.807076 0.843781 0.784413 0.843781 0.784413 0.813362
13 0.625751 0.484791 0.648414 0.484791 0.648414 0.515209 0.625751 0.515209 0.625751 0.484791
9 0.399157 0.269547 0.408290 0.278549 0.107167 0.828945 0.098034 0.819943 
9 0.102575 0.832049 0.102626 0.816840 0.795770 0.820967 0.795720 0.836176 
3 0.925275 0.498310 0.909635 0.624116 0.864407 0.736288 0.794494 0.822672 0.707471 0.873907 0.612769 0.884439 0.520650 0.853129 0.441097 0.783368 0.382730 0.682717 0.351875 0.562083 0.351875 0.434538 0.382730 0.313903 0.441097 0.213252 0.520650 0.143491 0.612769 0.112181 0.707471 0.122714 0.794494 0.173948 0.864407 0.260332 0.909635 0.372504 0.925275 0.498310
19 0.152856 0.488722 0.228918 0.488722 0.228918 0.585021 0.152856 0.585021
22 0.596312 0.367428 0.663680 0.367428 0.663680 0.467048 0.596312 0.467048
22 0.754364 0.851896 0.824652 0.851896 0.824652 0.949924 0.754364 0.949924
22 0.053011 0.851044 0.134297 0.851044 0.134297 0.951805 0.053011 0.951805
22 0.290336 0.254360 0.355517 0.254360 0.355517 0.353158 0.290336 0.353158
19 0.259798 0.837758 0.312769 0.837758 0.312769 0.929466 0.259798 0.929466
22 0.446763 0.852151 0.511015 0.852151 0.511015 0.950181 0.446763 0.950181
19 0.606258 0.713788 0.658335 0.713788 0.658335 0.808787 0.606258 0.808787
