13 0.847124 0.084283 0.887941 0.084283 0.887941 0.111310 0.847124 0.111310 0.847124 0.084283
13 0.331020 0.606585 0.371837 0.606585 0.371837 0.633612 0.331020 0.633612 0.331020 0.606585
13 0.115265 0.828261 0.156082 0.828261 0.156082 0.855288 0.115265 0.855288 0.115265 0.828261
13 0.848009 0.828010 0.888825 0.828010 0.888825 0.855037 0.848009 0.855037 0.848009 0.828010
9 0.135679 0.848532 0.135668 0.835018 0.868412 0.834767 0.868422 0.848280 
9 0.858982 0.094108 0.876083 0.101484 0.144224 0.845463 0.127123 0.838087 
9 0.857328 0.097801 0.877737 0.097791 0.878621 0.841518 0.858213 0.841529 
9 0.345887 0.625771 0.356970 0.614425 0.873959 0.835850 0.862875 0.847197 
19 0.355852 0.270886 0.541089 0.270886 0.541089 0.382685 0.355852 0.382685
19 0.095199 0.625067 0.212866 0.625067 0.212866 0.729925 0.095199 0.729925
19 0.604397 0.583276 0.729538 0.583276 0.729538 0.695821 0.604397 0.695821
19 0.437087 0.868242 0.552534 0.868242 0.552534 0.954674 0.437087 0.954674
12 0.334529 0.537213 0.543580 0.537213 0.543580 0.674938 0.334529 0.674938
12 0.714155 0.738179 0.896806 0.738179 0.896806 0.859092 0.714155 0.859092
