13 0.295129 0.103759 0.309595 0.103759 0.309595 0.124812 0.295129 0.124812 0.295129 0.103759
13 0.943554 0.466617 0.958021 0.466617 0.958021 0.487669 0.943554 0.487669 0.943554 0.466617
13 0.502609 0.495188 0.517076 0.495188 0.517076 0.516241 0.502609 0.516241 0.502609 0.495188
13 0.051166 0.526140 0.065632 0.526140 0.065632 0.547193 0.051166 0.547193 0.051166 0.526140
13 0.708515 0.886617 0.722981 0.886617 0.722981 0.907669 0.708515 0.907669 0.708515 0.886617
9 0.058565 0.541924 0.058233 0.531409 0.950622 0.471885 0.950953 0.482400 
9 0.301064 0.119198 0.303660 0.109373 0.952085 0.472230 0.949489 0.482055 
9 0.299494 0.117493 0.305230 0.111079 0.718616 0.893936 0.712880 0.900350 
9 0.057124 0.541592 0.059674 0.531742 0.717023 0.892218 0.714473 0.902068 
22 0.275411 0.018302 0.324760 0.018302 0.324760 0.099507 0.275411 0.099507
5 0.595493 0.244097 0.641710 0.244097 0.641710 0.338067 0.595493 0.338067
2 0.388826 0.298481 0.446774 0.298481 0.446774 0.368864 0.388826 0.368864
22 0.932848 0.382848 0.984548 0.382848 0.984548 0.464368 0.932848 0.464368
22 0.406391 0.417226 0.456265 0.417226 0.456265 0.499013 0.406391 0.499013
22 0.029509 0.443286 0.079372 0.443286 0.079372 0.523430 0.029509 0.523430
2 0.695967 0.444208 0.730324 0.444208 0.730324 0.540960 0.695967 0.540960
24 0.255913 0.470107 0.309687 0.470107 0.309687 0.569989 0.255913 0.569989
18 0.416268 0.516943 0.514696 0.516943 0.514696 0.598888 0.416268 0.598888
2 0.573404 0.651217 0.632969 0.651217 0.632969 0.722261 0.573404 0.722261
5 0.354798 0.660712 0.404984 0.660712 0.404984 0.763272 0.354798 0.763272
22 0.689213 0.904491 0.740428 0.904491 0.740428 0.984950 0.689213 0.984950
