13 0.204919 0.198981 0.231675 0.198981 0.231675 0.227051 0.204919 0.227051 0.204919 0.198981
13 0.748451 0.197730 0.775207 0.197730 0.775207 0.225800 0.748451 0.225800 0.748451 0.197730
13 0.204919 0.483743 0.231675 0.483743 0.231675 0.511813 0.204919 0.511813 0.204919 0.483743
13 0.478470 0.483108 0.505226 0.483108 0.505226 0.511178 0.478470 0.511178 0.478470 0.483108
13 0.747763 0.483679 0.774519 0.483679 0.774519 0.511749 0.747763 0.511749 0.747763 0.483679
13 0.204013 0.768822 0.230769 0.768822 0.230769 0.796892 0.204013 0.796892 0.204013 0.768822
13 0.747778 0.772732 0.774534 0.772732 0.774534 0.800802 0.747778 0.800802 0.747778 0.772732
9 0.211608 0.213004 0.224986 0.213028 0.224080 0.782869 0.210702 0.782845 
9 0.218298 0.504795 0.218296 0.490760 0.761141 0.490697 0.761142 0.504732 
9 0.755140 0.211756 0.768518 0.211773 0.767845 0.786776 0.754467 0.786758 
9 0.757081 0.206821 0.766576 0.216708 0.496595 0.502086 0.487100 0.492199 
3 0.876301 0.495481 0.855393 0.626934 0.794932 0.744143 0.701473 0.834405 0.585141 0.887939 0.458544 0.898945 0.335400 0.866229 0.229054 0.793336 0.151030 0.688167 0.109783 0.562117 0.109783 0.428845 0.151030 0.302795 0.229054 0.197626 0.335400 0.124733 0.458544 0.092017 0.585141 0.103022 0.701473 0.156557 0.794932 0.246819 0.855393 0.364027 0.876301 0.495481
22 0.147609 0.074698 0.237542 0.074698 0.237542 0.189285 0.147609 0.189285
22 0.758640 0.072231 0.864718 0.072231 0.864718 0.190300 0.758640 0.190300
22 0.424198 0.347265 0.521343 0.347265 0.521343 0.460998 0.424198 0.460998
12 0.200397 0.395065 0.313843 0.395065 0.313843 0.514433 0.200397 0.514433
12 0.662321 0.395152 0.778495 0.395152 0.778495 0.515773 0.662321 0.515773
22 0.112234 0.440860 0.208260 0.440860 0.208260 0.554326 0.112234 0.554326
22 0.772614 0.449947 0.847138 0.449947 0.847138 0.565857 0.772614 0.565857
19 0.308153 0.503841 0.382461 0.503841 0.382461 0.610835 0.308153 0.610835
22 0.137748 0.817846 0.248662 0.817846 0.248662 0.937732 0.137748 0.937732
22 0.712214 0.819969 0.830558 0.819969 0.830558 0.936201 0.712214 0.936201
