13 0.148192 0.737245 0.177496 0.737245 0.177496 0.773775 0.148192 0.773775 0.148192 0.737245
13 0.435925 0.734915 0.465229 0.734915 0.465229 0.771445 0.435925 0.771445 0.435925 0.734915
13 0.850791 0.737164 0.880095 0.737164 0.880095 0.773693 0.850791 0.773693 0.850791 0.737164
13 0.713723 0.121735 0.743027 0.121735 0.743027 0.158265 0.713723 0.158265 0.713723 0.121735
13 0.382710 0.483699 0.412014 0.483699 0.412014 0.520229 0.382710 0.520229 0.382710 0.483699
9 0.167662 0.762390 0.158026 0.748631 0.723557 0.133121 0.733193 0.146879 
9 0.721316 0.142443 0.735434 0.137557 0.872502 0.752985 0.858384 0.757872 
9 0.162845 0.764643 0.162843 0.746378 0.865443 0.746296 0.865444 0.764561 
9 0.390279 0.504296 0.404446 0.499633 0.457660 0.750848 0.443494 0.755511 
10 0.758640 0.371837 0.840275 0.371837 0.840275 0.506489 0.758640 0.506489
10 0.392983 0.591294 0.473656 0.591294 0.473656 0.721779 0.392983 0.721779
22 0.703577 0.011080 0.784696 0.011080 0.784696 0.123439 0.703577 0.123439
22 0.879745 0.699443 0.964650 0.699443 0.964650 0.814689 0.879745 0.814689
22 0.061943 0.701155 0.142213 0.701155 0.142213 0.816452 0.061943 0.816452
22 0.331085 0.379286 0.413771 0.379286 0.413771 0.492905 0.331085 0.492905
22 0.419056 0.768771 0.503317 0.768771 0.503317 0.886192 0.419056 0.886192
