13 0.541808 0.877277 0.580270 0.877277 0.580270 0.901446 0.541808 0.901446 0.541808 0.877277
13 0.092631 0.472001 0.131092 0.472001 0.131092 0.496170 0.092631 0.496170 0.092631 0.472001
13 0.542555 0.065141 0.581016 0.065141 0.581016 0.089310 0.542555 0.089310 0.542555 0.065141
9 0.552170 0.077222 0.571401 0.077229 0.570654 0.889365 0.551424 0.889358 
9 0.553890 0.073778 0.569682 0.080674 0.119758 0.487534 0.103965 0.480637 
9 0.103971 0.487539 0.119752 0.480632 0.568929 0.885908 0.553149 0.892815 
7 0.428428 0.183535 0.530625 0.183535 0.530625 0.278808 0.428428 0.278808
1 0.423077 0.184290 0.653846 0.184290 0.653846 0.359517 0.423077 0.359517
2 0.243812 0.241710 0.413738 0.241710 0.413738 0.327287 0.243812 0.327287
18 0.670783 0.295995 0.898512 0.295995 0.898512 0.393661 0.670783 0.393661
2 0.246739 0.636120 0.415125 0.636120 0.415125 0.721323 0.246739 0.721323
18 0.167100 0.411586 0.349966 0.411586 0.349966 0.511775 0.167100 0.511775
