13 0.790101 0.190159 0.813156 0.190159 0.813156 0.215556 0.790101 0.215556 0.790101 0.190159
13 0.125778 0.388934 0.148833 0.388934 0.148833 0.414331 0.125778 0.414331 0.125778 0.388934
13 0.571744 0.798730 0.594799 0.798730 0.594799 0.824127 0.571744 0.824127 0.571744 0.798730
9 0.138817 0.407760 0.135795 0.395505 0.800118 0.196730 0.803139 0.208984 
9 0.796268 0.200523 0.806989 0.205191 0.588632 0.813762 0.577911 0.809095 
9 0.133614 0.406508 0.140998 0.396757 0.586964 0.806553 0.579580 0.816304 
3 0.860309 0.420528 0.840615 0.550536 0.783667 0.666456 0.695637 0.755726 0.586064 0.808672 0.466822 0.819556 0.350832 0.787200 0.250664 0.715109 0.177173 0.611095 0.138323 0.486431 0.138323 0.354625 0.177173 0.229961 0.250664 0.125947 0.350832 0.053856 0.466822 0.021500 0.586064 0.032384 0.695637 0.085330 0.783667 0.174600 0.840615 0.290520 0.860309 0.420528
18 0.253070 0.379710 0.402292 0.379710 0.402292 0.489904 0.253070 0.489904
18 0.037101 0.712418 0.227975 0.712418 0.227975 0.823812 0.037101 0.823812
22 0.036677 0.332720 0.112757 0.332720 0.112757 0.449305 0.036677 0.449305
22 0.558117 0.831398 0.632930 0.831398 0.632930 0.948180 0.558117 0.948180
22 0.808941 0.076654 0.886856 0.076654 0.886856 0.191086 0.808941 0.191086
