13 0.282638 0.177393 0.308035 0.177393 0.308035 0.205464 0.282638 0.205464 0.282638 0.177393
13 0.820889 0.177898 0.846286 0.177898 0.846286 0.205968 0.820889 0.205968 0.820889 0.177898
13 0.282638 0.599410 0.308035 0.599410 0.308035 0.627480 0.282638 0.627480 0.282638 0.599410
13 0.284078 0.768187 0.309474 0.768187 0.309474 0.796257 0.284078 0.796257 0.284078 0.768187
13 0.815741 0.767235 0.841138 0.767235 0.841138 0.795305 0.815741 0.795305 0.815741 0.767235
9 0.288988 0.191447 0.301686 0.191410 0.303125 0.782203 0.290427 0.782241 
9 0.296786 0.789240 0.296766 0.775205 0.828430 0.774252 0.828450 0.788287 
9 0.293598 0.620194 0.297076 0.606696 0.830179 0.774521 0.826701 0.788019 
9 0.299007 0.619171 0.291666 0.607719 0.829917 0.186207 0.837258 0.197659 
9 0.295331 0.198446 0.295342 0.184411 0.833593 0.184915 0.833582 0.198950 
12 0.277407 0.173685 0.388441 0.173685 0.388441 0.295252 0.277407 0.295252
12 0.278623 0.678148 0.388598 0.678148 0.388598 0.798813 0.278623 0.798813
19 0.449771 0.811871 0.677386 0.811871 0.677386 0.935900 0.449771 0.935900
19 0.450471 0.042535 0.677534 0.042535 0.677534 0.164848 0.450471 0.164848
19 0.042211 0.419162 0.265887 0.419162 0.265887 0.538530 0.042211 0.538530
1 0.111111 0.543860 0.200000 0.543860 0.200000 0.807018 0.111111 0.807018
1 0.117460 0.161404 0.190476 0.161404 0.190476 0.424561 0.117460 0.424561
8 0.121953 0.173154 0.184995 0.173154 0.184995 0.290613 0.121953 0.290613
8 0.125391 0.681192 0.186223 0.681192 0.186223 0.796464 0.125391 0.796464
