13 0.041551 0.911578 0.060554 0.911578 0.060554 0.933617 0.041551 0.933617 0.041551 0.911578
13 0.928922 0.911838 0.947925 0.911838 0.947925 0.933876 0.928922 0.933876 0.928922 0.911838
13 0.394440 0.404981 0.413442 0.404981 0.413442 0.427019 0.394440 0.427019 0.394440 0.404981
13 0.042223 0.071838 0.061225 0.071838 0.061225 0.093876 0.042223 0.093876 0.042223 0.071838
9 0.051051 0.928107 0.051054 0.917088 0.938425 0.917348 0.938422 0.928367 
9 0.400246 0.412538 0.407636 0.419462 0.054748 0.926060 0.047357 0.919135 
9 0.046974 0.082852 0.056475 0.082862 0.055803 0.922603 0.046302 0.922592 
9 0.048719 0.087124 0.054729 0.078590 0.941429 0.918590 0.935418 0.927124 
12 0.357393 0.403253 0.459308 0.403253 0.459308 0.523866 0.357393 0.523866
12 0.032907 0.832433 0.124650 0.832433 0.124650 0.939136 0.032907 0.939136
19 0.643302 0.527121 0.850597 0.527121 0.850597 0.625543 0.643302 0.625543
19 0.251914 0.176269 0.322932 0.176269 0.322932 0.253968 0.251914 0.253968
19 0.255516 0.635086 0.314435 0.635086 0.314435 0.728981 0.255516 0.728981
