13 0.688394 0.935971 0.709728 0.935971 0.709728 0.965383 0.688394 0.965383 0.688394 0.935971
13 0.272113 0.935580 0.293447 0.935580 0.293447 0.964992 0.272113 0.964992 0.272113 0.935580
13 0.061947 0.716723 0.083281 0.716723 0.083281 0.746134 0.061947 0.746134 0.061947 0.716723
13 0.271928 0.644843 0.293261 0.644843 0.293261 0.674255 0.271928 0.674255 0.271928 0.644843
13 0.688503 0.500850 0.709837 0.500850 0.709837 0.530261 0.688503 0.530261 0.688503 0.500850
13 0.894105 0.431580 0.915438 0.431580 0.915438 0.460992 0.894105 0.460992 0.894105 0.431580
13 0.688503 0.062437 0.709837 0.062437 0.709837 0.091849 0.688503 0.091849 0.688503 0.062437
13 0.271671 0.061071 0.293005 0.061071 0.293005 0.090482 0.271671 0.090482 0.271671 0.061071
9 0.277005 0.075782 0.287671 0.075771 0.288113 0.950281 0.277447 0.950291 
9 0.073901 0.738564 0.071328 0.724293 0.903485 0.439150 0.906058 0.453422 
9 0.693837 0.077142 0.704503 0.077144 0.704394 0.950678 0.693728 0.950675 
10 0.243800 0.218703 0.319169 0.218703 0.319169 0.351002 0.243800 0.351002
10 0.660502 0.220386 0.735528 0.220386 0.735528 0.349486 0.660502 0.349486
16 0.304396 0.491828 0.360647 0.491828 0.360647 0.603431 0.304396 0.603431
16 0.725326 0.518410 0.782417 0.518410 0.782417 0.631664 0.725326 0.631664
16 0.619015 0.553625 0.672516 0.553625 0.672516 0.665479 0.619015 0.665479
16 0.724302 0.352184 0.782649 0.352184 0.782649 0.464640 0.724302 0.464640
16 0.302628 0.661818 0.360324 0.661818 0.360324 0.772116 0.302628 0.772116
16 0.206537 0.703200 0.262479 0.703200 0.262479 0.814791 0.206537 0.814791
16 0.208499 0.525244 0.258730 0.525244 0.258730 0.636219 0.208499 0.636219
16 0.618426 0.394717 0.674445 0.394717 0.674445 0.508839 0.618426 0.508839
