13 0.340821 0.173362 0.360672 0.173362 0.360672 0.203781 0.340821 0.203781 0.340821 0.173362
13 0.775966 0.174723 0.795818 0.174723 0.795818 0.205141 0.775966 0.205141 0.775966 0.174723
13 0.285265 0.334950 0.305116 0.334950 0.305116 0.365368 0.285265 0.365368 0.285265 0.334950
13 0.125336 0.823362 0.145187 0.823362 0.145187 0.853781 0.125336 0.853781 0.125336 0.823362
13 0.877246 0.822614 0.897097 0.822614 0.897097 0.853032 0.877246 0.853032 0.877246 0.822614
9 0.350736 0.196176 0.350756 0.180967 0.785902 0.182327 0.785882 0.197537 
9 0.781066 0.191703 0.790718 0.188161 0.891998 0.836052 0.882345 0.839595 
9 0.135264 0.846176 0.135258 0.830967 0.887168 0.830219 0.887175 0.845428 
9 0.346322 0.185127 0.355171 0.192016 0.139686 0.842016 0.130837 0.835127 
22 0.319316 0.293570 0.393724 0.293570 0.393724 0.425845 0.319316 0.425845
22 0.049668 0.828780 0.111753 0.828780 0.111753 0.965137 0.049668 0.965137
22 0.896523 0.811469 0.962180 0.811469 0.962180 0.949180 0.896523 0.949180
22 0.778439 0.036565 0.856843 0.036565 0.856843 0.188482 0.778439 0.188482
22 0.299184 0.036381 0.365202 0.036381 0.365202 0.166879 0.299184 0.166879
