13 0.121312 0.670773 0.135034 0.670773 0.135034 0.693308 0.121312 0.693308 0.121312 0.670773
13 0.313063 0.669771 0.326785 0.669771 0.326785 0.692307 0.313063 0.692307 0.313063 0.669771
13 0.735050 0.670365 0.748772 0.670365 0.748772 0.692900 0.735050 0.692900 0.735050 0.670365
13 0.850915 0.853148 0.864637 0.853148 0.864637 0.875683 0.850915 0.875683 0.850915 0.853148
13 0.451327 0.220161 0.465049 0.220161 0.465049 0.242696 0.451327 0.242696 0.451327 0.220161
13 0.550879 0.109957 0.564601 0.109957 0.564601 0.132492 0.550879 0.132492 0.550879 0.109957
13 0.175195 0.133970 0.188917 0.133970 0.188917 0.156506 0.175195 0.156506 0.175195 0.133970
13 0.253196 0.437044 0.266918 0.437044 0.266918 0.459579 0.253196 0.459579 0.253196 0.437044
9 0.128175 0.687675 0.128172 0.676407 0.741910 0.675999 0.741913 0.687266 
9 0.455807 0.235483 0.460570 0.227374 0.860158 0.860361 0.855395 0.868470 
9 0.178896 0.147431 0.185216 0.143045 0.323084 0.678846 0.316764 0.683232 
9 0.261965 0.452994 0.258149 0.443629 0.555833 0.116542 0.559648 0.125907 
18 0.518514 0.188686 0.756956 0.188686 0.756956 0.315153 0.518514 0.315153
18 0.052407 0.501369 0.263699 0.501369 0.263699 0.638366 0.052407 0.638366
18 0.242069 0.257256 0.336223 0.257256 0.336223 0.368970 0.242069 0.368970
18 0.650739 0.701358 0.741210 0.701358 0.741210 0.815051 0.650739 0.815051
