13 0.118173 0.917906 0.133984 0.917906 0.133984 0.947535 0.118173 0.947535 0.118173 0.917906
13 0.203762 0.755721 0.219572 0.755721 0.219572 0.785351 0.203762 0.785351 0.203762 0.755721
13 0.025058 0.489699 0.040868 0.489699 0.040868 0.519329 0.025058 0.519329 0.025058 0.489699
13 0.156381 0.488310 0.172191 0.488310 0.172191 0.517940 0.156381 0.517940 0.156381 0.488310
13 0.345873 0.488519 0.361683 0.488519 0.361683 0.518148 0.345873 0.518148 0.345873 0.488519
13 0.489018 0.220762 0.504828 0.220762 0.504828 0.250392 0.489018 0.250392 0.489018 0.220762
13 0.575820 0.056509 0.591631 0.056509 0.591631 0.086138 0.575820 0.086138 0.575820 0.056509
13 0.583047 0.488310 0.598858 0.488310 0.598858 0.517940 0.583047 0.517940 0.583047 0.488310
13 0.677095 0.488310 0.692905 0.488310 0.692905 0.517940 0.677095 0.517940 0.677095 0.488310
13 0.833047 0.488310 0.848858 0.488310 0.848858 0.517940 0.833047 0.517940 0.833047 0.488310
13 0.952487 0.488862 0.968297 0.488862 0.968297 0.518491 0.952487 0.518491 0.952487 0.488862
9 0.032965 0.511921 0.032961 0.497106 0.960390 0.496269 0.960394 0.511084 
9 0.580925 0.066097 0.586526 0.076550 0.128879 0.937947 0.123277 0.927494 
22 0.131103 0.315544 0.193869 0.315544 0.193869 0.448934 0.131103 0.448934
22 0.417697 0.135079 0.473386 0.135079 0.473386 0.272029 0.417697 0.272029
22 0.563677 0.313658 0.618959 0.313658 0.618959 0.451700 0.563677 0.451700
22 0.656779 0.314133 0.721114 0.314133 0.721114 0.465072 0.656779 0.465072
22 0.814662 0.313102 0.870117 0.313102 0.870117 0.448916 0.814662 0.448916
22 0.341319 0.553120 0.394292 0.553120 0.394292 0.686307 0.341319 0.686307
22 0.219214 0.797373 0.279895 0.797373 0.279895 0.932260 0.219214 0.932260
