13 0.370107 0.141099 0.388886 0.141099 0.388886 0.170403 0.370107 0.170403 0.370107 0.141099
13 0.103834 0.370426 0.122613 0.370426 0.122613 0.399730 0.103834 0.399730 0.103834 0.370426
13 0.588490 0.404013 0.607269 0.404013 0.607269 0.433317 0.588490 0.433317 0.588490 0.404013
13 0.243208 0.444019 0.261988 0.444019 0.261988 0.473323 0.243208 0.473323 0.243208 0.444019
13 0.501970 0.580569 0.520749 0.580569 0.520749 0.609873 0.501970 0.609873 0.501970 0.580569
13 0.095826 0.798828 0.114605 0.798828 0.114605 0.828132 0.095826 0.828132 0.095826 0.798828
13 0.503200 0.799108 0.521980 0.799108 0.521980 0.828412 0.503200 0.828412 0.503200 0.799108
13 0.918014 0.799210 0.936793 0.799210 0.936793 0.828514 0.918014 0.828514 0.918014 0.799210
9 0.375561 0.151755 0.383431 0.159747 0.109151 0.817476 0.101281 0.809484 
9 0.111722 0.392019 0.114725 0.378137 0.928905 0.806921 0.925902 0.820804 
9 0.376633 0.161556 0.382360 0.149946 0.930267 0.808057 0.924540 0.819668 
9 0.594150 0.414215 0.601609 0.423115 0.515089 0.599671 0.507630 0.590771 
9 0.506665 0.595285 0.516054 0.595157 0.517285 0.813696 0.507895 0.813825 
9 0.105214 0.820806 0.105217 0.806154 0.927405 0.806536 0.927402 0.821188 
22 0.342723 0.021978 0.410798 0.021978 0.410798 0.131868 0.342723 0.131868
12 0.507042 0.347985 0.605634 0.347985 0.605634 0.490842 0.507042 0.490842
2 0.509390 0.465201 0.598592 0.465201 0.598592 0.553114 0.509390 0.553114
2 0.464789 0.663004 0.556338 0.663004 0.556338 0.721612 0.464789 0.721612
0 0.800469 0.684982 0.835681 0.684982 0.835681 0.758242 0.800469 0.758242
12 0.497653 0.706960 0.582160 0.706960 0.582160 0.835165 0.497653 0.835165
0 0.809859 0.750916 0.835681 0.750916 0.835681 0.827839 0.809859 0.827839
22 0.056338 0.835165 0.126761 0.835165 0.126761 0.956044 0.056338 0.956044
22 0.894366 0.831502 0.969484 0.831502 0.969484 0.956044 0.894366 0.956044
