13 0.129505 0.801021 0.153104 0.801021 0.153104 0.832271 0.129505 0.832271 0.129505 0.801021
13 0.674482 0.800773 0.698081 0.800773 0.698081 0.832023 0.674482 0.832023 0.674482 0.800773
13 0.844835 0.130462 0.868434 0.130462 0.868434 0.161712 0.844835 0.161712 0.844835 0.130462
13 0.298937 0.132427 0.322536 0.132427 0.322536 0.163677 0.298937 0.163677 0.298937 0.132427
13 0.487809 0.464894 0.511408 0.464894 0.511408 0.496144 0.487809 0.496144 0.487809 0.464894
9 0.144713 0.823022 0.137896 0.810269 0.853225 0.139710 0.860043 0.152463 
9 0.306004 0.152716 0.315470 0.143388 0.691015 0.811734 0.681549 0.821061 
9 0.141306 0.824458 0.141302 0.808833 0.686280 0.808585 0.686284 0.824210 
9 0.851043 0.143595 0.862226 0.148579 0.691873 0.818889 0.680690 0.813906 
9 0.310753 0.155864 0.310721 0.140239 0.856618 0.138274 0.856650 0.153899 
9 0.305144 0.145566 0.316330 0.150537 0.146898 0.819131 0.135711 0.814160 
12 0.443130 0.470018 0.543485 0.470018 0.543485 0.603164 0.443130 0.603164
19 0.406574 0.223343 0.575823 0.223343 0.575823 0.332929 0.406574 0.332929
19 0.424537 0.641656 0.593580 0.641656 0.593580 0.750655 0.424537 0.750655
22 0.093494 0.835475 0.177099 0.835475 0.177099 0.950457 0.093494 0.950457
22 0.824986 0.011844 0.902880 0.011844 0.902880 0.126693 0.824986 0.126693
22 0.277728 0.013286 0.359715 0.013286 0.359715 0.125615 0.277728 0.125615
22 0.643009 0.834507 0.720212 0.834507 0.720212 0.950922 0.643009 0.950922
