13 0.183471 0.135662 0.216529 0.135662 0.216529 0.161636 0.183471 0.161636 0.183471 0.135662
13 0.822974 0.134682 0.856032 0.134682 0.856032 0.160656 0.822974 0.160656 0.822974 0.134682
13 0.182974 0.851682 0.216032 0.851682 0.216032 0.877656 0.182974 0.877656 0.182974 0.851682
9 0.191736 0.148645 0.208264 0.148652 0.207768 0.864673 0.191239 0.864665 
9 0.200016 0.155142 0.199984 0.142155 0.839487 0.141176 0.839519 0.154163 
9 0.832737 0.143941 0.846269 0.151398 0.206269 0.868398 0.192737 0.860940 
12 0.177303 0.128841 0.305085 0.128841 0.305085 0.230628 0.177303 0.230628
19 0.453537 0.045044 0.536173 0.045044 0.536173 0.133160 0.453537 0.133160
22 0.842165 0.045839 0.952426 0.045839 0.952426 0.141385 0.842165 0.141385
22 0.066838 0.045233 0.173644 0.045233 0.173644 0.142267 0.066838 0.142267
22 0.069170 0.865129 0.167106 0.865129 0.167106 0.961937 0.069170 0.961937
19 0.041428 0.431564 0.164356 0.431564 0.164356 0.521796 0.041428 0.521796
