13 0.522878 0.137483 0.546133 0.137483 0.546133 0.158873 0.522878 0.158873 0.522878 0.137483
13 0.818984 0.264117 0.842240 0.264117 0.842240 0.285507 0.818984 0.285507 0.818984 0.264117
13 0.139801 0.489305 0.163056 0.489305 0.163056 0.510695 0.139801 0.510695 0.139801 0.489305
13 0.524086 0.491059 0.547342 0.491059 0.547342 0.512450 0.524086 0.512450 0.524086 0.491059
13 0.524086 0.843691 0.547342 0.843691 0.547342 0.865081 0.524086 0.865081 0.524086 0.843691
9 0.147312 0.503776 0.155545 0.496224 0.539831 0.850610 0.531598 0.858162 
9 0.825346 0.272545 0.835878 0.277079 0.540980 0.856653 0.530448 0.852119 
9 0.528692 0.148187 0.540319 0.148170 0.541528 0.854378 0.529900 0.854394 
3 0.918459 0.499541 0.897661 0.614177 0.837522 0.716391 0.744558 0.795106 0.628843 0.841791 0.502918 0.851389 0.380428 0.822858 0.274646 0.759291 0.197036 0.667576 0.156008 0.557652 0.156008 0.441430 0.197036 0.331506 0.274646 0.239791 0.380428 0.176224 0.502918 0.147693 0.628843 0.157291 0.744558 0.203976 0.837522 0.282691 0.897661 0.384905 0.918459 0.499541
22 0.398016 0.442587 0.491350 0.442587 0.491350 0.542098 0.398016 0.542098
22 0.035779 0.444841 0.125562 0.444841 0.125562 0.541143 0.035779 0.541143
22 0.495415 0.870945 0.577426 0.870945 0.577426 0.969708 0.495415 0.969708
22 0.821100 0.155639 0.905988 0.155639 0.905988 0.255967 0.821100 0.255967
22 0.493609 0.026179 0.574904 0.026179 0.574904 0.122725 0.493609 0.122725
