13 0.002272 0.833407 0.039656 0.833407 0.039656 0.870104 0.002272 0.870104 0.002272 0.833407
13 0.739831 0.833696 0.777214 0.833696 0.777214 0.870393 0.739831 0.870393 0.739831 0.833696
13 0.901763 0.127942 0.939146 0.127942 0.939146 0.164639 0.901763 0.164639 0.901763 0.127942
13 0.143849 0.128415 0.181232 0.128415 0.181232 0.165112 0.143849 0.165112 0.143849 0.128415
13 0.445534 0.485985 0.482917 0.485985 0.482917 0.522682 0.445534 0.522682 0.445534 0.485985
9 0.026798 0.858923 0.015130 0.844588 0.914621 0.139123 0.926288 0.153458 
9 0.155347 0.152621 0.169734 0.140906 0.765716 0.846187 0.751330 0.857902 
9 0.020960 0.860930 0.020968 0.842581 0.758526 0.842870 0.758519 0.861219 
9 0.911337 0.144274 0.929572 0.148306 0.767640 0.854060 0.749405 0.850029 
9 0.153371 0.144989 0.171710 0.148538 0.030133 0.853530 0.011795 0.849981 
9 0.162547 0.155938 0.162535 0.137589 0.920449 0.137116 0.920460 0.155464 
12 0.400257 0.368153 0.539387 0.368153 0.539387 0.509853 0.400257 0.509853
19 0.242734 0.333637 0.317028 0.333637 0.317028 0.421309 0.242734 0.421309
19 0.551731 0.212665 0.679979 0.212665 0.679979 0.325176 0.551731 0.325176
19 0.441109 0.022936 0.568040 0.022936 0.568040 0.121467 0.441109 0.121467
