13 0.485710 0.119267 0.510100 0.119267 0.510100 0.140210 0.485710 0.140210 0.485710 0.119267
13 0.142970 0.266301 0.167360 0.266301 0.167360 0.287243 0.142970 0.287243 0.142970 0.266301
13 0.483315 0.266490 0.507705 0.266490 0.507705 0.287432 0.483315 0.287432 0.483315 0.266490
13 0.830662 0.266490 0.855052 0.266490 0.855052 0.287432 0.830662 0.287432 0.830662 0.266490
13 0.484131 0.857526 0.508522 0.857526 0.508522 0.878468 0.484131 0.878468 0.484131 0.857526
9 0.491807 0.129729 0.504002 0.129748 0.502424 0.868007 0.490229 0.867988 
9 0.155163 0.282008 0.155167 0.271537 0.842859 0.271725 0.842855 0.282196 
3 0.926660 0.497489 0.903276 0.617809 0.835660 0.725091 0.731138 0.807708 0.601037 0.856709 0.459455 0.866782 0.321736 0.836837 0.202802 0.770118 0.115543 0.673855 0.069414 0.558481 0.069414 0.436497 0.115543 0.321122 0.202802 0.224859 0.321736 0.158140 0.459455 0.128195 0.601037 0.138268 0.731138 0.187269 0.835660 0.269887 0.903276 0.377168 0.926660 0.497489
22 0.451523 0.021915 0.545600 0.021915 0.545600 0.109496 0.451523 0.109496
19 0.507145 0.162758 0.608147 0.162758 0.608147 0.245900 0.507145 0.245900
22 0.377613 0.174176 0.468726 0.174176 0.468726 0.263057 0.377613 0.263057
22 0.036451 0.224449 0.128721 0.224449 0.128721 0.313169 0.036451 0.313169
22 0.871268 0.226116 0.968116 0.226116 0.968116 0.316198 0.871268 0.316198
19 0.262772 0.293566 0.377072 0.293566 0.377072 0.378861 0.262772 0.378861
19 0.601750 0.293693 0.715525 0.293693 0.715525 0.379242 0.601750 0.379242
19 0.507013 0.548602 0.571995 0.548602 0.571995 0.615807 0.507013 0.615807
22 0.444112 0.880472 0.536098 0.880472 0.536098 0.967641 0.444112 0.967641
