13 0.457046 0.180927 0.483362 0.180927 0.483362 0.205317 0.457046 0.205317 0.457046 0.180927
13 0.217199 0.272858 0.243515 0.272858 0.243515 0.297248 0.217199 0.297248 0.217199 0.272858
13 0.458080 0.496447 0.484396 0.496447 0.484396 0.520837 0.458080 0.520837 0.458080 0.496447
13 0.798943 0.497920 0.825259 0.497920 0.825259 0.522310 0.798943 0.522310 0.798943 0.497920
13 0.700226 0.722419 0.726541 0.722419 0.726541 0.746809 0.700226 0.746809 0.700226 0.722419
13 0.457699 0.816376 0.484015 0.816376 0.484015 0.840767 0.457699 0.840767 0.457699 0.816376
9 0.225695 0.289356 0.235019 0.280750 0.718045 0.730312 0.708722 0.738917 
9 0.463625 0.193128 0.476783 0.193116 0.477436 0.828566 0.464278 0.828577 
9 0.471207 0.514739 0.471269 0.502544 0.812132 0.504018 0.812070 0.516213 
3 0.812601 0.509845 0.794045 0.612910 0.740387 0.704806 0.657442 0.775575 0.554199 0.817548 0.441845 0.826177 0.332556 0.800526 0.238174 0.743375 0.168929 0.660918 0.132323 0.562090 0.132323 0.457600 0.168929 0.358772 0.238174 0.276315 0.332556 0.219165 0.441845 0.193514 0.554199 0.202143 0.657442 0.244116 0.740387 0.314885 0.794045 0.406781 0.812601 0.509845
22 0.417972 0.069757 0.510192 0.069757 0.510192 0.172554 0.417972 0.172554
22 0.141080 0.192411 0.224597 0.192411 0.224597 0.291672 0.141080 0.291672
22 0.832991 0.454611 0.914793 0.454611 0.914793 0.557991 0.832991 0.557991
22 0.337890 0.469869 0.423702 0.469869 0.423702 0.573770 0.337890 0.573770
22 0.732413 0.719036 0.815183 0.719036 0.815183 0.821435 0.732413 0.821435
22 0.425974 0.847459 0.520942 0.847459 0.520942 0.950406 0.425974 0.950406
