13 0.118406 0.430476 0.138208 0.430476 0.138208 0.463129 0.118406 0.463129 0.118406 0.430476
13 0.593770 0.430476 0.613572 0.430476 0.613572 0.463129 0.593770 0.463129 0.593770 0.430476
13 0.902225 0.432245 0.922027 0.432245 0.922027 0.464898 0.902225 0.464898 0.902225 0.432245
13 0.463296 0.776856 0.483098 0.776856 0.483098 0.809509 0.463296 0.809509 0.463296 0.776856
9 0.128300 0.454966 0.128314 0.438639 0.912133 0.440408 0.912119 0.456735 
9 0.475325 0.800553 0.471069 0.785812 0.909998 0.441201 0.914254 0.455942 
3 0.598762 0.440640 0.585968 0.567074 0.548970 0.679807 0.491779 0.766622 0.420592 0.818113 0.343124 0.828698 0.267768 0.797231 0.202691 0.727122 0.154946 0.625968 0.129706 0.504731 0.129706 0.376549 0.154946 0.255312 0.202691 0.154158 0.267768 0.084049 0.343124 0.052582 0.420592 0.063167 0.491779 0.114658 0.548970 0.201473 0.585968 0.314206 0.598762 0.440640
22 0.514239 0.306989 0.575416 0.306989 0.575416 0.425881 0.514239 0.425881
19 0.282491 0.470270 0.443996 0.470270 0.443996 0.583111 0.282491 0.583111
19 0.732035 0.340552 0.781114 0.340552 0.781114 0.433483 0.732035 0.433483
22 0.466038 0.804001 0.528928 0.804001 0.528928 0.922337 0.466038 0.922337
22 0.047061 0.384092 0.111792 0.384092 0.111792 0.504437 0.047061 0.504437
19 0.680188 0.636862 0.730142 0.636862 0.730142 0.747489 0.680188 0.747489
22 0.924699 0.382138 0.980722 0.382138 0.980722 0.503380 0.924699 0.503380
