13 0.293419 0.918026 0.313724 0.918026 0.313724 0.950546 0.293419 0.950546 0.293419 0.918026
13 0.477115 0.691814 0.497419 0.691814 0.497419 0.724335 0.477115 0.724335 0.477115 0.691814
13 0.871991 0.200883 0.892295 0.200883 0.892295 0.233403 0.871991 0.233403 0.871991 0.200883
13 0.184491 0.463740 0.204795 0.463740 0.204795 0.496260 0.184491 0.496260 0.184491 0.463740
13 0.039991 0.518597 0.060295 0.518597 0.060295 0.551117 0.039991 0.551117 0.039991 0.518597
9 0.306678 0.940715 0.300465 0.927856 0.879036 0.210713 0.885250 0.223572 
9 0.051320 0.542766 0.048966 0.526949 0.880966 0.209234 0.883320 0.225051 
22 0.894725 0.068326 0.965747 0.068326 0.965747 0.201784 0.894725 0.201784
22 0.164466 0.292769 0.229719 0.292769 0.229719 0.428654 0.164466 0.428654
22 0.508184 0.705267 0.578184 0.705267 0.578184 0.839271 0.508184 0.839271
