13 0.116846 0.365980 0.139901 0.365980 0.139901 0.399735 0.116846 0.399735 0.116846 0.365980
13 0.473004 0.636837 0.496059 0.636837 0.496059 0.670592 0.473004 0.670592 0.473004 0.636837
13 0.834176 0.365980 0.857231 0.365980 0.857231 0.399735 0.834176 0.399735 0.834176 0.365980
13 0.473203 0.085460 0.496257 0.085460 0.496257 0.119215 0.473203 0.119215 0.473203 0.085460
13 0.473336 0.367884 0.496391 0.367884 0.496391 0.401640 0.473336 0.401640 0.473336 0.367884
9 0.478966 0.102333 0.490494 0.102342 0.490295 0.653719 0.478768 0.653710 
9 0.482028 0.109792 0.487432 0.094884 0.848405 0.375403 0.843001 0.390311 
9 0.487159 0.661225 0.481904 0.646203 0.843076 0.375346 0.848331 0.390368 
9 0.125717 0.390346 0.131030 0.375368 0.487188 0.646225 0.481875 0.661203 
9 0.131103 0.390290 0.125644 0.375424 0.482001 0.094905 0.487459 0.109770 
9 0.128374 0.391296 0.128374 0.374418 0.845703 0.374418 0.845703 0.391296 
1 0.887608 0.063291 0.936599 0.063291 0.936599 0.333333 0.887608 0.333333
1 0.890490 0.455696 0.936599 0.455696 0.936599 0.713080 0.890490 0.713080
1 0.115274 0.784810 0.435159 0.784810 0.435159 0.860759 0.115274 0.860759
1 0.538905 0.780591 0.861671 0.780591 0.861671 0.852321 0.538905 0.852321
8 0.891931 0.065125 0.929566 0.065125 0.929566 0.155829 0.891931 0.155829
8 0.892544 0.619524 0.930356 0.619524 0.930356 0.709728 0.892544 0.709728
8 0.115371 0.791539 0.176243 0.791539 0.176243 0.845590 0.115371 0.845590
8 0.795648 0.791942 0.862050 0.791942 0.862050 0.847456 0.795648 0.847456
19 0.881884 0.351791 0.936836 0.351791 0.936836 0.445891 0.881884 0.445891
19 0.442552 0.753376 0.533109 0.753376 0.533109 0.868114 0.442552 0.868114
