13 0.459080 0.239780 0.473041 0.239780 0.473041 0.263877 0.459080 0.263877 0.459080 0.239780
13 0.709080 0.239780 0.723041 0.239780 0.723041 0.263877 0.709080 0.263877 0.709080 0.239780
13 0.355746 0.423688 0.369708 0.423688 0.369708 0.447785 0.355746 0.447785 0.355746 0.423688
13 0.522353 0.424733 0.536314 0.424733 0.536314 0.448830 0.522353 0.448830 0.522353 0.424733
13 0.145400 0.801170 0.159362 0.801170 0.159362 0.825267 0.145400 0.825267 0.145400 0.801170
13 0.647635 0.801833 0.661596 0.801833 0.661596 0.825930 0.647635 0.825930 0.647635 0.801833
13 0.898404 0.801833 0.912365 0.801833 0.912365 0.825930 0.898404 0.825930 0.898404 0.801833
9 0.463548 0.247647 0.468573 0.256010 0.154893 0.817400 0.149868 0.809037 
9 0.466061 0.257853 0.466061 0.245805 0.716061 0.245805 0.716061 0.257853 
9 0.713043 0.254856 0.719078 0.248801 0.908402 0.810854 0.902367 0.816909 
9 0.152379 0.819242 0.152383 0.807194 0.905386 0.807857 0.905383 0.819906 
9 0.362715 0.441761 0.362740 0.429713 0.529346 0.430758 0.529321 0.442806 
9 0.526305 0.439778 0.532361 0.433785 0.657643 0.810885 0.651587 0.816878 
22 0.414206 0.117250 0.469595 0.117250 0.469595 0.226311 0.414206 0.226311
22 0.284788 0.364637 0.331656 0.364637 0.331656 0.477843 0.284788 0.477843
22 0.080545 0.785034 0.134894 0.785034 0.134894 0.896135 0.080545 0.896135
22 0.628090 0.837973 0.683043 0.837973 0.683043 0.951821 0.628090 0.951821
22 0.914885 0.789786 0.966043 0.789786 0.966043 0.904120 0.914885 0.904120
22 0.553133 0.364442 0.600012 0.364442 0.600012 0.475982 0.553133 0.475982
22 0.717964 0.121478 0.767393 0.121478 0.767393 0.233456 0.717964 0.233456
19 0.567829 0.124170 0.611466 0.124170 0.611466 0.227035 0.567829 0.227035
19 0.447012 0.329328 0.490791 0.329328 0.490791 0.433734 0.447012 0.433734
19 0.605207 0.542943 0.647681 0.542943 0.647681 0.628097 0.605207 0.628097
19 0.823376 0.444309 0.909640 0.444309 0.909640 0.551529 0.823376 0.551529
19 0.190880 0.362986 0.242696 0.362986 0.242696 0.461285 0.190880 0.461285
19 0.169572 0.581639 0.213211 0.581639 0.213211 0.683983 0.169572 0.683983
1 0.050611 0.439759 0.197208 0.439759 0.197208 0.713855 0.050611 0.713855
1 0.237347 0.108434 0.392670 0.108434 0.392670 0.382530 0.237347 0.382530
8 0.051516 0.615746 0.103448 0.615746 0.103448 0.707681 0.051516 0.707681
8 0.336017 0.104608 0.388020 0.104608 0.388020 0.194403 0.336017 0.194403
