13 0.295106 0.205655 0.316554 0.205655 0.316554 0.233337 0.295106 0.233337 0.295106 0.205655
13 0.214940 0.434731 0.236388 0.434731 0.236388 0.462412 0.214940 0.462412 0.214940 0.434731
13 0.130869 0.682099 0.152317 0.682099 0.152317 0.709781 0.130869 0.709781 0.130869 0.682099
13 0.797449 0.683302 0.818897 0.683302 0.818897 0.710984 0.797449 0.710984 0.797449 0.683302
13 0.707912 0.436915 0.729360 0.436915 0.729360 0.464597 0.707912 0.464597 0.707912 0.436915
13 0.624232 0.206159 0.645680 0.206159 0.645680 0.233841 0.624232 0.233841 0.624232 0.206159
9 0.305824 0.226416 0.305837 0.212575 0.634962 0.213080 0.634949 0.226920 
9 0.630100 0.222936 0.639811 0.217064 0.813028 0.694207 0.803317 0.700079 
9 0.300931 0.216683 0.310729 0.222309 0.146492 0.698753 0.136694 0.693127 
9 0.141585 0.702860 0.141600 0.689019 0.808180 0.690222 0.808165 0.704063 
9 0.225645 0.455492 0.225682 0.441651 0.718655 0.443836 0.718618 0.457677 
22 0.057310 0.701678 0.124641 0.701678 0.124641 0.797292 0.057310 0.797292
22 0.242981 0.105613 0.312906 0.105613 0.312906 0.202877 0.242981 0.202877
22 0.820567 0.700809 0.879995 0.700809 0.879995 0.797738 0.820567 0.797738
22 0.741071 0.395313 0.802207 0.395313 0.802207 0.488960 0.741071 0.488960
22 0.158077 0.393601 0.217999 0.393601 0.217999 0.487504 0.158077 0.487504
22 0.638438 0.104440 0.706028 0.104440 0.706028 0.200501 0.638438 0.200501
