13 0.086758 0.615100 0.109813 0.615100 0.109813 0.636209 0.086758 0.636209 0.086758 0.615100
13 0.282539 0.763510 0.305593 0.763510 0.305593 0.784618 0.282539 0.784618 0.282539 0.763510
13 0.534966 0.763839 0.558021 0.763839 0.558021 0.784947 0.534966 0.784947 0.534966 0.763839
13 0.729132 0.614496 0.752187 0.614496 0.752187 0.635604 0.729132 0.635604 0.729132 0.614496
13 0.774187 0.384734 0.797242 0.384734 0.797242 0.405842 0.774187 0.405842 0.774187 0.384734
13 0.647813 0.185177 0.670868 0.185177 0.670868 0.206285 0.647813 0.206285 0.647813 0.185177
13 0.407693 0.105105 0.430748 0.105105 0.430748 0.126213 0.407693 0.126213 0.407693 0.105105
13 0.169425 0.184472 0.192480 0.184472 0.192480 0.205580 0.169425 0.205580 0.169425 0.184472
13 0.042758 0.384734 0.065813 0.384734 0.065813 0.405842 0.042758 0.405842 0.042758 0.384734
9 0.048608 0.396197 0.059963 0.394379 0.103963 0.624745 0.092608 0.626563 
9 0.175965 0.192382 0.185940 0.197671 0.059273 0.397932 0.049298 0.392643 
9 0.182923 0.199985 0.178982 0.190067 0.417250 0.110700 0.421191 0.120618 
9 0.417248 0.120618 0.421193 0.110701 0.661313 0.190773 0.657368 0.200689 
9 0.654354 0.198378 0.664327 0.193084 0.790700 0.392641 0.780728 0.397935 
9 0.780041 0.394355 0.791387 0.396220 0.746332 0.625983 0.734986 0.624118 
9 0.550201 0.778434 0.542786 0.770353 0.736952 0.621010 0.744367 0.629091 
9 0.294058 0.779341 0.294074 0.768787 0.546502 0.769116 0.546485 0.779670 
9 0.094610 0.629719 0.101961 0.621590 0.297742 0.769999 0.290390 0.778128 
22 0.667746 0.082682 0.765935 0.082682 0.765935 0.183031 0.667746 0.183031
22 0.748104 0.594568 0.850671 0.594568 0.850671 0.699318 0.748104 0.699318
22 0.802634 0.334369 0.899217 0.334369 0.899217 0.435982 0.802634 0.435982
