13 0.032172 0.879555 0.051828 0.879555 0.051828 0.924753 0.032172 0.924753 0.032172 0.879555
13 0.316839 0.877401 0.336495 0.877401 0.336495 0.922599 0.316839 0.922599 0.316839 0.877401
13 0.641283 0.878363 0.660939 0.878363 0.660939 0.923560 0.641283 0.923560 0.641283 0.878363
13 0.925505 0.220170 0.945161 0.220170 0.945161 0.265368 0.925505 0.265368 0.925505 0.220170
13 0.317672 0.221632 0.337328 0.221632 0.337328 0.266830 0.317672 0.266830 0.317672 0.221632
9 0.042004 0.913453 0.041996 0.890854 0.651107 0.889662 0.651115 0.912261 
9 0.931846 0.234808 0.938820 0.250731 0.654598 0.908923 0.647624 0.893000 
9 0.324021 0.236250 0.330979 0.252212 0.045479 0.910135 0.038521 0.894173 
9 0.327505 0.255530 0.327495 0.232931 0.935328 0.231470 0.935338 0.254069 
9 0.322586 0.244198 0.332414 0.244264 0.331581 0.900033 0.321753 0.899967 
12 0.264155 0.752616 0.338954 0.752616 0.338954 0.924405 0.264155 0.924405
19 0.543409 0.066786 0.693626 0.066786 0.693626 0.216174 0.543409 0.216174
19 0.806616 0.533837 0.956771 0.533837 0.956771 0.689790 0.806616 0.689790
18 0.767540 0.259605 0.868355 0.259605 0.868355 0.426212 0.767540 0.426212
