13 0.039230 0.739871 0.066076 0.739871 0.066076 0.783827 0.039230 0.783827 0.039230 0.739871
13 0.473442 0.033775 0.500287 0.033775 0.500287 0.077731 0.473442 0.077731 0.473442 0.033775
13 0.904185 0.741245 0.931031 0.741245 0.931031 0.785201 0.904185 0.785201 0.904185 0.741245
9 0.052647 0.772838 0.052660 0.750860 0.917615 0.752234 0.917602 0.774212 
9 0.057383 0.769646 0.047924 0.754052 0.482135 0.047956 0.491594 0.063550 
9 0.482111 0.063511 0.491618 0.047995 0.922361 0.755465 0.912855 0.770982 
12 0.424652 0.033415 0.542798 0.033415 0.542798 0.229155 0.424652 0.229155
18 0.176523 0.561103 0.311741 0.561103 0.311741 0.716855 0.176523 0.716855
19 0.459110 0.796387 0.521448 0.796387 0.521448 0.914432 0.459110 0.914432
19 0.177659 0.222290 0.243162 0.222290 0.243162 0.367426 0.177659 0.367426
