13 0.581936 0.100206 0.608872 0.100206 0.608872 0.128575 0.581936 0.128575 0.581936 0.100206
13 0.254930 0.177293 0.281866 0.177293 0.281866 0.205662 0.254930 0.205662 0.254930 0.177293
13 0.367904 0.306781 0.394840 0.306781 0.394840 0.335150 0.367904 0.335150 0.367904 0.306781
13 0.480990 0.438667 0.507926 0.438667 0.507926 0.467035 0.480990 0.467035 0.480990 0.438667
13 0.153199 0.517066 0.180135 0.517066 0.180135 0.545434 0.153199 0.545434 0.153199 0.517066
13 0.191889 0.620191 0.218825 0.620191 0.218825 0.648559 0.191889 0.648559 0.191889 0.620191
13 0.483556 0.620191 0.510492 0.620191 0.510492 0.648559 0.483556 0.648559 0.483556 0.620191
13 0.772328 0.616981 0.799264 0.616981 0.799264 0.645350 0.772328 0.645350 0.772328 0.616981
13 0.485450 0.797179 0.512386 0.797179 0.512386 0.825548 0.485450 0.825548 0.485450 0.797179
9 0.206930 0.636912 0.206975 0.622727 0.788374 0.624746 0.788329 0.638930 
9 0.169352 0.534772 0.160218 0.524348 0.590198 0.106487 0.599331 0.116911 
9 0.490290 0.453071 0.503758 0.453179 0.501191 0.810879 0.487724 0.810772 
9 0.493646 0.459260 0.500402 0.446990 0.793008 0.625703 0.786251 0.637973 
9 0.263443 0.196280 0.273353 0.186675 0.501979 0.448322 0.492069 0.457928 
3 0.836229 0.452970 0.817828 0.569105 0.764620 0.672655 0.682370 0.752399 0.579992 0.799694 0.468579 0.809417 0.360206 0.780514 0.266615 0.716116 0.197950 0.623202 0.161650 0.511840 0.161650 0.394100 0.197950 0.282738 0.266615 0.189824 0.360206 0.125426 0.468579 0.096523 0.579992 0.106246 0.682370 0.153541 0.764620 0.233285 0.817828 0.336835 0.836229 0.452970
22 0.575758 0.010638 0.646465 0.010638 0.646465 0.099291 0.575758 0.099291
22 0.346801 0.195035 0.417508 0.195035 0.417508 0.280142 0.346801 0.280142
12 0.329966 0.312057 0.430976 0.312057 0.430976 0.414894 0.329966 0.414894
22 0.494949 0.343972 0.572391 0.343972 0.572391 0.432624 0.494949 0.432624
22 0.063973 0.482270 0.134680 0.482270 0.134680 0.570922 0.063973 0.570922
12 0.481481 0.556738 0.565657 0.556738 0.565657 0.645390 0.481481 0.645390
22 0.801347 0.592199 0.872054 0.592199 0.872054 0.684397 0.801347 0.684397
22 0.114478 0.624113 0.188552 0.624113 0.188552 0.709220 0.114478 0.709220
22 0.494949 0.641844 0.569024 0.641844 0.569024 0.726950 0.494949 0.726950
22 0.444444 0.819149 0.521886 0.819149 0.521886 0.907801 0.444444 0.907801
