13 0.084719 0.784311 0.098954 0.784311 0.098954 0.804261 0.084719 0.804261 0.084719 0.784311
13 0.084163 0.498077 0.098398 0.498077 0.098398 0.518027 0.084163 0.518027 0.084163 0.498077
13 0.084534 0.203531 0.098769 0.203531 0.098769 0.223482 0.084534 0.223482 0.084534 0.203531
13 0.437781 0.088311 0.452015 0.088311 0.452015 0.108261 0.437781 0.108261 0.437781 0.088311
13 0.405581 0.203358 0.419816 0.203358 0.419816 0.223308 0.405581 0.223308 0.405581 0.203358
13 0.324855 0.497961 0.339090 0.497961 0.339090 0.517912 0.324855 0.517912 0.324855 0.497961
13 0.246760 0.784311 0.260995 0.784311 0.260995 0.804261 0.246760 0.804261 0.246760 0.784311
13 0.215332 0.898596 0.229566 0.898596 0.229566 0.918546 0.215332 0.918546 0.215332 0.898596
13 0.648456 0.923651 0.662690 0.923651 0.662690 0.943601 0.648456 0.943601 0.648456 0.923651
13 0.659005 0.784311 0.673240 0.784311 0.673240 0.804261 0.659005 0.804261 0.659005 0.784311
13 0.682678 0.498596 0.696913 0.498596 0.696913 0.518546 0.682678 0.518546 0.682678 0.498596
13 0.706715 0.203358 0.720950 0.203358 0.720950 0.223308 0.706715 0.223308 0.706715 0.203358
13 0.714878 0.090977 0.729113 0.090977 0.729113 0.110927 0.714878 0.110927 0.714878 0.090977
13 0.888801 0.204311 0.903036 0.204311 0.903036 0.224261 0.888801 0.224261 0.888801 0.204311
13 0.888801 0.498596 0.903036 0.498596 0.903036 0.518546 0.888801 0.518546 0.888801 0.498596
13 0.888244 0.784830 0.902479 0.784830 0.902479 0.804780 0.888244 0.804780 0.888244 0.784830
9 0.091649 0.218494 0.091654 0.208519 0.895921 0.209298 0.895916 0.219273 
9 0.091279 0.513039 0.091282 0.503064 0.895920 0.503584 0.895917 0.513559 
9 0.091835 0.799273 0.091838 0.789298 0.895363 0.789818 0.895360 0.799793 
9 0.441577 0.096495 0.448219 0.100077 0.225770 0.910362 0.219128 0.906780 
9 0.718459 0.100398 0.725532 0.101507 0.659110 0.934181 0.652036 0.933072 
10 0.499886 0.168649 0.581298 0.168649 0.581298 0.256794 0.499886 0.256794
10 0.422973 0.749913 0.504010 0.749913 0.504010 0.837039 0.422973 0.837039
10 0.464621 0.462541 0.545605 0.462541 0.545605 0.550692 0.464621 0.550692
19 0.713867 0.307233 0.763222 0.307233 0.763222 0.406925 0.713867 0.406925
19 0.692690 0.606852 0.742488 0.606852 0.742488 0.706442 0.692690 0.706442
19 0.065758 0.604116 0.265913 0.604116 0.265913 0.711477 0.065758 0.711477
19 0.142421 0.306203 0.344419 0.306203 0.344419 0.414005 0.142421 0.414005
