13 0.065608 0.888348 0.089207 0.888348 0.089207 0.918999 0.065608 0.918999 0.065608 0.888348
13 0.319698 0.897531 0.343297 0.897531 0.343297 0.928183 0.319698 0.928183 0.319698 0.897531
13 0.728289 0.893246 0.751888 0.893246 0.751888 0.923897 0.728289 0.923897 0.728289 0.893246
13 0.661108 0.063246 0.684707 0.063246 0.684707 0.093897 0.661108 0.093897 0.661108 0.063246
13 0.524597 0.061137 0.548195 0.061137 0.548195 0.091788 0.524597 0.091788 0.524597 0.061137
13 0.112950 0.059480 0.136549 0.059480 0.136549 0.090131 0.112950 0.090131 0.112950 0.059480
13 0.559333 0.204506 0.582932 0.204506 0.582932 0.235158 0.559333 0.235158 0.559333 0.204506
13 0.253475 0.628153 0.277074 0.628153 0.277074 0.658804 0.253475 0.658804 0.253475 0.628153
9 0.668603 0.073331 0.677212 0.083812 0.081711 0.908914 0.073103 0.898433 
9 0.119131 0.077143 0.130368 0.072467 0.337116 0.910519 0.325879 0.915195 
9 0.530774 0.078784 0.542018 0.074141 0.745710 0.906250 0.734466 0.910893 
18 0.295835 0.606947 0.639440 0.606947 0.639440 0.737829 0.295835 0.737829
18 0.617907 0.218404 0.963776 0.218404 0.963776 0.351514 0.617907 0.351514
20 0.604958 0.836476 0.697731 0.836476 0.697731 0.939526 0.604958 0.939526
20 0.220315 0.800181 0.286326 0.800181 0.286326 0.927884 0.220315 0.927884
