13 0.115397 0.796610 0.142889 0.796610 0.142889 0.823729 0.115397 0.823729 0.115397 0.796610
13 0.116050 0.576836 0.143542 0.576836 0.143542 0.603955 0.116050 0.603955 0.116050 0.576836
13 0.428921 0.574765 0.456412 0.574765 0.456412 0.601883 0.428921 0.601883 0.428921 0.574765
13 0.429111 0.353672 0.456603 0.353672 0.456603 0.380791 0.429111 0.380791 0.429111 0.353672
13 0.116050 0.350847 0.143542 0.350847 0.143542 0.377966 0.116050 0.377966 0.116050 0.350847
13 0.115540 0.131921 0.143031 0.131921 0.143031 0.159040 0.115540 0.159040 0.115540 0.131921
13 0.563397 0.130508 0.590889 0.130508 0.590889 0.157627 0.563397 0.157627 0.563397 0.130508
13 0.566254 0.350847 0.593746 0.350847 0.593746 0.377966 0.566254 0.377966 0.566254 0.350847
13 0.566254 0.575626 0.593746 0.575626 0.593746 0.602744 0.566254 0.602744 0.566254 0.575626
13 0.563397 0.797175 0.590889 0.797175 0.590889 0.824294 0.563397 0.824294 0.563397 0.797175
13 0.879027 0.355002 0.906519 0.355002 0.906519 0.382120 0.879027 0.382120 0.879027 0.355002
13 0.879588 0.575518 0.907079 0.575518 0.907079 0.602637 0.879588 0.602637 0.879588 0.575518
9 0.129733 0.371186 0.129859 0.357627 0.442920 0.360452 0.442794 0.374011 
9 0.129842 0.597175 0.129750 0.583616 0.442621 0.581544 0.442713 0.595103 
9 0.129134 0.816949 0.129152 0.803390 0.577152 0.803955 0.577134 0.817514 
9 0.580002 0.595964 0.579998 0.582405 0.893331 0.582298 0.893336 0.595857 
9 0.129308 0.152260 0.129264 0.138701 0.577121 0.137288 0.577165 0.150847 
9 0.579907 0.371186 0.580093 0.357628 0.892866 0.361782 0.892681 0.375340 
9 0.573128 0.589099 0.586872 0.589271 0.584015 0.810821 0.570271 0.810648 
9 0.122923 0.590376 0.136669 0.590415 0.136016 0.810189 0.122270 0.810150 
9 0.885900 0.368578 0.899646 0.368544 0.900206 0.589060 0.886461 0.589094 
9 0.435984 0.367226 0.449730 0.367237 0.449540 0.588330 0.435794 0.588318 
9 0.122413 0.145496 0.136159 0.145465 0.136669 0.364391 0.122923 0.364422 
9 0.570271 0.144155 0.584015 0.143981 0.586872 0.364320 0.573128 0.364493 
12 0.489328 0.126229 0.594505 0.126229 0.594505 0.228062 0.489328 0.228062
12 0.109669 0.126449 0.214889 0.126449 0.214889 0.229440 0.109669 0.229440
12 0.109985 0.278411 0.214489 0.278411 0.214489 0.381761 0.109985 0.381761
12 0.801549 0.347317 0.909337 0.347317 0.909337 0.450117 0.801549 0.450117
12 0.805075 0.501900 0.909972 0.501900 0.909972 0.605754 0.805075 0.605754
12 0.356111 0.348728 0.459329 0.348728 0.459329 0.449733 0.356111 0.449733
12 0.356133 0.501972 0.460071 0.501972 0.460071 0.605672 0.356133 0.605672
12 0.561611 0.571424 0.663864 0.571424 0.663864 0.671296 0.561611 0.671296
12 0.489483 0.723664 0.594135 0.723664 0.594135 0.827180 0.489483 0.827180
12 0.109921 0.570001 0.214462 0.570001 0.214462 0.673784 0.109921 0.673784
12 0.109930 0.722677 0.214798 0.722677 0.214798 0.827004 0.109930 0.827004
12 0.561437 0.280021 0.665149 0.280021 0.665149 0.380690 0.561437 0.380690
19 0.593447 0.663555 0.655840 0.663555 0.655840 0.753265 0.593447 0.753265
19 0.906518 0.427431 0.967322 0.427431 0.967322 0.518599 0.906518 0.518599
19 0.306605 0.821420 0.410524 0.821420 0.410524 0.913832 0.306605 0.913832
19 0.046773 0.654754 0.108852 0.654754 0.108852 0.745808 0.046773 0.745808
19 0.301428 0.040263 0.405529 0.040263 0.405529 0.131369 0.301428 0.131369
19 0.046881 0.203812 0.108833 0.203812 0.108833 0.294825 0.046881 0.294825
19 0.577435 0.197567 0.638729 0.197567 0.638729 0.285466 0.577435 0.285466
19 0.265219 0.256011 0.330044 0.256011 0.330044 0.350042 0.265219 0.350042
19 0.458981 0.427508 0.521904 0.427508 0.521904 0.518478 0.458981 0.518478
19 0.699290 0.377532 0.764348 0.377532 0.764348 0.468264 0.699290 0.468264
19 0.699206 0.606682 0.764495 0.606682 0.764495 0.697773 0.699206 0.697773
19 0.265755 0.598813 0.329518 0.598813 0.329518 0.688014 0.265755 0.688014
