13 0.719406 0.160677 0.743871 0.160677 0.743871 0.185445 0.719406 0.185445 0.719406 0.160677
13 0.499143 0.254952 0.523608 0.254952 0.523608 0.279720 0.499143 0.279720 0.499143 0.254952
13 0.754784 0.409385 0.779249 0.409385 0.779249 0.434153 0.754784 0.434153 0.754784 0.409385
13 0.167805 0.395997 0.192270 0.395997 0.192270 0.420765 0.167805 0.420765 0.167805 0.395997
13 0.570818 0.427616 0.595283 0.427616 0.595283 0.452384 0.570818 0.452384 0.570818 0.427616
13 0.467157 0.583383 0.491621 0.583383 0.491621 0.608151 0.467157 0.608151 0.467157 0.583383
13 0.811012 0.801902 0.835477 0.801902 0.835477 0.826670 0.811012 0.826670 0.811012 0.801902
9 0.182413 0.414087 0.177663 0.402675 0.729263 0.167355 0.734013 0.178767 
9 0.725585 0.173948 0.737692 0.172175 0.829298 0.813399 0.817191 0.815172 
9 0.176802 0.413636 0.183273 0.403126 0.826480 0.809031 0.820009 0.819540 
3 0.763930 0.436051 0.754047 0.496011 0.725469 0.549473 0.681292 0.590644 0.626304 0.615063 0.566464 0.620083 0.508256 0.605160 0.457988 0.571912 0.421108 0.523941 0.401611 0.466446 0.401611 0.405657 0.421108 0.348162 0.457988 0.300191 0.508256 0.266942 0.566464 0.252019 0.626304 0.257039 0.681292 0.281458 0.725469 0.322629 0.754047 0.376091 0.763930 0.436051
22 0.417002 0.133678 0.515260 0.133678 0.515260 0.246977 0.417002 0.246977
22 0.366358 0.605472 0.454855 0.605472 0.454855 0.719819 0.366358 0.719819
22 0.787888 0.356793 0.875058 0.356793 0.875058 0.468129 0.787888 0.468129
22 0.736608 0.055327 0.834304 0.055327 0.834304 0.182150 0.736608 0.182150
22 0.821175 0.823665 0.906740 0.823665 0.906740 0.937547 0.821175 0.937547
22 0.067359 0.356292 0.149541 0.356292 0.149541 0.467095 0.067359 0.467095
22 0.589599 0.444121 0.684979 0.444121 0.684979 0.554848 0.589599 0.554848
19 0.090932 0.204315 0.356223 0.204315 0.356223 0.309251 0.090932 0.309251
19 0.450160 0.746644 0.713619 0.746644 0.713619 0.851888 0.450160 0.851888
