13 0.145877 0.607572 0.158377 0.607572 0.158377 0.628792 0.145877 0.628792 0.145877 0.607572
13 0.400484 0.651676 0.412984 0.651676 0.412984 0.672896 0.400484 0.672896 0.400484 0.651676
13 0.735786 0.705873 0.748286 0.705873 0.748286 0.727094 0.735786 0.727094 0.735786 0.705873
13 0.864120 0.726533 0.876620 0.726533 0.876620 0.747753 0.864120 0.747753 0.864120 0.726533
13 0.776119 0.114585 0.788619 0.114585 0.788619 0.135805 0.776119 0.135805 0.776119 0.114585
13 0.644255 0.217961 0.656755 0.217961 0.656755 0.239182 0.644255 0.239182 0.644255 0.217961
13 0.396260 0.411208 0.408760 0.411208 0.408760 0.432428 0.396260 0.432428 0.396260 0.411208
9 0.151824 0.623462 0.152431 0.612902 0.870674 0.731863 0.870067 0.742423 
9 0.153435 0.623000 0.150820 0.613364 0.781061 0.120377 0.783677 0.130013 
3 0.773812 0.532146 0.763431 0.637756 0.733412 0.731921 0.687010 0.804437 0.629251 0.847447 0.566396 0.856288 0.505255 0.830004 0.452454 0.771443 0.413715 0.686949 0.393236 0.585681 0.393236 0.478611 0.413715 0.377343 0.452454 0.292849 0.505255 0.234288 0.566396 0.208004 0.629251 0.216845 0.687010 0.259855 0.733412 0.332371 0.763431 0.426536 0.773812 0.532146
18 0.786594 0.377856 0.908189 0.377856 0.908189 0.495671 0.786594 0.495671
22 0.622599 0.087888 0.678889 0.087888 0.678889 0.201079 0.622599 0.201079
22 0.347301 0.676927 0.400616 0.676927 0.400616 0.789708 0.347301 0.789708
22 0.342736 0.298691 0.402480 0.298691 0.402480 0.412701 0.342736 0.412701
22 0.068949 0.565740 0.130275 0.565740 0.130275 0.682275 0.068949 0.682275
22 0.727786 0.743474 0.790199 0.743474 0.790199 0.862314 0.727786 0.862314
18 0.405145 0.472300 0.498545 0.472300 0.498545 0.586422 0.405145 0.586422
