13 0.452572 0.540406 0.478462 0.540406 0.478462 0.576442 0.452572 0.576442 0.452572 0.540406
13 0.698667 0.539887 0.724557 0.539887 0.724557 0.575923 0.698667 0.575923 0.698667 0.539887
13 0.556595 0.227328 0.582485 0.227328 0.582485 0.263364 0.556595 0.263364 0.556595 0.227328
9 0.465527 0.567433 0.465507 0.549415 0.711602 0.548896 0.711622 0.566914 
9 0.563665 0.241564 0.575415 0.249127 0.471392 0.562205 0.459643 0.554642 
9 0.564070 0.250162 0.575010 0.240529 0.717082 0.553088 0.706142 0.562721 
3 0.709844 0.554182 0.696515 0.665357 0.657974 0.764484 0.598397 0.840822 0.524239 0.886098 0.443538 0.895406 0.365038 0.867737 0.297246 0.806089 0.247508 0.717143 0.221215 0.610538 0.221215 0.497825 0.247508 0.391220 0.297246 0.302274 0.365038 0.240626 0.443538 0.212957 0.524239 0.222265 0.598397 0.267541 0.657974 0.343879 0.696515 0.443006 0.709844 0.554182
22 0.733026 0.501022 0.812275 0.501022 0.812275 0.618058 0.733026 0.618058
22 0.393235 0.436831 0.442905 0.436831 0.442905 0.552107 0.393235 0.552107
22 0.554484 0.095621 0.653183 0.095621 0.653183 0.214628 0.554484 0.214628
