13 0.030946 0.158093 0.063599 0.158093 0.063599 0.190222 0.030946 0.190222 0.030946 0.158093
13 0.720816 0.159732 0.753469 0.159732 0.753469 0.191860 0.720816 0.191860 0.720816 0.159732
13 0.721531 0.946483 0.754184 0.946483 0.754184 0.978611 0.721531 0.978611 0.721531 0.946483
9 0.047253 0.182189 0.047292 0.166125 0.737163 0.167764 0.737123 0.183828 
9 0.728980 0.175803 0.745306 0.175789 0.746020 0.962540 0.729694 0.962554 
9 0.041089 0.179401 0.053456 0.168913 0.744041 0.957303 0.731674 0.967791 
12 0.633093 0.151229 0.756786 0.151229 0.756786 0.274701 0.633093 0.274701
19 0.266593 0.557774 0.340970 0.557774 0.340970 0.643030 0.266593 0.643030
19 0.779435 0.481590 0.897784 0.481590 0.897784 0.590988 0.779435 0.590988
19 0.345525 0.042195 0.465986 0.042195 0.465986 0.147177 0.345525 0.147177
