13 0.218571 0.913810 0.233386 0.913810 0.233386 0.937619 0.218571 0.937619 0.218571 0.913810
13 0.574338 0.912801 0.589153 0.912801 0.589153 0.936611 0.574338 0.936611 0.574338 0.912801
13 0.919639 0.641156 0.934454 0.641156 0.934454 0.664966 0.919639 0.664966 0.919639 0.641156
13 0.574033 0.641722 0.588847 0.641722 0.588847 0.665531 0.574033 0.665531 0.574033 0.641722
13 0.218161 0.641722 0.232975 0.641722 0.232975 0.665531 0.218161 0.665531 0.218161 0.641722
13 0.049532 0.642381 0.064347 0.642381 0.064347 0.666190 0.049532 0.666190 0.049532 0.642381
13 0.217629 0.084902 0.232444 0.084902 0.232444 0.108711 0.217629 0.108711 0.217629 0.084902
13 0.573850 0.085238 0.588665 0.085238 0.588665 0.109048 0.573850 0.109048 0.573850 0.085238
13 0.406294 0.357381 0.421108 0.357381 0.421108 0.381190 0.406294 0.381190 0.406294 0.357381
13 0.574033 0.356007 0.588847 0.356007 0.588847 0.379817 0.574033 0.379817 0.574033 0.356007
13 0.920232 0.355333 0.935047 0.355333 0.935047 0.379143 0.920232 0.379143 0.920232 0.355333
9 0.056943 0.660238 0.056936 0.648333 0.927043 0.647109 0.927050 0.659014 
9 0.221333 0.096818 0.228740 0.096796 0.229682 0.925703 0.222275 0.925725 
9 0.577554 0.097149 0.584961 0.097137 0.585450 0.924700 0.578042 0.924712 
9 0.413710 0.375238 0.413692 0.363333 0.927630 0.361286 0.927649 0.373190 
12 0.214852 0.524195 0.305177 0.524195 0.305177 0.669984 0.214852 0.669984
12 0.570455 0.524403 0.660398 0.524403 0.660398 0.669666 0.570455 0.669666
12 0.569608 0.237902 0.660617 0.237902 0.660617 0.384122 0.569608 0.384122
20 0.866316 0.221322 0.910959 0.221322 0.910959 0.314385 0.866316 0.314385
20 0.855211 0.480642 0.912606 0.480642 0.912606 0.599330 0.855211 0.599330
20 0.607382 0.787897 0.659645 0.787897 0.659645 0.907708 0.607382 0.907708
20 0.144765 0.813242 0.192864 0.813242 0.192864 0.908688 0.144765 0.908688
