13 0.862600 0.097864 0.885263 0.097864 0.885263 0.128167 0.862600 0.128167 0.862600 0.097864
13 0.861532 0.777706 0.884195 0.777706 0.884195 0.808009 0.861532 0.808009 0.861532 0.777706
13 0.047073 0.778420 0.069736 0.778420 0.069736 0.808723 0.047073 0.808723 0.047073 0.778420
9 0.061404 0.799998 0.055405 0.787145 0.870932 0.106589 0.876931 0.119443 
9 0.868266 0.113000 0.879597 0.113032 0.878529 0.792873 0.867198 0.792841 
9 0.058408 0.801147 0.058401 0.785996 0.872860 0.785281 0.872867 0.800433 
19 0.364771 0.302554 0.470764 0.302554 0.470764 0.428517 0.364771 0.428517
19 0.416285 0.819855 0.522876 0.819855 0.522876 0.947256 0.416285 0.947256
19 0.899839 0.402872 0.963388 0.402872 0.963388 0.502790 0.899839 0.502790
12 0.752680 0.629210 0.889594 0.629210 0.889594 0.809560 0.752680 0.809560
