13 0.179735 0.275797 0.202462 0.275797 0.202462 0.300337 0.179735 0.300337 0.179735 0.275797
13 0.380985 0.274763 0.403712 0.274763 0.403712 0.299303 0.380985 0.299303 0.380985 0.274763
13 0.729377 0.276301 0.752104 0.276301 0.752104 0.300841 0.729377 0.300841 0.729377 0.276301
13 0.493927 0.504873 0.516655 0.504873 0.516655 0.529413 0.493927 0.529413 0.493927 0.504873
13 0.283169 0.714968 0.305896 0.714968 0.305896 0.739508 0.283169 0.739508 0.283169 0.714968
9 0.191094 0.294202 0.191103 0.281932 0.740746 0.282436 0.740736 0.294706 
9 0.298358 0.731774 0.290707 0.722702 0.736916 0.284035 0.744566 0.293108 
3 0.505243 0.493231 0.493571 0.568753 0.459821 0.636091 0.407650 0.687948 0.342712 0.718705 0.272043 0.725028 0.203302 0.706232 0.143938 0.664354 0.100384 0.603932 0.077359 0.531514 0.077359 0.454948 0.100384 0.382530 0.143938 0.322109 0.203302 0.280231 0.272043 0.261435 0.342712 0.267758 0.407650 0.298514 0.459821 0.350371 0.493571 0.417709 0.505243 0.493231
19 0.425066 0.071781 0.533522 0.071781 0.533522 0.175361 0.425066 0.175361
19 0.627857 0.401810 0.737634 0.401810 0.737634 0.503925 0.627857 0.503925
19 0.618867 0.613464 0.730493 0.613464 0.730493 0.715015 0.618867 0.715015
1 0.178977 0.088957 0.423295 0.088957 0.423295 0.165644 0.178977 0.165644
1 0.531250 0.095092 0.764205 0.095092 0.764205 0.156442 0.531250 0.156442
1 0.718750 0.411043 0.920455 0.411043 0.920455 0.616564 0.718750 0.616564
1 0.434659 0.705521 0.636364 0.705521 0.636364 0.914110 0.434659 0.914110
8 0.179322 0.091626 0.276387 0.091626 0.276387 0.164655 0.179322 0.164655
8 0.670419 0.093845 0.764225 0.093845 0.764225 0.160486 0.670419 0.160486
8 0.827012 0.420592 0.915163 0.420592 0.915163 0.502790 0.827012 0.502790
8 0.434417 0.832820 0.512866 0.832820 0.512866 0.913949 0.434417 0.913949
19 0.501201 0.183959 0.586971 0.183959 0.586971 0.275592 0.501201 0.275592
