13 0.496597 0.217637 0.517650 0.217637 0.517650 0.249895 0.496597 0.249895 0.496597 0.217637
13 0.092516 0.791563 0.113569 0.791563 0.113569 0.823821 0.092516 0.823821 0.092516 0.791563
13 0.199240 0.790082 0.220293 0.790082 0.220293 0.822340 0.199240 0.822340 0.199240 0.790082
13 0.362421 0.790157 0.383474 0.790157 0.383474 0.822415 0.362421 0.822415 0.362421 0.790157
13 0.693680 0.790624 0.714733 0.790624 0.714733 0.822882 0.693680 0.822882 0.693680 0.790624
13 0.833568 0.790082 0.854621 0.790082 0.854621 0.822340 0.833568 0.822340 0.833568 0.790082
13 0.943205 0.792100 0.964258 0.792100 0.964258 0.824358 0.943205 0.824358 0.943205 0.792100
9 0.103040 0.815757 0.103045 0.799628 0.953734 0.800164 0.953729 0.816293 
9 0.502467 0.237526 0.511780 0.230006 0.708862 0.802993 0.699550 0.810513 
9 0.502170 0.231041 0.512077 0.236492 0.377901 0.809011 0.367994 0.803560 
22 0.479850 0.091726 0.542790 0.091726 0.542790 0.205688 0.479850 0.205688
22 0.167991 0.844881 0.235589 0.844881 0.235589 0.961208 0.167991 0.961208
22 0.665800 0.844717 0.736127 0.844717 0.736127 0.961612 0.665800 0.961612
22 0.806070 0.844315 0.873979 0.844315 0.873979 0.961928 0.806070 0.961928
22 0.330267 0.845634 0.406823 0.845634 0.406823 0.963750 0.330267 0.963750
