13 0.108497 0.665988 0.125889 0.665988 0.125889 0.697360 0.108497 0.697360 0.108497 0.665988
13 0.301304 0.165037 0.318696 0.165037 0.318696 0.196409 0.301304 0.196409 0.301304 0.165037
13 0.499638 0.416710 0.517029 0.416710 0.517029 0.448083 0.499638 0.448083 0.499638 0.416710
13 0.697971 0.667256 0.715362 0.667256 0.715362 0.698629 0.697971 0.698629 0.697971 0.667256
13 0.891138 0.164434 0.908529 0.164434 0.908529 0.195807 0.891138 0.195807 0.891138 0.164434
9 0.117188 0.689517 0.117198 0.673831 0.706672 0.675099 0.706661 0.690785 
9 0.896260 0.175653 0.903407 0.184588 0.710240 0.687410 0.703093 0.678475 
9 0.118648 0.689065 0.115738 0.674283 0.898378 0.172730 0.901289 0.187511 
9 0.306429 0.176250 0.313571 0.185196 0.120764 0.686147 0.113622 0.677201 
9 0.310002 0.188566 0.309998 0.172880 0.899831 0.172277 0.899836 0.187964 
9 0.307502 0.187143 0.312498 0.174303 0.709164 0.676523 0.704169 0.689362 
22 0.267228 0.068296 0.316579 0.068296 0.316579 0.171034 0.267228 0.171034
22 0.058314 0.694530 0.105137 0.694530 0.105137 0.796704 0.058314 0.796704
22 0.711798 0.694523 0.766758 0.694523 0.766758 0.799657 0.711798 0.799657
22 0.491311 0.299980 0.542368 0.299980 0.542368 0.401383 0.491311 0.401383
22 0.915703 0.071994 0.970204 0.071994 0.970204 0.175163 0.915703 0.175163
