13 0.162635 0.826783 0.185824 0.826783 0.185824 0.854561 0.162635 0.854561 0.162635 0.826783
13 0.874120 0.828968 0.897308 0.828968 0.897308 0.856746 0.874120 0.856746 0.874120 0.828968
13 0.163236 0.148968 0.186424 0.148968 0.186424 0.176746 0.163236 0.176746 0.163236 0.148968
9 0.174215 0.847617 0.174245 0.833728 0.885729 0.835913 0.885699 0.849802 
9 0.171213 0.168284 0.178447 0.157431 0.889332 0.837431 0.882097 0.848284 
9 0.169033 0.162850 0.180627 0.162865 0.180027 0.840680 0.168433 0.840665 
12 0.158078 0.747964 0.248610 0.747964 0.248610 0.858783 0.158078 0.858783
22 0.082547 0.034703 0.159975 0.034703 0.159975 0.139240 0.082547 0.139240
22 0.892799 0.853580 0.971458 0.853580 0.971458 0.957548 0.892799 0.957548
22 0.086508 0.853134 0.168117 0.853134 0.168117 0.958668 0.086508 0.958668
19 0.499925 0.371049 0.593130 0.371049 0.593130 0.471440 0.499925 0.471440
19 0.497877 0.872781 0.592410 0.872781 0.592410 0.973286 0.497877 0.973286
