13 0.221824 0.047798 0.245353 0.047798 0.245353 0.073521 0.221824 0.073521 0.221824 0.047798
13 0.089021 0.486186 0.112550 0.486186 0.112550 0.511909 0.089021 0.511909 0.089021 0.486186
13 0.221824 0.486479 0.245353 0.486479 0.245353 0.512202 0.221824 0.512202 0.221824 0.486479
13 0.891377 0.485914 0.914906 0.485914 0.914906 0.511637 0.891377 0.511637 0.891377 0.485914
13 0.221968 0.923057 0.245497 0.923057 0.245497 0.948780 0.221968 0.948780 0.221968 0.923057
9 0.100787 0.505478 0.100784 0.492617 0.903140 0.492345 0.903143 0.505206 
9 0.095204 0.501078 0.106367 0.497018 0.239314 0.933888 0.228151 0.937948 
9 0.236749 0.941439 0.230716 0.930397 0.900125 0.493255 0.906158 0.504296 
9 0.228004 0.058638 0.239172 0.062681 0.106369 0.501069 0.095201 0.497026 
9 0.230567 0.066177 0.236609 0.055141 0.906162 0.493258 0.900120 0.504294 
9 0.227706 0.060660 0.239471 0.060658 0.239615 0.935917 0.227850 0.935920 
19 0.251029 0.238399 0.362198 0.238399 0.362198 0.344725 0.251029 0.344725
19 0.143850 0.376153 0.210347 0.376153 0.210347 0.474862 0.143850 0.474862
19 0.506663 0.373683 0.623406 0.373683 0.623406 0.478660 0.506663 0.478660
19 0.250745 0.652546 0.362137 0.652546 0.362137 0.759170 0.250745 0.759170
