13 0.074253 0.263320 0.107175 0.263320 0.107175 0.291689 0.074253 0.291689 0.074253 0.263320
13 0.075196 0.895963 0.108118 0.895963 0.108118 0.924332 0.075196 0.924332 0.075196 0.895963
13 0.812111 0.707490 0.845032 0.707490 0.845032 0.735859 0.812111 0.735859 0.812111 0.707490
13 0.812111 0.073049 0.845032 0.073049 0.845032 0.101418 0.812111 0.101418 0.812111 0.073049
13 0.442067 0.486487 0.474989 0.486487 0.474989 0.514856 0.442067 0.514856 0.442067 0.486487
9 0.093999 0.916947 0.089315 0.903349 0.826230 0.714876 0.830913 0.728474 
9 0.820341 0.080141 0.836802 0.080141 0.836802 0.728767 0.820341 0.728767 
9 0.093074 0.284299 0.088355 0.270710 0.826212 0.080439 0.830931 0.094028 
9 0.082484 0.277513 0.098945 0.277495 0.099888 0.910139 0.083427 0.910157 
9 0.822055 0.082900 0.835087 0.091566 0.098173 0.914480 0.085141 0.905815 
9 0.086001 0.283318 0.095428 0.271690 0.833285 0.715861 0.823858 0.727489 
2 0.575628 0.243490 0.701142 0.243490 0.701142 0.334583 0.575628 0.334583
2 0.216418 0.647438 0.337539 0.647438 0.337539 0.731608 0.216418 0.731608
5 0.580983 0.549279 0.705596 0.549279 0.705596 0.659459 0.580983 0.659459
5 0.215056 0.335363 0.345572 0.335363 0.345572 0.450914 0.215056 0.450914
19 0.320857 0.652592 0.521261 0.652592 0.521261 0.750954 0.320857 0.750954
19 0.577832 0.460493 0.780410 0.460493 0.780410 0.554138 0.577832 0.554138
