13 0.052470 0.867130 0.084216 0.867130 0.084216 0.896221 0.052470 0.896221 0.052470 0.867130
13 0.877534 0.866848 0.909280 0.866848 0.909280 0.895939 0.877534 0.895939 0.877534 0.866848
13 0.877884 0.113436 0.909630 0.113436 0.909630 0.142527 0.877884 0.142527 0.877884 0.113436
13 0.465029 0.488899 0.496775 0.488899 0.496775 0.517990 0.465029 0.517990 0.465029 0.488899
13 0.053195 0.112247 0.084941 0.112247 0.084941 0.141338 0.053195 0.141338 0.053195 0.112247
9 0.073945 0.886827 0.062741 0.876524 0.888155 0.122830 0.899359 0.133133 
9 0.885820 0.127978 0.901693 0.127984 0.901343 0.881397 0.885470 0.881390 
9 0.068346 0.888948 0.068340 0.874403 0.893404 0.874121 0.893410 0.888666 
9 0.061132 0.126786 0.077005 0.126799 0.076279 0.881682 0.060406 0.881669 
9 0.069056 0.134065 0.069081 0.119520 0.893769 0.120709 0.893744 0.135254 
9 0.063459 0.131938 0.074677 0.121647 0.899016 0.876248 0.887798 0.886539 
19 0.304045 0.231192 0.390077 0.231192 0.390077 0.346877 0.304045 0.346877
19 0.670033 0.320059 0.755439 0.320059 0.755439 0.435377 0.670033 0.435377
19 0.661008 0.555189 0.747245 0.555189 0.747245 0.670556 0.661008 0.670556
19 0.307852 0.662430 0.393429 0.662430 0.393429 0.776987 0.307852 0.776987
12 0.280780 0.411871 0.485326 0.411871 0.485326 0.597059 0.280780 0.597059
