13 0.481545 0.030373 0.518074 0.030373 0.518074 0.056347 0.481545 0.056347 0.481545 0.030373
13 0.875744 0.126405 0.912274 0.126405 0.912274 0.152379 0.875744 0.152379 0.875744 0.126405
13 0.421735 0.192298 0.458265 0.192298 0.458265 0.218272 0.421735 0.218272 0.421735 0.192298
13 0.740135 0.262948 0.776665 0.262948 0.776665 0.288922 0.740135 0.288922 0.740135 0.262948
13 0.275307 0.588004 0.311836 0.588004 0.311836 0.613978 0.275307 0.613978 0.275307 0.588004
13 0.378385 0.634476 0.414915 0.634476 0.414915 0.660450 0.378385 0.660450 0.378385 0.634476
13 0.191587 0.822729 0.228117 0.822729 0.228117 0.848703 0.191587 0.848703 0.191587 0.822729
9 0.886523 0.135673 0.901496 0.143110 0.217339 0.839435 0.202366 0.831997 
9 0.490971 0.041725 0.508648 0.044996 0.218690 0.837351 0.201014 0.834081 
3 0.841845 0.427883 0.824119 0.503415 0.772861 0.570761 0.693627 0.622625 0.595002 0.653385 0.487675 0.659708 0.383274 0.640910 0.293115 0.599027 0.226967 0.538598 0.191998 0.466171 0.191998 0.389595 0.226967 0.317169 0.293115 0.256740 0.383274 0.214857 0.487675 0.196058 0.595002 0.202382 0.693627 0.233142 0.772861 0.285006 0.824119 0.352352 0.841845 0.427883
22 0.284203 0.089126 0.420110 0.089126 0.420110 0.194994 0.284203 0.194994
22 0.828506 0.213911 0.957892 0.213911 0.957892 0.319247 0.828506 0.319247
22 0.124313 0.570746 0.249540 0.570746 0.249540 0.675274 0.124313 0.675274
22 0.358908 0.669928 0.496119 0.669928 0.496119 0.774118 0.358908 0.774118
22 0.094781 0.855100 0.229322 0.855100 0.229322 0.959551 0.094781 0.959551
