13 0.500051 0.101558 0.528521 0.101558 0.528521 0.122722 0.500051 0.122722 0.500051 0.101558
13 0.162273 0.356557 0.190743 0.356557 0.190743 0.377721 0.162273 0.377721 0.162273 0.356557
13 0.387352 0.355848 0.415822 0.355848 0.415822 0.377012 0.387352 0.377012 0.387352 0.355848
13 0.610639 0.355375 0.639109 0.355375 0.639109 0.376539 0.610639 0.376539 0.610639 0.355375
13 0.839915 0.356997 0.868385 0.356997 0.868385 0.378161 0.839915 0.378161 0.839915 0.356997
13 0.331479 0.483035 0.359949 0.483035 0.359949 0.504199 0.331479 0.504199 0.331479 0.483035
13 0.667479 0.482609 0.695949 0.482609 0.695949 0.503773 0.667479 0.503773 0.667479 0.482609
13 0.499149 0.607111 0.527618 0.607111 0.527618 0.628275 0.499149 0.628275 0.499149 0.607111
13 0.160241 0.858070 0.188711 0.858070 0.188711 0.879234 0.160241 0.879234 0.160241 0.858070
13 0.837956 0.859489 0.866425 0.859489 0.866425 0.880653 0.837956 0.880653 0.837956 0.859489
9 0.179488 0.872409 0.169464 0.864896 0.849138 0.363822 0.859161 0.371335 
9 0.176502 0.372430 0.176514 0.361848 0.854156 0.362288 0.854143 0.372870 
9 0.169391 0.367124 0.183625 0.367155 0.181594 0.868668 0.167359 0.868637 
9 0.174456 0.873943 0.174496 0.863361 0.852211 0.864780 0.852170 0.875362 
9 0.847032 0.367563 0.861267 0.367594 0.859308 0.870086 0.845073 0.870056 
9 0.507530 0.113805 0.521042 0.110476 0.858947 0.868406 0.845434 0.871735 
9 0.507535 0.110464 0.521037 0.113816 0.181227 0.870328 0.167725 0.866977 
9 0.171472 0.370878 0.181544 0.363401 0.857226 0.866332 0.847154 0.873810 
9 0.509214 0.108428 0.519357 0.115853 0.181579 0.370852 0.171437 0.363427 
9 0.509225 0.115861 0.519346 0.108419 0.859210 0.363858 0.849089 0.371299 
22 0.463869 0.019448 0.556797 0.019448 0.556797 0.096136 0.463869 0.096136
22 0.058816 0.317674 0.150030 0.317674 0.150030 0.399896 0.058816 0.399896
22 0.870309 0.318258 0.958026 0.318258 0.958026 0.397506 0.870309 0.397506
22 0.116867 0.884148 0.213647 0.884148 0.213647 0.962379 0.116867 0.962379
22 0.805118 0.883654 0.904275 0.883654 0.904275 0.963265 0.805118 0.963265
