13 0.080687 0.078397 0.111695 0.078397 0.111695 0.114926 0.080687 0.114926 0.080687 0.078397
13 0.715661 0.078119 0.746669 0.078119 0.746669 0.114648 0.715661 0.114648 0.715661 0.078119
13 0.079283 0.827017 0.110291 0.827017 0.110291 0.863546 0.079283 0.863546 0.079283 0.827017
13 0.713742 0.826109 0.744750 0.826109 0.744750 0.862638 0.713742 0.862638 0.713742 0.826109
9 0.088439 0.096641 0.103943 0.096682 0.102539 0.845302 0.087035 0.845261 
9 0.090702 0.103111 0.101679 0.090212 0.734735 0.837924 0.723758 0.850823 
9 0.723413 0.096356 0.738917 0.096411 0.736998 0.844401 0.721494 0.844346 
9 0.096194 0.105794 0.096188 0.087529 0.731162 0.087251 0.731168 0.105516 
9 0.094796 0.854414 0.094777 0.836149 0.729237 0.835241 0.729256 0.853506 
19 0.364562 0.253096 0.449017 0.253096 0.449017 0.386825 0.364562 0.386825
18 0.116303 0.273246 0.223264 0.273246 0.223264 0.421324 0.116303 0.421324
12 0.071016 0.705301 0.208292 0.705301 0.208292 0.868444 0.071016 0.868444
2 0.387376 0.022831 0.447173 0.022831 0.447173 0.180673 0.387376 0.180673
2 0.018913 0.425539 0.173587 0.425539 0.173587 0.511073 0.018913 0.511073
2 0.648799 0.424427 0.797176 0.424427 0.797176 0.511173 0.648799 0.511173
19 0.795494 0.400262 0.964099 0.400262 0.964099 0.545893 0.795494 0.545893
2 0.382530 0.753084 0.448981 0.753084 0.448981 0.936437 0.382530 0.936437
