13 0.565516 0.792063 0.578695 0.792063 0.578695 0.807937 0.565516 0.807937 0.565516 0.792063
13 0.644053 0.192063 0.657233 0.192063 0.657233 0.207937 0.644053 0.207937 0.644053 0.192063
13 0.176890 0.414921 0.190070 0.414921 0.190070 0.430794 0.176890 0.430794 0.176890 0.414921
9 0.184693 0.426547 0.182267 0.419168 0.649430 0.196311 0.651857 0.203689 
9 0.647388 0.199382 0.653898 0.200618 0.575360 0.800618 0.568851 0.799382 
9 0.181413 0.425947 0.185547 0.419767 0.574173 0.796910 0.570038 0.803090 
2 0.381222 0.267164 0.430477 0.267164 0.430477 0.364785 0.381222 0.364785
2 0.351109 0.572119 0.416797 0.572119 0.416797 0.661819 0.351109 0.661819
19 0.630864 0.456266 0.941730 0.456266 0.941730 0.565232 0.630864 0.565232
18 0.491095 0.264401 0.632730 0.264401 0.632730 0.365175 0.491095 0.365175
18 0.248454 0.386598 0.392443 0.386598 0.392443 0.487887 0.248454 0.487887
22 0.540655 0.823757 0.609961 0.823757 0.609961 0.914654 0.540655 0.914654
22 0.099506 0.373805 0.164816 0.373805 0.164816 0.464326 0.099506 0.464326
22 0.638879 0.085666 0.705405 0.085666 0.705405 0.174749 0.638879 0.174749
19 0.311840 0.177818 0.436141 0.177818 0.436141 0.264045 0.311840 0.264045
