13 0.501980 0.865475 0.515336 0.865475 0.515336 0.883096 0.501980 0.883096 0.501980 0.865475
13 0.501053 0.659761 0.514408 0.659761 0.514408 0.677382 0.501053 0.677382 0.501053 0.659761
13 0.235746 0.232822 0.249102 0.232822 0.249102 0.250443 0.235746 0.250443 0.235746 0.232822
13 0.502413 0.235761 0.515769 0.235761 0.515769 0.253382 0.502413 0.253382 0.502413 0.235761
13 0.766977 0.234455 0.780333 0.234455 0.780333 0.252076 0.766977 0.252076 0.766977 0.234455
9 0.505752 0.244567 0.512430 0.244575 0.511997 0.874290 0.505319 0.874282 
9 0.242416 0.246038 0.242432 0.237227 0.773663 0.238860 0.773647 0.247671 
9 0.771079 0.240462 0.776231 0.246069 0.510306 0.671375 0.505155 0.665768 
9 0.239842 0.244426 0.245006 0.238840 0.510312 0.665778 0.505148 0.671364 
12 0.496028 0.224599 0.570893 0.224599 0.570893 0.324466 0.496028 0.324466
19 0.681460 0.404948 0.854644 0.404948 0.854644 0.497772 0.681460 0.497772
19 0.174601 0.409208 0.331857 0.409208 0.331857 0.499851 0.174601 0.499851
22 0.417086 0.658750 0.486532 0.658750 0.486532 0.760423 0.417086 0.760423
22 0.477503 0.126683 0.540476 0.126683 0.540476 0.224417 0.477503 0.224417
22 0.155731 0.162438 0.223073 0.162438 0.223073 0.260505 0.155731 0.260505
22 0.799845 0.160109 0.858836 0.160109 0.858836 0.258364 0.799845 0.258364
19 0.352970 0.136158 0.402777 0.136158 0.402777 0.225247 0.352970 0.225247
19 0.612240 0.136274 0.661307 0.136274 0.661307 0.225077 0.612240 0.225077
