13 0.012114 0.285817 0.035505 0.285817 0.035505 0.322346 0.012114 0.322346 0.012114 0.285817
13 0.283997 0.704100 0.307389 0.704100 0.307389 0.740629 0.283997 0.740629 0.283997 0.704100
13 0.596241 0.701164 0.619632 0.701164 0.619632 0.737693 0.596241 0.737693 0.596241 0.701164
13 0.596363 0.287449 0.619755 0.287449 0.619755 0.323979 0.596363 0.323979 0.596363 0.287449
13 0.866414 0.704100 0.889806 0.704100 0.889806 0.740629 0.866414 0.740629 0.866414 0.704100
9 0.295693 0.731497 0.295693 0.713232 0.878110 0.713232 0.878110 0.731497 
9 0.019705 0.310587 0.027914 0.297576 0.299797 0.715859 0.291589 0.728870 
9 0.023799 0.313214 0.023820 0.294949 0.608069 0.296582 0.608048 0.314847 
9 0.603949 0.312211 0.612169 0.299218 0.882220 0.715868 0.874000 0.728861 
9 0.602211 0.305710 0.613907 0.305718 0.613784 0.719433 0.602089 0.719424 
12 0.532908 0.598277 0.622468 0.598277 0.622468 0.739612 0.532908 0.739612
1 0.614035 0.187215 0.812865 0.187215 0.812865 0.420091 0.614035 0.420091
1 0.707602 0.780822 0.897661 0.780822 0.897661 0.858447 0.707602 0.858447
1 0.286550 0.780822 0.491228 0.780822 0.491228 0.853881 0.286550 0.853881
8 0.284448 0.788313 0.353287 0.788313 0.353287 0.847829 0.284448 0.847829
8 0.836944 0.788906 0.901150 0.788906 0.901150 0.848739 0.836944 0.848739
7 0.620947 0.374182 0.656064 0.374182 0.656064 0.414967 0.620947 0.414967
18 0.763605 0.068159 0.880500 0.068159 0.880500 0.202661 0.763605 0.202661
19 0.490082 0.750391 0.710558 0.750391 0.710558 0.880172 0.490082 0.880172
19 0.751039 0.392546 0.941483 0.392546 0.941483 0.521500 0.751039 0.521500
