13 0.217800 0.894086 0.235191 0.894086 0.235191 0.917342 0.217800 0.917342 0.217800 0.894086
13 0.672928 0.894086 0.690320 0.894086 0.690320 0.917342 0.672928 0.917342 0.672928 0.894086
13 0.935749 0.657896 0.953140 0.657896 0.953140 0.681152 0.935749 0.681152 0.935749 0.657896
13 0.704203 0.655905 0.721594 0.655905 0.721594 0.679160 0.704203 0.679160 0.704203 0.655905
13 0.248427 0.656944 0.265818 0.656944 0.265818 0.680199 0.248427 0.680199 0.248427 0.656944
13 0.025492 0.657896 0.042884 0.657896 0.042884 0.681152 0.025492 0.681152 0.025492 0.657896
13 0.036176 0.388372 0.053567 0.388372 0.053567 0.411628 0.036176 0.411628 0.036176 0.388372
13 0.291107 0.328152 0.308498 0.328152 0.308498 0.351408 0.291107 0.351408 0.291107 0.328152
13 0.324638 0.076944 0.342029 0.076944 0.342029 0.100199 0.324638 0.100199 0.324638 0.076944
13 0.761390 0.216944 0.778781 0.216944 0.778781 0.240199 0.761390 0.240199 0.761390 0.216944
13 0.780259 0.076284 0.797650 0.076284 0.797650 0.099540 0.780259 0.099540 0.780259 0.076284
13 0.933612 0.178576 0.951003 0.178576 0.951003 0.201832 0.933612 0.201832 0.933612 0.178576
9 0.329050 0.087570 0.337616 0.089573 0.230779 0.906716 0.222213 0.904713 
9 0.784672 0.086907 0.793237 0.088917 0.685906 0.906719 0.677342 0.904709 
9 0.034188 0.675338 0.034188 0.663710 0.944444 0.663710 0.944444 0.675338 
9 0.045621 0.405727 0.044123 0.394273 0.941559 0.184477 0.943056 0.195931 
16 0.317360 0.214776 0.363037 0.214776 0.363037 0.311254 0.317360 0.311254
16 0.691078 0.259088 0.743297 0.259088 0.743297 0.356149 0.691078 0.356149
16 0.303115 0.354636 0.355360 0.354636 0.355360 0.449386 0.303115 0.449386
16 0.279878 0.551663 0.331223 0.551663 0.331223 0.646797 0.279878 0.646797
16 0.175872 0.682270 0.228371 0.682270 0.228371 0.780160 0.175872 0.780160
16 0.632375 0.683309 0.684039 0.683309 0.684039 0.779451 0.632375 0.779451
