13 0.613184 0.149167 0.638581 0.149167 0.638581 0.181167 0.613184 0.181167 0.613184 0.149167
13 0.751092 0.262125 0.776489 0.262125 0.776489 0.294125 0.751092 0.294125 0.751092 0.262125
13 0.134402 0.318375 0.159799 0.318375 0.159799 0.350375 0.134402 0.350375 0.134402 0.318375
13 0.380455 0.493651 0.405852 0.493651 0.405852 0.525651 0.380455 0.525651 0.380455 0.493651
13 0.524430 0.596500 0.549827 0.596500 0.549827 0.628500 0.524430 0.628500 0.524430 0.596500
13 0.752648 0.761500 0.778045 0.761500 0.778045 0.793500 0.752648 0.793500 0.752648 0.761500
13 0.168062 0.805395 0.193459 0.805395 0.193459 0.837395 0.168062 0.837395 0.168062 0.805395
13 0.307180 0.919096 0.332577 0.919096 0.332577 0.951096 0.307180 0.951096 0.307180 0.919096
9 0.143961 0.341329 0.150240 0.327421 0.768486 0.770546 0.762207 0.784454 
9 0.755697 0.270489 0.765390 0.280825 0.322307 0.940474 0.312614 0.930138 
9 0.623910 0.160392 0.633516 0.170858 0.186120 0.822800 0.176515 0.812335 
20 0.631746 0.044000 0.688889 0.044000 0.688889 0.136000 0.631746 0.136000
20 0.771429 0.176000 0.850794 0.176000 0.850794 0.260000 0.771429 0.260000
20 0.038095 0.228000 0.111111 0.228000 0.111111 0.360000 0.038095 0.360000
7 0.412698 0.476000 0.447619 0.476000 0.447619 0.512000 0.412698 0.512000
7 0.517460 0.560000 0.552381 0.560000 0.552381 0.596000 0.517460 0.596000
18 0.209524 0.212000 0.485714 0.212000 0.485714 0.328000 0.209524 0.328000
18 0.653968 0.512000 0.933333 0.512000 0.933333 0.628000 0.653968 0.628000
