13 0.721686 0.076888 0.740643 0.076888 0.740643 0.108509 0.721686 0.108509 0.721686 0.076888
13 0.211925 0.210761 0.230883 0.210761 0.230883 0.242382 0.211925 0.242382 0.211925 0.210761
13 0.027881 0.738995 0.046839 0.738995 0.046839 0.770615 0.027881 0.770615 0.027881 0.738995
13 0.394164 0.738475 0.413121 0.738475 0.413121 0.770096 0.394164 0.770096 0.394164 0.738475
13 0.493946 0.738475 0.512903 0.738475 0.512903 0.770096 0.493946 0.770096 0.493946 0.738475
13 0.950424 0.738475 0.969382 0.738475 0.969382 0.770096 0.950424 0.770096 0.950424 0.738475
9 0.217306 0.222599 0.225502 0.230543 0.041458 0.758777 0.033262 0.750833 
9 0.217297 0.230517 0.225511 0.222626 0.407749 0.750340 0.399536 0.758231 
9 0.037364 0.762710 0.037356 0.746900 0.403639 0.746381 0.403647 0.762191 
9 0.727054 0.088762 0.735274 0.096635 0.507535 0.758222 0.499315 0.750349 
9 0.727059 0.096648 0.735270 0.088749 0.964009 0.750337 0.955797 0.758235 
9 0.503425 0.762191 0.503425 0.746381 0.959903 0.746381 0.959903 0.762191 
19 0.547629 0.345449 0.596761 0.345449 0.596761 0.466587 0.547629 0.466587
19 0.864345 0.345275 0.913993 0.345275 0.913993 0.466343 0.864345 0.466343
19 0.065709 0.422053 0.114232 0.422053 0.114232 0.537539 0.065709 0.537539
19 0.329823 0.421998 0.379493 0.421998 0.379493 0.538639 0.329823 0.538639
19 0.192851 0.781241 0.245294 0.781241 0.245294 0.900243 0.192851 0.900243
19 0.713604 0.781249 0.765494 0.781249 0.765494 0.904059 0.713604 0.904059
