13 0.160201 0.154618 0.188370 0.154618 0.188370 0.178715 0.160201 0.178715 0.160201 0.154618
13 0.375159 0.353580 0.403328 0.353580 0.403328 0.377677 0.375159 0.377677 0.375159 0.353580
13 0.163058 0.794324 0.191227 0.794324 0.191227 0.818421 0.163058 0.818421 0.163058 0.794324
13 0.371273 0.793712 0.399442 0.793712 0.399442 0.817808 0.371273 0.817808 0.371273 0.793712
13 0.849675 0.796001 0.877844 0.796001 0.877844 0.820098 0.849675 0.820098 0.849675 0.796001
9 0.169102 0.170744 0.179469 0.162589 0.868943 0.803972 0.858576 0.812127 
9 0.177123 0.812397 0.177163 0.800348 0.863780 0.802025 0.863739 0.814074 
9 0.167244 0.166690 0.181328 0.166644 0.184185 0.806350 0.170101 0.806396 
9 0.382202 0.365583 0.396286 0.365674 0.392399 0.805805 0.378315 0.805714 
22 0.056798 0.043483 0.157589 0.043483 0.157589 0.143688 0.056798 0.143688
22 0.373246 0.227924 0.464321 0.227924 0.464321 0.331908 0.373246 0.331908
19 0.397261 0.550249 0.474916 0.550249 0.474916 0.647683 0.397261 0.647683
12 0.153239 0.718090 0.273090 0.718090 0.273090 0.820872 0.153239 0.820872
12 0.367092 0.718666 0.486274 0.718666 0.486274 0.820649 0.367092 0.820649
22 0.056787 0.822096 0.152543 0.822096 0.152543 0.924725 0.056787 0.924725
22 0.337557 0.823649 0.434113 0.823649 0.434113 0.923395 0.337557 0.923395
22 0.841688 0.825291 0.937414 0.825291 0.937414 0.928092 0.841688 0.928092
19 0.530569 0.826262 0.700471 0.826262 0.700471 0.926511 0.530569 0.926511
19 0.025043 0.452002 0.154453 0.452002 0.154453 0.551093 0.025043 0.551093
