13 0.038904 0.108968 0.058657 0.108968 0.058657 0.136746 0.038904 0.136746 0.038904 0.108968
13 0.609280 0.106825 0.629033 0.106825 0.629033 0.134603 0.609280 0.134603 0.609280 0.106825
13 0.554208 0.261741 0.573961 0.261741 0.573961 0.289519 0.554208 0.289519 0.554208 0.261741
13 0.148208 0.304524 0.167961 0.304524 0.167961 0.332302 0.148208 0.332302 0.148208 0.304524
13 0.390123 0.738111 0.409877 0.738111 0.409877 0.765889 0.390123 0.765889 0.390123 0.738111
13 0.724880 0.738254 0.744633 0.738254 0.744633 0.766032 0.724880 0.766032 0.724880 0.738254
13 0.881802 0.740397 0.901555 0.740397 0.901555 0.768175 0.881802 0.768175 0.881802 0.740397
9 0.044896 0.127145 0.052665 0.118569 0.403884 0.747712 0.396116 0.756288 
9 0.614719 0.117668 0.623594 0.123761 0.404438 0.755047 0.395562 0.748953 
9 0.399984 0.758944 0.400016 0.745056 0.891695 0.747341 0.891662 0.761230 
22 0.585396 0.254839 0.650062 0.254839 0.650062 0.369900 0.585396 0.369900
22 0.057396 0.267212 0.124631 0.267212 0.124631 0.381759 0.057396 0.381759
18 0.450311 0.612709 0.571563 0.612709 0.571563 0.725960 0.450311 0.725960
22 0.340820 0.778079 0.408005 0.778079 0.408005 0.895462 0.340820 0.895462
22 0.693838 0.791870 0.761135 0.791870 0.761135 0.910280 0.693838 0.910280
