13 0.102764 0.754485 0.121812 0.754485 0.121812 0.780209 0.102764 0.780209 0.102764 0.754485
13 0.325752 0.754638 0.344799 0.754638 0.344799 0.780362 0.325752 0.780362 0.325752 0.754638
13 0.610750 0.755050 0.629798 0.755050 0.629798 0.780774 0.610750 0.780774 0.610750 0.755050
13 0.832700 0.754197 0.851747 0.754197 0.851747 0.779921 0.832700 0.779921 0.832700 0.754197
13 0.639841 0.093567 0.658888 0.093567 0.658888 0.119290 0.639841 0.119290 0.639841 0.093567
13 0.296032 0.091583 0.315079 0.091583 0.315079 0.117306 0.296032 0.117306 0.296032 0.091583
9 0.112290 0.773778 0.112287 0.760916 0.842222 0.760628 0.842225 0.773490 
9 0.644934 0.108787 0.653794 0.104070 0.846653 0.764700 0.837793 0.769417 
9 0.644611 0.106047 0.654118 0.106810 0.625027 0.768293 0.615520 0.767531 
9 0.305535 0.110875 0.305576 0.098014 0.649385 0.099998 0.649344 0.112859 
9 0.300802 0.104833 0.310309 0.104056 0.340029 0.767111 0.330522 0.767889 
9 0.301125 0.102088 0.309986 0.106800 0.116719 0.769703 0.107857 0.764991 
22 0.235529 0.033683 0.293215 0.033683 0.293215 0.140551 0.235529 0.140551
22 0.669334 0.034517 0.735620 0.034517 0.735620 0.142245 0.669334 0.142245
5 0.157620 0.377588 0.258489 0.377588 0.258489 0.485467 0.157620 0.485467
2 0.269296 0.398155 0.369067 0.398155 0.369067 0.464342 0.269296 0.464342
2 0.582656 0.398160 0.681986 0.398160 0.681986 0.464568 0.582656 0.464568
5 0.693837 0.378007 0.795374 0.378007 0.795374 0.486962 0.693837 0.486962
0 0.614671 0.672993 0.685409 0.672993 0.685409 0.774829 0.614671 0.774829
0 0.266320 0.672704 0.337064 0.672704 0.337064 0.778049 0.266320 0.778049
22 0.050971 0.788205 0.116132 0.788205 0.116132 0.898422 0.050971 0.898422
22 0.583764 0.787727 0.649711 0.787727 0.649711 0.895005 0.583764 0.895005
22 0.842867 0.784949 0.936543 0.784949 0.936543 0.896532 0.842867 0.896532
22 0.302348 0.788447 0.365575 0.788447 0.365575 0.899201 0.302348 0.899201
