13 0.093124 0.835972 0.113276 0.835972 0.113276 0.874996 0.093124 0.874996 0.093124 0.835972
13 0.093258 0.225649 0.113409 0.225649 0.113409 0.264673 0.093258 0.264673 0.093258 0.225649
13 0.946591 0.226771 0.966742 0.226771 0.966742 0.265796 0.946591 0.265796 0.946591 0.226771
9 0.098296 0.245157 0.108371 0.245165 0.108238 0.855488 0.098162 0.855480 
9 0.103330 0.254917 0.103337 0.235405 0.956670 0.236527 0.956663 0.256039 
9 0.104942 0.864638 0.101458 0.846330 0.954924 0.237129 0.958409 0.255437 
12 0.088946 0.215737 0.167123 0.215737 0.167123 0.370450 0.088946 0.370450
19 0.530680 0.607881 0.578709 0.607881 0.578709 0.716112 0.530680 0.716112
19 0.034910 0.455853 0.082804 0.455853 0.082804 0.585384 0.034910 0.585384
19 0.491852 0.070191 0.566984 0.070191 0.566984 0.205518 0.491852 0.205518
