13 0.120272 0.256987 0.141436 0.256987 0.141436 0.288987 0.120272 0.288987 0.120272 0.256987
13 0.121305 0.811013 0.142469 0.811013 0.142469 0.843013 0.121305 0.843013 0.121305 0.811013
13 0.273509 0.389714 0.294673 0.389714 0.294673 0.421714 0.273509 0.421714 0.273509 0.389714
13 0.759462 0.812571 0.780626 0.812571 0.780626 0.844571 0.759462 0.844571 0.759462 0.812571
9 0.125563 0.273010 0.136145 0.272964 0.137178 0.826990 0.126596 0.827036 
9 0.131879 0.835013 0.131896 0.819013 0.770053 0.820571 0.770036 0.836571 
9 0.128217 0.279923 0.133491 0.266051 0.772681 0.821636 0.767407 0.835507 
9 0.279448 0.401879 0.288734 0.409549 0.136530 0.830848 0.127244 0.823178 
12 0.251279 0.392685 0.331544 0.392685 0.331544 0.518866 0.251279 0.518866
12 0.117881 0.734055 0.190282 0.734055 0.190282 0.845935 0.117881 0.845935
1 0.534392 0.396000 0.838624 0.396000 0.838624 0.684000 0.534392 0.684000
1 0.179894 0.096000 0.484127 0.096000 0.484127 0.368000 0.179894 0.368000
8 0.175077 0.093886 0.229533 0.093886 0.229533 0.156620 0.175077 0.156620
8 0.791199 0.620775 0.843051 0.620775 0.843051 0.677478 0.791199 0.677478
22 0.060084 0.799499 0.118915 0.799499 0.118915 0.895820 0.060084 0.895820
19 0.070191 0.519030 0.112994 0.519030 0.112994 0.599227 0.070191 0.599227
19 0.195490 0.239652 0.240410 0.239652 0.240410 0.320077 0.195490 0.320077
22 0.775157 0.806968 0.830312 0.806968 0.830312 0.900716 0.775157 0.900716
22 0.067453 0.194948 0.121254 0.194948 0.121254 0.290666 0.067453 0.290666
22 0.277272 0.294078 0.334006 0.294078 0.334006 0.392018 0.277272 0.392018
19 0.499197 0.484728 0.547556 0.484728 0.547556 0.580964 0.499197 0.580964
19 0.400688 0.848523 0.448212 0.848523 0.448212 0.946016 0.400688 0.946016
19 0.485992 0.343109 0.527451 0.343109 0.527451 0.421148 0.485992 0.421148
18 0.517960 0.705231 0.616909 0.705231 0.616909 0.813422 0.517960 0.813422
18 0.136316 0.353961 0.231904 0.353961 0.231904 0.462744 0.136316 0.462744
