13 0.082568 0.504589 0.095835 0.504589 0.095835 0.520718 0.082568 0.520718 0.082568 0.504589
13 0.252924 0.580507 0.266191 0.580507 0.266191 0.596636 0.252924 0.596636 0.252924 0.580507
13 0.336090 0.616425 0.349357 0.616425 0.349357 0.632554 0.336090 0.632554 0.336090 0.616425
13 0.572173 0.723364 0.585440 0.723364 0.585440 0.739493 0.572173 0.739493 0.572173 0.723364
13 0.729114 0.489078 0.742381 0.489078 0.742381 0.505207 0.729114 0.505207 0.729114 0.489078
13 0.783440 0.409078 0.796707 0.409078 0.796707 0.425207 0.783440 0.425207 0.783440 0.409078
13 0.899470 0.240507 0.912737 0.240507 0.912737 0.256636 0.899470 0.256636 0.899470 0.240507
13 0.492897 0.393078 0.506164 0.393078 0.506164 0.409207 0.492897 0.409207 0.492897 0.393078
13 0.466204 0.283364 0.479471 0.283364 0.479471 0.299493 0.466204 0.299493 0.466204 0.283364
13 0.425291 0.113568 0.438558 0.113568 0.438558 0.129697 0.425291 0.129697 0.425291 0.113568
9 0.088058 0.516438 0.090346 0.508868 0.579950 0.727644 0.577662 0.735213 
9 0.903544 0.246007 0.908663 0.251136 0.581366 0.733993 0.576247 0.728864 
9 0.428742 0.122766 0.435108 0.120499 0.581989 0.730295 0.575623 0.732562 
9 0.497008 0.398525 0.502053 0.403761 0.345246 0.627108 0.340200 0.621872 
9 0.498479 0.404967 0.500582 0.397319 0.736799 0.493319 0.734696 0.500967 
9 0.470338 0.288777 0.475336 0.294080 0.262056 0.591223 0.257058 0.585920 
9 0.471809 0.295262 0.473865 0.287595 0.791102 0.413309 0.789046 0.420977 
1 0.189055 0.735887 0.331675 0.735887 0.331675 0.818548 0.189055 0.818548
1 0.393035 0.830645 0.529022 0.830645 0.529022 0.907258 0.393035 0.907258
8 0.190046 0.734955 0.244449 0.734955 0.244449 0.779804 0.190046 0.779804
8 0.479003 0.863710 0.533037 0.863710 0.533037 0.907638 0.479003 0.907638
22 0.171484 0.595816 0.254225 0.595816 0.254225 0.684617 0.171484 0.684617
22 0.564237 0.750602 0.625183 0.750602 0.625183 0.839026 0.564237 0.839026
19 0.264405 0.641748 0.311842 0.641748 0.311842 0.711242 0.264405 0.711242
19 0.329620 0.782045 0.398438 0.782045 0.398438 0.865550 0.329620 0.865550
22 0.332441 0.663691 0.428180 0.663691 0.428180 0.757794 0.332441 0.757794
19 0.425953 0.720030 0.547306 0.720030 0.547306 0.807081 0.425953 0.807081
