13 0.054084 0.679735 0.075248 0.679735 0.075248 0.712793 0.054084 0.712793 0.054084 0.679735
13 0.195244 0.681430 0.216408 0.681430 0.216408 0.714488 0.195244 0.714488 0.195244 0.681430
13 0.777330 0.678900 0.798494 0.678900 0.798494 0.711957 0.777330 0.711957 0.777330 0.678900
13 0.920279 0.679662 0.941443 0.679662 0.941443 0.712719 0.920279 0.712719 0.920279 0.679662
13 0.485755 0.679662 0.506919 0.679662 0.506919 0.712719 0.485755 0.712719 0.485755 0.679662
13 0.165242 0.274900 0.186406 0.274900 0.186406 0.307957 0.165242 0.307957 0.165242 0.274900
13 0.051079 0.134662 0.072243 0.134662 0.072243 0.167719 0.051079 0.167719 0.051079 0.134662
13 0.807140 0.277077 0.828304 0.277077 0.828304 0.310134 0.807140 0.310134 0.807140 0.277077
13 0.922216 0.139735 0.943380 0.139735 0.943380 0.172793 0.922216 0.172793 0.922216 0.139735
9 0.064666 0.704528 0.064666 0.687999 0.930861 0.687926 0.930861 0.704455 
9 0.058349 0.157635 0.064973 0.144746 0.499649 0.689746 0.493025 0.702635 
9 0.499622 0.702669 0.493052 0.689712 0.929513 0.149785 0.936083 0.162742 
22 0.200637 0.123265 0.269069 0.123265 0.269069 0.273861 0.200637 0.273861
22 0.758197 0.124162 0.823451 0.124162 0.823451 0.268627 0.758197 0.268627
22 0.745485 0.750794 0.825689 0.750794 0.825689 0.895862 0.745485 0.895862
22 0.453992 0.747088 0.528506 0.747088 0.528506 0.896717 0.453992 0.896717
22 0.163632 0.753548 0.235510 0.753548 0.235510 0.902254 0.163632 0.902254
0 0.331377 0.530103 0.395394 0.530103 0.395394 0.705687 0.331377 0.705687
0 0.597030 0.531620 0.661757 0.531620 0.661757 0.702629 0.597030 0.702629
