13 0.066873 0.716373 0.089219 0.716373 0.089219 0.756982 0.066873 0.756982 0.066873 0.716373
13 0.595123 0.716171 0.617469 0.716171 0.617469 0.756780 0.595123 0.756780 0.595123 0.716171
13 0.594574 0.055975 0.616920 0.055975 0.616920 0.096585 0.594574 0.096585 0.594574 0.055975
13 0.794724 0.709144 0.817071 0.709144 0.817071 0.749753 0.794724 0.749753 0.794724 0.709144
9 0.078077 0.746829 0.078015 0.726525 0.805867 0.719296 0.805928 0.739600 
9 0.600866 0.081219 0.610628 0.071341 0.810778 0.724509 0.801017 0.734388 
9 0.600161 0.076295 0.611334 0.076265 0.611883 0.736461 0.600710 0.736491 
9 0.081215 0.745039 0.074877 0.728316 0.602579 0.067919 0.608916 0.084641 
12 0.594900 0.606471 0.676697 0.606471 0.676697 0.760065 0.594900 0.760065
1 0.067039 0.822335 0.245810 0.822335 0.245810 0.893401 0.067039 0.893401
1 0.460894 0.807107 0.614525 0.807107 0.614525 0.888325 0.460894 0.888325
8 0.065549 0.824988 0.124601 0.824988 0.124601 0.887967 0.065549 0.887967
8 0.558400 0.825909 0.615663 0.825909 0.615663 0.888169 0.558400 0.888169
19 0.747019 0.327520 0.942369 0.327520 0.942369 0.465916 0.747019 0.465916
19 0.259484 0.781213 0.452729 0.781213 0.452729 0.919850 0.259484 0.919850
19 0.645252 0.784856 0.803818 0.784856 0.803818 0.919102 0.645252 0.919102
