13 0.194230 0.082490 0.219547 0.082490 0.219547 0.112340 0.194230 0.112340 0.194230 0.082490
13 0.881031 0.160503 0.906348 0.160503 0.906348 0.190354 0.881031 0.190354 0.881031 0.160503
13 0.389284 0.282789 0.414600 0.282789 0.414600 0.312640 0.389284 0.312640 0.389284 0.282789
13 0.679089 0.370789 0.704406 0.370789 0.704406 0.400640 0.679089 0.400640 0.679089 0.370789
13 0.247195 0.478108 0.272511 0.478108 0.272511 0.507959 0.247195 0.507959 0.247195 0.478108
13 0.464594 0.478108 0.489910 0.478108 0.489910 0.507959 0.464594 0.507959 0.464594 0.478108
13 0.579575 0.477706 0.604891 0.477706 0.604891 0.507557 0.579575 0.507557 0.579575 0.477706
13 0.641825 0.475495 0.667141 0.475495 0.667141 0.505346 0.641825 0.505346 0.641825 0.475495
13 0.759953 0.477405 0.785269 0.477405 0.785269 0.507256 0.759953 0.507256 0.759953 0.477405
13 0.679089 0.579360 0.704406 0.579360 0.704406 0.609211 0.679089 0.609211 0.679089 0.579360
13 0.393420 0.669547 0.418737 0.669547 0.418737 0.699397 0.393420 0.699397 0.393420 0.669547
13 0.881859 0.789226 0.907176 0.789226 0.907176 0.819076 0.881859 0.819076 0.881859 0.789226
13 0.199858 0.877083 0.225174 0.877083 0.225174 0.906933 0.199858 0.906933 0.199858 0.877083
9 0.214268 0.895602 0.205856 0.884449 0.886281 0.170949 0.894693 0.182102 
9 0.772163 0.484060 0.772141 0.498985 0.262046 0.497928 0.262069 0.483003 
9 0.898214 0.794534 0.889931 0.805821 0.204128 0.106062 0.212411 0.094775 
3 0.478139 0.491610 0.466285 0.575371 0.432007 0.650055 0.379020 0.707568 0.313067 0.741680 0.241293 0.748692 0.171477 0.727846 0.111185 0.681400 0.066950 0.614387 0.043565 0.534070 0.043565 0.449151 0.066950 0.368834 0.111185 0.301821 0.171477 0.255375 0.241293 0.234529 0.313067 0.241541 0.379020 0.275652 0.432007 0.333166 0.466285 0.407850 0.478139 0.491610
3 0.892012 0.491784 0.885528 0.537596 0.866780 0.578444 0.837800 0.609901 0.801727 0.628558 0.762471 0.632393 0.724285 0.620992 0.691309 0.595588 0.667115 0.558936 0.654324 0.515007 0.654324 0.468561 0.667115 0.424632 0.691309 0.387980 0.724285 0.362576 0.762471 0.351175 0.801727 0.355010 0.837800 0.373667 0.866780 0.405124 0.885528 0.445972 0.892012 0.491784
20 0.284940 0.023531 0.373501 0.023531 0.373501 0.175985 0.284940 0.175985
20 0.814801 0.040421 0.889229 0.040421 0.889229 0.192432 0.814801 0.192432
22 0.124691 0.422164 0.234009 0.422164 0.234009 0.546394 0.124691 0.546394
22 0.782186 0.424739 0.876532 0.424739 0.876532 0.546121 0.782186 0.546121
