13 0.488619 0.183236 0.503629 0.183236 0.503629 0.205335 0.488619 0.205335 0.488619 0.183236
13 0.247605 0.416483 0.262614 0.416483 0.262614 0.438582 0.247605 0.438582 0.247605 0.416483
13 0.462263 0.511807 0.477272 0.511807 0.477272 0.533907 0.462263 0.533907 0.462263 0.511807
13 0.585519 0.788950 0.600528 0.788950 0.600528 0.811050 0.585519 0.811050 0.585519 0.788950
9 0.254026 0.432822 0.256193 0.422243 0.470851 0.517568 0.468684 0.528147 
9 0.492398 0.193638 0.499850 0.194934 0.473494 0.523505 0.466041 0.522209 
9 0.466628 0.525884 0.472907 0.519831 0.596162 0.796973 0.589884 0.803027 
3 0.695151 0.522428 0.682960 0.629997 0.647707 0.725910 0.593213 0.799772 0.525383 0.843579 0.451568 0.852585 0.379766 0.825813 0.317758 0.766165 0.272264 0.680104 0.248214 0.576956 0.248214 0.467900 0.272264 0.364752 0.317758 0.278691 0.379766 0.219042 0.451568 0.192271 0.525383 0.201276 0.593213 0.245084 0.647707 0.318946 0.682960 0.414859 0.695151 0.522428
22 0.183346 0.359756 0.235861 0.359756 0.235861 0.464365 0.183346 0.464365
22 0.408843 0.549898 0.469794 0.549898 0.469794 0.652620 0.408843 0.652620
22 0.595530 0.795787 0.657271 0.795787 0.657271 0.910675 0.595530 0.910675
22 0.471561 0.066776 0.525759 0.066776 0.525759 0.169651 0.471561 0.169651
18 0.703870 0.379507 0.980208 0.379507 0.980208 0.497720 0.703870 0.497720
18 0.117375 0.106824 0.373865 0.106824 0.373865 0.223608 0.117375 0.223608
18 0.025824 0.763416 0.307663 0.763416 0.307663 0.883446 0.025824 0.883446
