13 0.810333 0.044203 0.826333 0.044203 0.826333 0.078986 0.810333 0.078986 0.810333 0.044203
13 0.416314 0.049957 0.432314 0.049957 0.432314 0.084740 0.416314 0.084740 0.416314 0.049957
13 0.032392 0.153538 0.048392 0.153538 0.048392 0.188321 0.032392 0.188321 0.032392 0.153538
13 0.313333 0.349275 0.329333 0.349275 0.329333 0.384058 0.313333 0.384058 0.313333 0.349275
13 0.630000 0.565217 0.646000 0.565217 0.646000 0.600000 0.630000 0.600000 0.630000 0.565217
13 0.189193 0.708391 0.205193 0.708391 0.205193 0.743173 0.189193 0.743173 0.189193 0.708391
13 0.937833 0.776993 0.953833 0.776993 0.953833 0.811775 0.937833 0.811775 0.937833 0.776993
13 0.502526 0.933028 0.518526 0.933028 0.518526 0.967811 0.502526 0.967811 0.502526 0.933028
9 0.421114 0.062132 0.427514 0.072566 0.200393 0.730999 0.193993 0.720565 
9 0.039184 0.179219 0.041600 0.162639 0.947041 0.786094 0.944626 0.802674 
9 0.815138 0.056364 0.821529 0.066824 0.513722 0.955650 0.507331 0.945190 
16 0.289351 0.192762 0.321101 0.192762 0.321101 0.302177 0.289351 0.302177
0 0.227606 0.153699 0.381353 0.153699 0.381353 0.323520 0.227606 0.323520
16 0.404061 0.237442 0.440376 0.237442 0.440376 0.352082 0.404061 0.352082
4 0.354855 0.224487 0.406141 0.224487 0.406141 0.424074 0.354855 0.424074
4 0.236500 0.301644 0.286311 0.301644 0.286311 0.498969 0.236500 0.498969
16 0.204590 0.378107 0.240157 0.378107 0.240157 0.491800 0.204590 0.491800
16 0.322784 0.415726 0.357503 0.415726 0.357503 0.523974 0.322784 0.523974
16 0.605676 0.414872 0.641628 0.414872 0.641628 0.526753 0.605676 0.526753
0 0.262414 0.408079 0.412792 0.408079 0.412792 0.576341 0.262414 0.576341
16 0.720324 0.453900 0.758268 0.453900 0.758268 0.568827 0.720324 0.568827
4 0.671330 0.441804 0.723196 0.441804 0.723196 0.639320 0.671330 0.639320
4 0.551258 0.521358 0.602561 0.521358 0.602561 0.718117 0.551258 0.718117
16 0.520316 0.601444 0.556420 0.601444 0.556420 0.715749 0.520316 0.715749
16 0.637659 0.632990 0.672616 0.632990 0.672616 0.747027 0.637659 0.747027
0 0.545029 0.365878 0.692730 0.365878 0.692730 0.531247 0.545029 0.531247
0 0.580225 0.630721 0.732184 0.630721 0.732184 0.789808 0.580225 0.789808
