13 0.160516 0.730261 0.181849 0.730261 0.181849 0.766958 0.160516 0.766958 0.160516 0.730261
13 0.160267 0.205100 0.181600 0.205100 0.181600 0.241797 0.160267 0.241797 0.160267 0.205100
13 0.320111 0.442188 0.341444 0.442188 0.341444 0.478885 0.320111 0.478885 0.320111 0.442188
13 0.504817 0.720806 0.526151 0.720806 0.526151 0.757503 0.504817 0.757503 0.504817 0.720806
13 0.801269 0.714132 0.822602 0.714132 0.822602 0.750829 0.801269 0.750829 0.801269 0.714132
13 0.454495 0.202452 0.475828 0.202452 0.475828 0.239150 0.454495 0.239150 0.454495 0.202452
9 0.171261 0.757783 0.171105 0.739436 0.811857 0.723307 0.812014 0.741654 
9 0.461689 0.227764 0.468634 0.213837 0.815408 0.725517 0.808463 0.739444 
9 0.167432 0.230369 0.174434 0.216527 0.518985 0.732234 0.511983 0.746076 
9 0.165600 0.223456 0.176267 0.223441 0.176516 0.748602 0.165849 0.748617 
9 0.461310 0.214454 0.469012 0.227148 0.175034 0.754957 0.167332 0.742263 
10 0.580930 0.387256 0.657591 0.387256 0.657591 0.511409 0.580930 0.511409
0 0.163572 0.601537 0.225418 0.601537 0.225418 0.668921 0.163572 0.668921
0 0.225615 0.624122 0.268378 0.624122 0.268378 0.755431 0.225615 0.755431
10 0.381972 0.535250 0.457668 0.535250 0.457668 0.661523 0.381972 0.661523
22 0.302072 0.293383 0.359809 0.293383 0.359809 0.402515 0.302072 0.402515
22 0.478690 0.754249 0.542495 0.754249 0.542495 0.865296 0.478690 0.865296
22 0.823445 0.692159 0.885332 0.692159 0.885332 0.806264 0.823445 0.806264
22 0.090531 0.696735 0.149142 0.696735 0.149142 0.811645 0.090531 0.811645
22 0.093115 0.105623 0.152451 0.105623 0.152451 0.214474 0.093115 0.214474
22 0.434982 0.081336 0.497247 0.081336 0.497247 0.196184 0.434982 0.196184
