13 0.070440 0.732937 0.086004 0.732937 0.086004 0.760241 0.070440 0.760241 0.070440 0.732937
13 0.487218 0.733215 0.502782 0.733215 0.502782 0.760519 0.487218 0.760519 0.487218 0.733215
13 0.893885 0.731962 0.909449 0.731962 0.909449 0.759266 0.893885 0.759266 0.893885 0.731962
13 0.411848 0.531832 0.427412 0.531832 0.427412 0.559136 0.411848 0.559136 0.411848 0.531832
13 0.163500 0.428543 0.179064 0.428543 0.179064 0.455847 0.163500 0.455847 0.163500 0.428543
13 0.257218 0.120851 0.272782 0.120851 0.272782 0.148155 0.257218 0.148155 0.257218 0.120851
13 0.581434 0.431825 0.596998 0.431825 0.596998 0.459128 0.581434 0.459128 0.581434 0.431825
9 0.079461 0.753059 0.076983 0.740118 0.587977 0.439006 0.590455 0.451947 
9 0.261751 0.138259 0.268249 0.130747 0.498249 0.743112 0.491751 0.750623 
9 0.078225 0.753415 0.078220 0.739763 0.901664 0.738788 0.901669 0.752440 
9 0.263132 0.140491 0.266868 0.128515 0.903534 0.739626 0.899799 0.751602 
9 0.261570 0.131281 0.268430 0.137724 0.081653 0.749810 0.074792 0.743367 
9 0.170385 0.448837 0.172179 0.435553 0.902563 0.738972 0.900770 0.752256 
22 0.201563 0.041178 0.252234 0.041178 0.252234 0.155289 0.201563 0.155289
22 0.377833 0.582926 0.427707 0.582926 0.427707 0.693418 0.377833 0.693418
22 0.021612 0.768244 0.076182 0.768244 0.076182 0.884309 0.021612 0.884309
22 0.473449 0.767123 0.525166 0.767123 0.525166 0.882374 0.473449 0.882374
22 0.899042 0.767987 0.951013 0.767987 0.951013 0.884970 0.899042 0.884970
