13 0.493522 0.189205 0.514913 0.189205 0.514913 0.212873 0.493522 0.212873 0.493522 0.189205
13 0.161985 0.693880 0.183376 0.693880 0.183376 0.717549 0.161985 0.717549 0.161985 0.693880
13 0.493522 0.695698 0.514913 0.695698 0.514913 0.719367 0.493522 0.719367 0.493522 0.695698
13 0.822884 0.693880 0.844274 0.693880 0.844274 0.717549 0.822884 0.717549 0.822884 0.693880
13 0.491882 0.809390 0.513273 0.809390 0.513273 0.833059 0.491882 0.833059 0.491882 0.809390
9 0.498870 0.201022 0.509565 0.201056 0.507925 0.821242 0.497230 0.821207 
9 0.499882 0.204503 0.508553 0.197575 0.837914 0.702250 0.829243 0.709178 
9 0.172680 0.711631 0.172680 0.699797 0.833579 0.699797 0.833579 0.711631 
9 0.171067 0.711356 0.174294 0.700073 0.504191 0.815583 0.500964 0.826866 
9 0.504186 0.826868 0.500969 0.815581 0.831970 0.700071 0.835187 0.711357 
9 0.499892 0.197560 0.508543 0.204518 0.177006 0.709193 0.168355 0.702235 
22 0.464655 0.091732 0.549830 0.091732 0.549830 0.189586 0.464655 0.189586
22 0.519618 0.596794 0.606914 0.596794 0.606914 0.694957 0.519618 0.694957
12 0.424187 0.617887 0.518246 0.617887 0.518246 0.723839 0.424187 0.723839
22 0.080434 0.640323 0.163684 0.640323 0.163684 0.743620 0.080434 0.743620
22 0.839089 0.645733 0.919385 0.645733 0.919385 0.749778 0.839089 0.749778
22 0.461707 0.826932 0.540193 0.826932 0.540193 0.924643 0.461707 0.924643
