13 0.517055 0.132268 0.535361 0.132268 0.535361 0.155524 0.517055 0.155524 0.517055 0.132268
13 0.296334 0.570190 0.314641 0.570190 0.314641 0.593446 0.296334 0.593446 0.296334 0.570190
13 0.736862 0.569031 0.755169 0.569031 0.755169 0.592287 0.736862 0.592287 0.736862 0.569031
13 0.127714 0.906174 0.146021 0.906174 0.146021 0.929430 0.127714 0.929430 0.127714 0.906174
13 0.906994 0.906174 0.925300 0.906174 0.925300 0.929430 0.906994 0.929430 0.906994 0.906174
9 0.136868 0.923616 0.136868 0.911988 0.916147 0.911988 0.916147 0.923616 
9 0.522353 0.147030 0.530063 0.140762 0.920002 0.914668 0.912292 0.920936 
9 0.522352 0.140765 0.530064 0.147027 0.140724 0.920933 0.133011 0.914671 
9 0.305497 0.587632 0.305478 0.576004 0.746006 0.574845 0.746025 0.586473 
22 0.502342 0.038270 0.565624 0.038270 0.565624 0.127826 0.502342 0.127826
0 0.480126 0.196127 0.569102 0.196127 0.569102 0.243557 0.480126 0.243557
22 0.222774 0.529808 0.290111 0.529808 0.290111 0.620710 0.222774 0.620710
10 0.487674 0.543020 0.560627 0.543020 0.560627 0.619221 0.487674 0.619221
22 0.767609 0.530504 0.819860 0.530504 0.819860 0.620808 0.767609 0.620808
0 0.168371 0.824046 0.222431 0.824046 0.222431 0.932005 0.168371 0.932005
0 0.828382 0.823337 0.883621 0.823337 0.883621 0.930891 0.828382 0.930891
22 0.063488 0.869577 0.127927 0.869577 0.127927 0.960207 0.063488 0.960207
10 0.487678 0.882567 0.560486 0.882567 0.560486 0.958308 0.487678 0.958308
22 0.919470 0.873322 0.961418 0.873322 0.961418 0.959387 0.919470 0.959387
