13 0.479288 0.086711 0.505604 0.086711 0.505604 0.114297 0.479288 0.114297 0.479288 0.086711
13 0.085203 0.498476 0.111519 0.498476 0.111519 0.526062 0.085203 0.526062 0.085203 0.498476
13 0.873606 0.499858 0.899922 0.499858 0.899922 0.527444 0.873606 0.527444 0.873606 0.499858
13 0.480163 0.911286 0.506479 0.911286 0.506479 0.938872 0.480163 0.938872 0.480163 0.911286
9 0.485867 0.100512 0.499025 0.100497 0.499900 0.925072 0.486742 0.925087 
9 0.487795 0.105382 0.497097 0.095626 0.891415 0.508773 0.882113 0.518529 
9 0.497968 0.929962 0.488675 0.920197 0.882117 0.508768 0.891410 0.518533 
9 0.093715 0.517153 0.103006 0.507385 0.497966 0.920196 0.488676 0.929963 
9 0.103005 0.517153 0.093716 0.507384 0.487802 0.095620 0.497091 0.105389 
19 0.376922 0.443672 0.462730 0.443672 0.462730 0.562976 0.376922 0.562976
19 0.681147 0.160976 0.911590 0.160976 0.911590 0.281682 0.681147 0.281682
