13 0.036137 0.239381 0.063073 0.239381 0.063073 0.280619 0.036137 0.280619 0.036137 0.239381
13 0.467772 0.911286 0.494708 0.911286 0.494708 0.952523 0.467772 0.952523 0.467772 0.911286
13 0.909304 0.237390 0.936241 0.237390 0.936241 0.278627 0.909304 0.278627 0.909304 0.237390
9 0.049615 0.270309 0.049595 0.249691 0.922762 0.247699 0.922783 0.268318 
9 0.485994 0.939206 0.476485 0.924604 0.918018 0.250708 0.927527 0.265310 
9 0.044804 0.267229 0.054406 0.252771 0.486041 0.924676 0.476438 0.939134 
12 0.420773 0.763034 0.540539 0.763034 0.540539 0.951170 0.420773 0.951170
18 0.173185 0.289928 0.310681 0.289928 0.310681 0.441081 0.173185 0.441081
19 0.419910 0.081778 0.520837 0.081778 0.520837 0.221985 0.419910 0.221985
19 0.714476 0.607635 0.775798 0.607635 0.775798 0.718743 0.714476 0.718743
