13 0.037866 0.159762 0.058378 0.159762 0.058378 0.193095 0.037866 0.193095 0.037866 0.159762
13 0.174603 0.227289 0.195116 0.227289 0.195116 0.260623 0.174603 0.260623 0.174603 0.227289
13 0.037279 0.417619 0.057792 0.417619 0.057792 0.450952 0.037279 0.450952 0.037279 0.417619
13 0.174532 0.485048 0.195045 0.485048 0.195045 0.518381 0.174532 0.518381 0.174532 0.485048
13 0.793315 0.534762 0.813828 0.534762 0.813828 0.568095 0.793315 0.568095 0.793315 0.534762
13 0.932138 0.607333 0.952651 0.607333 0.952651 0.640667 0.932138 0.640667 0.932138 0.607333
13 0.792867 0.793520 0.813379 0.793520 0.813379 0.826853 0.792867 0.826853 0.792867 0.793520
13 0.932493 0.866720 0.953005 0.866720 0.953005 0.900053 0.932493 0.900053 0.932493 0.866720
9 0.046022 0.442248 0.049048 0.426323 0.944262 0.875424 0.941236 0.891349 
9 0.046613 0.184393 0.049632 0.168464 0.943904 0.616036 0.940885 0.631964 
22 0.148808 0.061499 0.227369 0.061499 0.227369 0.195784 0.148808 0.195784
22 0.761724 0.363362 0.837049 0.363362 0.837049 0.499586 0.761724 0.499586
10 0.604339 0.405612 0.693985 0.405612 0.693985 0.523885 0.604339 0.523885
22 0.136681 0.540031 0.216386 0.540031 0.216386 0.678244 0.136681 0.678244
10 0.604322 0.664290 0.692825 0.664290 0.692825 0.780590 0.604322 0.780590
22 0.753934 0.846626 0.833409 0.846626 0.833409 0.980296 0.753934 0.980296
