13 0.156641 0.706096 0.189294 0.706096 0.189294 0.735617 0.156641 0.735617 0.156641 0.706096
13 0.155340 0.917585 0.187993 0.917585 0.187993 0.947106 0.155340 0.947106 0.155340 0.917585
13 0.466531 0.915652 0.499184 0.915652 0.499184 0.945173 0.466531 0.945173 0.466531 0.915652
13 0.467347 0.582626 0.500000 0.582626 0.500000 0.612146 0.467347 0.612146 0.467347 0.582626
13 0.467190 0.372433 0.499843 0.372433 0.499843 0.401953 0.467190 0.401953 0.467190 0.372433
13 0.776131 0.249364 0.808784 0.249364 0.808784 0.278884 0.776131 0.278884 0.776131 0.249364
13 0.777440 0.037255 0.810093 0.037255 0.810093 0.066775 0.777440 0.066775 0.777440 0.037255
13 0.466531 0.041941 0.499184 0.041941 0.499184 0.071461 0.466531 0.071461 0.466531 0.041941
9 0.786206 0.259377 0.798708 0.268870 0.177918 0.937092 0.165416 0.927599 
9 0.787513 0.047271 0.800020 0.056759 0.179220 0.725600 0.166714 0.716113 
9 0.474694 0.049321 0.491020 0.049321 0.491020 0.937792 0.474694 0.937792 
18 0.033936 0.281229 0.456393 0.281229 0.456393 0.400982 0.033936 0.400982
18 0.510189 0.578801 0.729222 0.578801 0.729222 0.691571 0.510189 0.691571
20 0.792680 0.304559 0.919730 0.304559 0.919730 0.401523 0.792680 0.401523
20 0.797528 0.053797 0.887208 0.053797 0.887208 0.174724 0.797528 0.174724
