13 0.731785 0.873089 0.769168 0.873089 0.769168 0.899492 0.731785 0.899492 0.731785 0.873089
13 0.031785 0.871476 0.069168 0.871476 0.069168 0.897879 0.031785 0.897879 0.031785 0.871476
13 0.738359 0.098791 0.775742 0.098791 0.775742 0.125194 0.738359 0.125194 0.738359 0.098791
9 0.050446 0.891278 0.050507 0.878077 0.750507 0.879690 0.750446 0.892891 
9 0.747705 0.111953 0.766396 0.112032 0.759822 0.886330 0.741131 0.886251 
9 0.749200 0.108412 0.764901 0.115574 0.058327 0.888258 0.042625 0.881096 
12 0.630372 0.800881 0.775583 0.800881 0.775583 0.904759 0.630372 0.904759
18 0.155541 0.765827 0.344722 0.765827 0.344722 0.865006 0.155541 0.865006
19 0.329397 0.905175 0.420400 0.905175 0.420400 0.979508 0.329397 0.979508
19 0.779891 0.506766 0.869102 0.506766 0.869102 0.594723 0.779891 0.594723
19 0.219975 0.385107 0.361251 0.385107 0.361251 0.476961 0.219975 0.476961
