13 0.099182 0.447363 0.112583 0.447363 0.112583 0.466923 0.099182 0.466923 0.099182 0.447363
13 0.145457 0.738791 0.158857 0.738791 0.158857 0.758351 0.145457 0.758351 0.145457 0.738791
13 0.234298 0.589181 0.247698 0.589181 0.247698 0.608741 0.234298 0.608741 0.234298 0.589181
13 0.372908 0.738791 0.386308 0.738791 0.386308 0.758351 0.372908 0.758351 0.372908 0.738791
13 0.580751 0.911934 0.594151 0.911934 0.594151 0.931494 0.580751 0.931494 0.580751 0.911934
13 0.627287 0.738157 0.640687 0.738157 0.640687 0.757716 0.627287 0.757716 0.627287 0.738157
13 0.721404 0.396569 0.734805 0.396569 0.734805 0.416129 0.721404 0.416129 0.721404 0.396569
13 0.842141 0.473856 0.855542 0.473856 0.855542 0.493416 0.842141 0.493416 0.842141 0.473856
13 0.646459 0.237839 0.659859 0.237839 0.659859 0.257399 0.646459 0.257399 0.646459 0.237839
13 0.508986 0.255934 0.522386 0.255934 0.522386 0.275494 0.508986 0.275494 0.508986 0.255934
13 0.430555 0.181649 0.443955 0.181649 0.443955 0.201209 0.430555 0.201209 0.430555 0.181649
13 0.372516 0.274220 0.385916 0.274220 0.385916 0.293780 0.372516 0.293780 0.372516 0.274220
13 0.338754 0.205285 0.352155 0.205285 0.352155 0.224845 0.338754 0.224845 0.338754 0.205285
13 0.286342 0.407012 0.299743 0.407012 0.299743 0.426572 0.286342 0.426572 0.286342 0.407012
9 0.434809 0.188087 0.439701 0.194770 0.290463 0.427469 0.285572 0.420785 
9 0.379519 0.288870 0.378912 0.279130 0.652855 0.242749 0.653463 0.252489 
9 0.514316 0.270177 0.517056 0.261252 0.850211 0.479174 0.847471 0.488099 
9 0.724992 0.404539 0.731217 0.408159 0.590563 0.923524 0.584339 0.919905 
9 0.152160 0.753461 0.152154 0.743681 0.633984 0.743047 0.633990 0.752826 
9 0.103908 0.461094 0.107857 0.453192 0.381582 0.744621 0.377634 0.752522 
9 0.342341 0.213260 0.348568 0.216870 0.244112 0.600766 0.237885 0.597156 
1 0.326633 0.156479 0.381910 0.156479 0.381910 0.325183 0.326633 0.325183
1 0.194305 0.359413 0.244556 0.359413 0.244556 0.555012 0.194305 0.555012
7 0.330015 0.287174 0.354745 0.287174 0.354745 0.323936 0.330015 0.323936
7 0.218607 0.512247 0.244509 0.512247 0.244509 0.552543 0.218607 0.552543
18 0.713305 0.488060 0.947114 0.488060 0.947114 0.601999 0.713305 0.601999
18 0.052139 0.253173 0.284917 0.253173 0.284917 0.365284 0.052139 0.365284
18 0.546700 0.757026 0.604448 0.757026 0.604448 0.853525 0.546700 0.853525
18 0.002495 0.597952 0.234797 0.597952 0.234797 0.708426 0.002495 0.708426
18 0.450332 0.149341 0.543446 0.149341 0.543446 0.247803 0.450332 0.247803
18 0.322250 0.058985 0.417029 0.058985 0.417029 0.157787 0.322250 0.157787
18 0.644771 0.250623 0.740013 0.250623 0.740013 0.350023 0.644771 0.350023
