13 0.342061 0.088227 0.361526 0.088227 0.361526 0.114630 0.342061 0.114630 0.342061 0.088227
13 0.054121 0.669465 0.073586 0.669465 0.073586 0.695868 0.054121 0.695868 0.054121 0.669465
13 0.914815 0.669152 0.934279 0.669152 0.934279 0.695554 0.914815 0.695554 0.914815 0.669152
13 0.341041 0.669465 0.360506 0.669465 0.360506 0.695868 0.341041 0.695868 0.341041 0.669465
9 0.348879 0.106715 0.354707 0.096142 0.927461 0.677067 0.921633 0.687639 
9 0.346927 0.101413 0.356659 0.101444 0.355640 0.682682 0.345907 0.682651 
9 0.063855 0.689267 0.063852 0.676066 0.924546 0.675752 0.924548 0.688954 
9 0.347754 0.097747 0.355832 0.105110 0.067893 0.686348 0.059815 0.678985 
19 0.623423 0.261746 0.713413 0.261746 0.713413 0.371264 0.623423 0.371264
19 0.364856 0.338287 0.421608 0.338287 0.421608 0.445408 0.364856 0.445408
12 0.255188 0.552336 0.365150 0.552336 0.365150 0.701595 0.255188 0.701595
19 0.443089 0.762444 0.532543 0.762444 0.532543 0.872478 0.443089 0.872478
1 0.038929 0.778878 0.445255 0.778878 0.445255 0.851485 0.038929 0.851485
1 0.527981 0.782178 0.951338 0.782178 0.951338 0.854785 0.527981 0.854785
19 0.139667 0.288879 0.210388 0.288879 0.210388 0.387909 0.139667 0.387909
8 0.040289 0.779371 0.122577 0.779371 0.122577 0.855354 0.040289 0.855354
8 0.859385 0.779648 0.943129 0.779648 0.943129 0.853476 0.859385 0.853476
