13 0.169077 0.076264 0.190995 0.076264 0.190995 0.105249 0.169077 0.105249 0.169077 0.076264
13 0.260686 0.074650 0.282604 0.074650 0.282604 0.103636 0.260686 0.103636 0.260686 0.074650
13 0.069598 0.235694 0.091516 0.235694 0.091516 0.264679 0.069598 0.264679 0.069598 0.235694
13 0.169331 0.236936 0.191249 0.236936 0.191249 0.265921 0.169331 0.265921 0.169331 0.236936
13 0.369310 0.237838 0.391228 0.237838 0.391228 0.266824 0.369310 0.266824 0.369310 0.237838
13 0.895968 0.239793 0.917885 0.239793 0.917885 0.268778 0.895968 0.268778 0.895968 0.239793
13 0.896833 0.494936 0.918751 0.494936 0.918751 0.523921 0.896833 0.523921 0.896833 0.494936
13 0.069128 0.496936 0.091045 0.496936 0.091045 0.525921 0.069128 0.525921 0.069128 0.496936
13 0.169657 0.494714 0.191575 0.494714 0.191575 0.523699 0.169657 0.523699 0.169657 0.494714
13 0.540749 0.494714 0.562666 0.494714 0.562666 0.523699 0.540749 0.523699 0.540749 0.494714
13 0.169657 0.727729 0.191575 0.727729 0.191575 0.756715 0.169657 0.756715 0.169657 0.727729
13 0.896537 0.728665 0.918455 0.728665 0.918455 0.757651 0.896537 0.757651 0.896537 0.728665
13 0.068341 0.729144 0.090258 0.729144 0.090258 0.758129 0.068341 0.758129 0.068341 0.729144
13 0.695150 0.726777 0.717068 0.726777 0.717068 0.755763 0.695150 0.755763 0.695150 0.726777
13 0.792641 0.871522 0.814559 0.871522 0.814559 0.900508 0.792641 0.900508 0.792641 0.871522
13 0.169948 0.905507 0.191866 0.905507 0.191866 0.934493 0.169948 0.934493 0.169948 0.905507
9 0.174556 0.090766 0.185515 0.090746 0.186386 0.919990 0.175427 0.920010 
9 0.267537 0.093939 0.275753 0.084347 0.807708 0.881219 0.799492 0.890811 
9 0.080537 0.257433 0.080578 0.242940 0.906947 0.247039 0.906906 0.261532 
9 0.080097 0.518675 0.080077 0.504182 0.907782 0.502182 0.907802 0.516675 
9 0.079302 0.750883 0.079297 0.736390 0.907494 0.735912 0.907498 0.750404 
10 0.227295 0.203800 0.328660 0.203800 0.328660 0.296247 0.227295 0.296247
10 0.227154 0.460912 0.328286 0.460912 0.328286 0.553574 0.227154 0.553574
10 0.226971 0.690932 0.328552 0.690932 0.328552 0.783726 0.226971 0.783726
19 0.085001 0.573108 0.153049 0.573108 0.153049 0.678253 0.085001 0.678253
19 0.084783 0.313663 0.157162 0.313663 0.157162 0.440359 0.084783 0.440359
19 0.496418 0.283331 0.568315 0.283331 0.568315 0.413319 0.496418 0.413319
19 0.671791 0.536420 0.741098 0.536420 0.741098 0.668699 0.671791 0.668699
