13 0.144701 0.775928 0.172383 0.775928 0.172383 0.807178 0.144701 0.807178 0.144701 0.775928
13 0.680604 0.775804 0.708285 0.775804 0.708285 0.807054 0.680604 0.807054 0.680604 0.775804
13 0.941967 0.428661 0.969649 0.428661 0.969649 0.459911 0.941967 0.459911 0.941967 0.428661
13 0.680301 0.420946 0.707982 0.420946 0.707982 0.452196 0.680301 0.452196 0.680301 0.420946
13 0.679456 0.081518 0.707137 0.081518 0.707137 0.112768 0.679456 0.112768 0.679456 0.081518
13 0.144332 0.081778 0.172013 0.081778 0.172013 0.113028 0.144332 0.113028 0.144332 0.081778
9 0.158543 0.799365 0.158541 0.783740 0.694443 0.783616 0.694446 0.799241 
9 0.686376 0.097157 0.700217 0.097128 0.701365 0.791414 0.687524 0.791443 
9 0.688033 0.102215 0.698560 0.092070 0.961071 0.439213 0.950545 0.449358 
9 0.693961 0.444381 0.694322 0.428762 0.955989 0.436476 0.955627 0.452096 
9 0.950535 0.439226 0.961081 0.449345 0.699718 0.796488 0.689171 0.786369 
9 0.151252 0.097407 0.165093 0.097398 0.165462 0.791548 0.151622 0.791557 
9 0.158176 0.105215 0.158170 0.089590 0.693294 0.089330 0.693300 0.104955 
12 0.140450 0.691902 0.245267 0.691902 0.245267 0.811903 0.140450 0.811903
19 0.742178 0.319871 0.846679 0.319871 0.846679 0.424641 0.742178 0.424641
19 0.031958 0.409886 0.139994 0.409886 0.139994 0.519113 0.031958 0.519113
19 0.364161 0.811718 0.477288 0.811718 0.477288 0.922188 0.364161 0.922188
