13 0.498667 0.144758 0.525333 0.144758 0.525333 0.169680 0.498667 0.169680 0.498667 0.144758
13 0.612381 0.336660 0.639048 0.336660 0.639048 0.361583 0.612381 0.361583 0.612381 0.336660
13 0.234524 0.601175 0.261190 0.601175 0.261190 0.626097 0.234524 0.626097 0.234524 0.601175
13 0.120112 0.795026 0.146779 0.795026 0.146779 0.819948 0.120112 0.819948 0.120112 0.795026
13 0.357087 0.794082 0.383754 0.794082 0.383754 0.819004 0.357087 0.819004 0.357087 0.794082
13 0.880000 0.796452 0.906667 0.796452 0.906667 0.821374 0.880000 0.821374 0.880000 0.796452
9 0.133432 0.813717 0.133459 0.801256 0.893347 0.802682 0.893320 0.815143 
9 0.506151 0.160209 0.517849 0.154230 0.899183 0.805923 0.887484 0.811902 
9 0.506144 0.154242 0.517856 0.160197 0.139301 0.810464 0.127589 0.804509 
9 0.242125 0.616817 0.253589 0.610455 0.376152 0.803362 0.364688 0.809724 
9 0.619803 0.346240 0.631625 0.352003 0.376331 0.809424 0.364509 0.803661 
22 0.460070 0.035331 0.566917 0.035331 0.566917 0.137058 0.460070 0.137058
22 0.639394 0.256820 0.734713 0.256820 0.734713 0.358287 0.639394 0.358287
22 0.135930 0.514138 0.242486 0.514138 0.242486 0.617230 0.135930 0.617230
22 0.070181 0.827838 0.174484 0.827838 0.174484 0.930661 0.070181 0.930661
22 0.314674 0.825798 0.419413 0.825798 0.419413 0.930498 0.314674 0.930498
22 0.855775 0.826725 0.952199 0.826725 0.952199 0.929305 0.855775 0.929305
