13 0.501431 0.189618 0.526047 0.189618 0.526047 0.229819 0.501431 0.229819 0.501431 0.189618
13 0.502601 0.558331 0.527217 0.558331 0.527217 0.598532 0.502601 0.598532 0.502601 0.558331
13 0.143329 0.771343 0.167944 0.771343 0.167944 0.811544 0.143329 0.811544 0.143329 0.771343
13 0.860324 0.771781 0.884939 0.771781 0.884939 0.811982 0.860324 0.811982 0.860324 0.771781
9 0.154717 0.798393 0.146014 0.784180 0.506613 0.195263 0.515316 0.209476 
9 0.508701 0.211750 0.517404 0.197536 0.876983 0.784775 0.868280 0.798988 
9 0.152427 0.799619 0.148304 0.780681 0.512847 0.568962 0.516971 0.587901 
9 0.512797 0.587871 0.517021 0.568991 0.874743 0.782442 0.870520 0.801322 
9 0.506203 0.204600 0.518510 0.204686 0.517530 0.576871 0.505222 0.576785 
22 0.480000 0.080402 0.544615 0.080402 0.544615 0.195980 0.480000 0.195980
2 0.686154 0.487437 0.747692 0.487437 0.747692 0.587940 0.686154 0.587940
2 0.276923 0.487437 0.338462 0.487437 0.338462 0.587940 0.276923 0.587940
22 0.473846 0.597990 0.538462 0.597990 0.538462 0.713568 0.473846 0.713568
0 0.196923 0.663317 0.246154 0.663317 0.246154 0.768844 0.196923 0.768844
0 0.781538 0.668342 0.824615 0.668342 0.824615 0.768844 0.781538 0.768844
22 0.073846 0.738693 0.138462 0.738693 0.138462 0.859296 0.073846 0.859296
22 0.876923 0.738693 0.941538 0.738693 0.941538 0.859296 0.876923 0.859296
