13 0.572757 0.132742 0.623071 0.132742 0.623071 0.194280 0.572757 0.194280 0.572757 0.132742
13 0.174369 0.134298 0.224683 0.134298 0.224683 0.195836 0.174369 0.195836 0.174369 0.134298
13 0.848675 0.473786 0.898990 0.473786 0.898990 0.535324 0.848675 0.535324 0.848675 0.473786
13 0.481884 0.481856 0.532198 0.481856 0.532198 0.543394 0.481884 0.543394 0.481884 0.481856
13 0.172958 0.621561 0.223272 0.621561 0.223272 0.683100 0.172958 0.683100 0.172958 0.621561
13 0.482956 0.887446 0.533270 0.887446 0.533270 0.948985 0.482956 0.948985 0.482956 0.887446
9 0.199566 0.180452 0.199486 0.149682 0.597874 0.148126 0.597954 0.178896 
9 0.186948 0.165012 0.212105 0.165121 0.210693 0.652385 0.185536 0.652276 
9 0.507267 0.528007 0.506815 0.497243 0.873606 0.489173 0.874059 0.519937 
9 0.190816 0.664860 0.205414 0.639801 0.511701 0.906701 0.497104 0.931761 
9 0.494462 0.512707 0.519619 0.512543 0.521383 0.916072 0.496227 0.916236 
9 0.588973 0.174332 0.606855 0.152690 0.882774 0.493734 0.864891 0.515376 
2 0.383648 0.084615 0.446541 0.084615 0.446541 0.253846 0.383648 0.253846
2 0.679245 0.261538 0.792453 0.261538 0.792453 0.392308 0.679245 0.392308
2 0.132075 0.384615 0.270440 0.384615 0.270440 0.469231 0.132075 0.469231
5 0.635220 0.430769 0.723270 0.430769 0.723270 0.600000 0.635220 0.600000
5 0.295597 0.707692 0.421384 0.707692 0.421384 0.876923 0.295597 0.876923
