13 0.225306 0.117740 0.266122 0.117740 0.266122 0.157344 0.225306 0.157344 0.225306 0.117740
13 0.793878 0.527420 0.834694 0.527420 0.834694 0.567024 0.793878 0.567024 0.793878 0.527420
13 0.144354 0.799642 0.185170 0.799642 0.185170 0.839246 0.144354 0.839246 0.144354 0.799642
9 0.168808 0.828534 0.160716 0.810355 0.810239 0.538133 0.818332 0.556312 
9 0.239631 0.145491 0.251798 0.129593 0.820369 0.539273 0.808202 0.555171 
9 0.235577 0.136409 0.255851 0.138675 0.174899 0.820577 0.154625 0.818311 
2 0.459705 0.252243 0.589004 0.252243 0.589004 0.427161 0.459705 0.427161
2 0.110730 0.415987 0.304384 0.415987 0.304384 0.510376 0.110730 0.510376
2 0.436537 0.586935 0.562870 0.586935 0.562870 0.762646 0.436537 0.762646
18 0.194338 0.576761 0.338411 0.576761 0.338411 0.745815 0.194338 0.745815
