13 0.348039 0.417097 0.371094 0.417097 0.371094 0.446401 0.348039 0.446401 0.348039 0.417097
13 0.606325 0.613442 0.629380 0.613442 0.629380 0.642746 0.606325 0.642746 0.606325 0.613442
13 0.831391 0.781286 0.854446 0.781286 0.854446 0.810590 0.831391 0.810590 0.831391 0.781286
13 0.604664 0.222863 0.627719 0.222863 0.627719 0.252167 0.604664 0.252167 0.604664 0.222863
9 0.360871 0.440142 0.354940 0.427578 0.612396 0.231233 0.618326 0.243797 
9 0.356624 0.441216 0.362508 0.428616 0.850844 0.797027 0.844960 0.809627 
9 0.854668 0.802037 0.844458 0.808840 0.610256 0.240916 0.620466 0.234114 
3 0.656059 0.432578 0.639929 0.555446 0.593284 0.665000 0.521181 0.749368 0.431433 0.799406 0.333765 0.809693 0.238761 0.779113 0.156716 0.710981 0.096521 0.612680 0.064700 0.494861 0.064700 0.370294 0.096521 0.252475 0.156716 0.154174 0.238761 0.086042 0.333765 0.055462 0.431433 0.065749 0.521181 0.115787 0.593284 0.200155 0.639929 0.309709 0.656059 0.432578
12 0.552882 0.229569 0.652049 0.229569 0.652049 0.358094 0.552882 0.358094
19 0.441880 0.536759 0.498047 0.536759 0.498047 0.620686 0.441880 0.620686
19 0.737769 0.414224 0.822403 0.414224 0.822403 0.517887 0.737769 0.517887
22 0.617788 0.121305 0.695870 0.121305 0.695870 0.231882 0.617788 0.231882
19 0.623167 0.723358 0.711713 0.723358 0.711713 0.827585 0.623167 0.827585
19 0.452481 0.229688 0.509075 0.229688 0.509075 0.314141 0.452481 0.314141
22 0.840211 0.817716 0.908745 0.817716 0.908745 0.929215 0.840211 0.929215
22 0.257321 0.315604 0.350116 0.315604 0.350116 0.427583 0.257321 0.427583
