13 0.072545 0.470844 0.090167 0.470844 0.090167 0.500584 0.072545 0.500584 0.072545 0.470844
13 0.320164 0.897239 0.337786 0.897239 0.337786 0.926979 0.320164 0.926979 0.320164 0.897239
13 0.366925 0.471747 0.384547 0.471747 0.384547 0.501486 0.366925 0.501486 0.366925 0.471747
13 0.410450 0.093961 0.428071 0.093961 0.428071 0.123701 0.410450 0.123701 0.410450 0.093961
13 0.555596 0.466689 0.573217 0.466689 0.573217 0.496428 0.555596 0.496428 0.555596 0.466689
13 0.845257 0.126559 0.862878 0.126559 0.862878 0.156298 0.845257 0.156298 0.845257 0.126559
13 0.802206 0.466559 0.819828 0.466559 0.819828 0.496298 0.802206 0.496298 0.802206 0.466559
13 0.761605 0.799416 0.779227 0.799416 0.779227 0.829156 0.761605 0.829156 0.761605 0.799416
9 0.414932 0.107446 0.423589 0.110217 0.333303 0.913495 0.324647 0.910723 
9 0.083785 0.491917 0.078927 0.479511 0.416832 0.102628 0.421689 0.115034 
9 0.081348 0.493149 0.081364 0.478279 0.375744 0.479182 0.375728 0.494051 
9 0.078210 0.490919 0.084502 0.480510 0.332121 0.906905 0.325829 0.917313 
9 0.564408 0.488993 0.564405 0.474123 0.811016 0.473994 0.811018 0.488864 
9 0.849756 0.139902 0.858379 0.142955 0.774727 0.815812 0.766105 0.812759 
9 0.566923 0.487662 0.561891 0.475455 0.851552 0.135325 0.856584 0.147532 
9 0.561361 0.486930 0.567453 0.476187 0.773462 0.808914 0.767370 0.819657 
2 0.358224 0.290873 0.428919 0.290873 0.428919 0.350429 0.358224 0.350429
2 0.321207 0.630162 0.391337 0.630162 0.391337 0.691039 0.321207 0.691039
0 0.377064 0.132939 0.415465 0.132939 0.415465 0.186769 0.377064 0.186769
0 0.814493 0.168515 0.849322 0.168515 0.849322 0.215540 0.814493 0.215540
4 0.726359 0.708384 0.784332 0.708384 0.784332 0.781462 0.726359 0.781462
4 0.281184 0.791604 0.343239 0.791604 0.343239 0.867922 0.281184 0.867922
5 0.793083 0.299744 0.864353 0.299744 0.864353 0.372016 0.793083 0.372016
5 0.760016 0.581487 0.831726 0.581487 0.831726 0.653302 0.760016 0.653302
19 0.184884 0.200408 0.245962 0.200408 0.245962 0.293345 0.184884 0.293345
19 0.678764 0.203876 0.717857 0.203876 0.717857 0.295385 0.678764 0.295385
19 0.219568 0.492961 0.259179 0.492961 0.259179 0.584511 0.219568 0.584511
19 0.675051 0.488753 0.713582 0.488753 0.713582 0.564144 0.675051 0.564144
