13 0.126348 0.434253 0.163557 0.434253 0.163557 0.467448 0.126348 0.467448 0.126348 0.434253
13 0.483203 0.565868 0.520412 0.565868 0.520412 0.599063 0.483203 0.599063 0.483203 0.565868
13 0.865205 0.701770 0.902414 0.701770 0.902414 0.734965 0.865205 0.734965 0.865205 0.701770
13 0.708824 0.039525 0.746033 0.039525 0.746033 0.072720 0.708824 0.072720 0.708824 0.039525
13 0.264147 0.050296 0.301356 0.050296 0.301356 0.083491 0.264147 0.083491 0.264147 0.050296
13 0.414310 0.237688 0.451519 0.237688 0.451519 0.270883 0.414310 0.270883 0.414310 0.237688
9 0.141454 0.458540 0.148451 0.443161 0.887308 0.710678 0.880311 0.726057 
9 0.718326 0.057833 0.736531 0.054412 0.892912 0.716657 0.874707 0.720078 
9 0.718740 0.053158 0.736117 0.059087 0.510496 0.585430 0.493119 0.579501 
9 0.150579 0.457459 0.139325 0.444242 0.721802 0.049514 0.733055 0.062731 
9 0.273892 0.064363 0.291611 0.069424 0.153812 0.453381 0.136093 0.448320 
9 0.275184 0.071720 0.290319 0.062067 0.440482 0.249460 0.425347 0.259112 
9 0.283004 0.075189 0.282499 0.058598 0.727176 0.047827 0.727681 0.064418 
12 0.473126 0.485220 0.624913 0.485220 0.624913 0.618750 0.473126 0.618750
12 0.289441 0.172292 0.452007 0.172292 0.452007 0.309613 0.289441 0.309613
1 0.074419 0.539419 0.320930 0.539419 0.320930 0.647303 0.074419 0.647303
1 0.609302 0.734440 0.846512 0.734440 0.846512 0.842324 0.609302 0.842324
8 0.071133 0.542579 0.175223 0.542579 0.175223 0.606744 0.071133 0.606744
8 0.756252 0.783304 0.859663 0.783304 0.859663 0.840749 0.756252 0.840749
19 0.356504 0.073334 0.557711 0.073334 0.557711 0.174478 0.356504 0.174478
19 0.291437 0.337174 0.546460 0.337174 0.546460 0.444411 0.291437 0.444411
19 0.567178 0.406788 0.818625 0.406788 0.818625 0.514125 0.567178 0.514125
19 0.325184 0.639012 0.598307 0.639012 0.598307 0.750606 0.325184 0.750606
