13 0.141366 0.208256 0.161266 0.208256 0.161266 0.239263 0.141366 0.239263 0.141366 0.208256
13 0.141660 0.466673 0.161561 0.466673 0.161561 0.497681 0.141660 0.497681 0.141660 0.466673
13 0.140085 0.761911 0.159985 0.761911 0.159985 0.792919 0.140085 0.792919 0.140085 0.761911
13 0.271530 0.428782 0.291430 0.428782 0.291430 0.459790 0.271530 0.459790 0.271530 0.428782
13 0.290881 0.763130 0.310781 0.763130 0.310781 0.794137 0.290881 0.794137 0.290881 0.763130
13 0.596142 0.762727 0.616043 0.762727 0.616043 0.793735 0.596142 0.793735 0.596142 0.762727
13 0.828745 0.762591 0.848645 0.762591 0.848645 0.793599 0.828745 0.793599 0.828745 0.762591
9 0.150032 0.785167 0.150038 0.769663 0.838698 0.770343 0.838692 0.785847 
9 0.277242 0.440226 0.285718 0.448346 0.154273 0.781475 0.145797 0.773355 
9 0.146341 0.223731 0.156291 0.223787 0.155010 0.777443 0.145060 0.777387 
3 0.641654 0.590670 0.631195 0.688322 0.600955 0.775391 0.554208 0.842444 0.496021 0.882212 0.432699 0.890388 0.371105 0.866084 0.317913 0.811935 0.278887 0.733809 0.258256 0.640171 0.258256 0.541169 0.278887 0.447532 0.317913 0.369405 0.371105 0.315256 0.432699 0.290953 0.496021 0.299128 0.554208 0.338897 0.600955 0.405949 0.631195 0.493019 0.641654 0.590670
3 0.291996 0.352947 0.286851 0.400988 0.271973 0.443822 0.248976 0.476809 0.220350 0.496374 0.189198 0.500396 0.158896 0.488440 0.132728 0.461801 0.113529 0.423365 0.103379 0.377299 0.103379 0.328594 0.113529 0.282528 0.132728 0.244093 0.158896 0.217454 0.189198 0.205498 0.220350 0.209520 0.248976 0.229084 0.271973 0.262071 0.286851 0.304906 0.291996 0.352947
22 0.073890 0.449330 0.129007 0.449330 0.129007 0.548897 0.073890 0.548897
22 0.114432 0.790907 0.174902 0.790907 0.174902 0.890447 0.114432 0.890447
22 0.303856 0.653541 0.363333 0.653541 0.363333 0.753560 0.303856 0.753560
19 0.188058 0.781288 0.231167 0.781288 0.231167 0.871999 0.188058 0.871999
19 0.151785 0.287190 0.193631 0.287190 0.193631 0.381861 0.151785 0.381861
19 0.427697 0.788859 0.469954 0.788859 0.469954 0.864786 0.427697 0.864786
22 0.118520 0.092681 0.176657 0.092681 0.176657 0.191651 0.118520 0.191651
22 0.294993 0.438073 0.350858 0.438073 0.350858 0.539355 0.294993 0.539355
19 0.072612 0.565137 0.137818 0.565137 0.137818 0.662546 0.072612 0.662546
22 0.591128 0.792510 0.648555 0.792510 0.648555 0.891713 0.591128 0.891713
