13 0.470405 0.074449 0.500480 0.074449 0.500480 0.104189 0.470405 0.104189 0.470405 0.074449
13 0.052105 0.373548 0.082180 0.373548 0.082180 0.403288 0.052105 0.403288 0.052105 0.373548
13 0.888364 0.371732 0.918439 0.371732 0.918439 0.401472 0.888364 0.401472 0.888364 0.371732
13 0.470677 0.510554 0.500752 0.510554 0.500752 0.540294 0.470677 0.540294 0.470677 0.510554
13 0.212540 0.858380 0.242615 0.858380 0.242615 0.888120 0.212540 0.888120 0.212540 0.858380
13 0.470075 0.857565 0.500150 0.857565 0.500150 0.887305 0.470075 0.887305 0.470075 0.857565
13 0.729180 0.858684 0.759255 0.858684 0.759255 0.888424 0.729180 0.888424 0.729180 0.858684
9 0.227573 0.880685 0.227582 0.865815 0.744222 0.866119 0.744213 0.880989 
9 0.059997 0.390730 0.074289 0.386106 0.234724 0.870938 0.220432 0.875562 
9 0.071549 0.394443 0.062737 0.382393 0.481036 0.083294 0.489848 0.095344 
9 0.481052 0.095355 0.489833 0.083284 0.907792 0.380566 0.899011 0.392638 
9 0.896247 0.384315 0.910556 0.388889 0.751372 0.875841 0.737063 0.871267 
9 0.479654 0.529824 0.491775 0.521023 0.750278 0.869154 0.738157 0.877954 
9 0.478195 0.525411 0.493233 0.525436 0.492632 0.872448 0.477594 0.872423 
19 0.624347 0.570400 0.750624 0.570400 0.750624 0.689483 0.624347 0.689483
12 0.461416 0.731170 0.626985 0.731170 0.626985 0.893217 0.461416 0.893217
