13 0.632437 0.054945 0.652141 0.054945 0.652141 0.077802 0.632437 0.077802 0.632437 0.054945
13 0.164614 0.075714 0.184319 0.075714 0.184319 0.098571 0.164614 0.098571 0.164614 0.075714
13 0.918047 0.262338 0.937752 0.262338 0.937752 0.285195 0.918047 0.285195 0.918047 0.262338
13 0.907389 0.640000 0.927094 0.640000 0.927094 0.662857 0.907389 0.662857 0.907389 0.640000
13 0.744853 0.755897 0.764557 0.755897 0.764557 0.778755 0.744853 0.778755 0.744853 0.755897
13 0.042928 0.875102 0.062632 0.875102 0.062632 0.897959 0.042928 0.897959 0.042928 0.875102
13 0.498433 0.875325 0.518137 0.875325 0.518137 0.898182 0.498433 0.898182 0.498433 0.875325
9 0.174323 0.091318 0.173954 0.079897 0.641658 0.059565 0.642027 0.070986 
9 0.639226 0.070117 0.644459 0.060434 0.931354 0.269102 0.926121 0.278785 
9 0.923814 0.273747 0.933661 0.274140 0.922591 0.647601 0.912744 0.647209 
9 0.915053 0.642562 0.920282 0.652248 0.755215 0.772169 0.749985 0.762483 
9 0.752811 0.762051 0.756599 0.772601 0.510898 0.891310 0.507109 0.880760 
9 0.509023 0.880321 0.508984 0.891750 0.049583 0.889609 0.049622 0.878181 
9 0.054449 0.884919 0.044756 0.882872 0.170215 0.083514 0.179908 0.085561 
18 0.078488 0.775809 0.174463 0.775809 0.174463 0.869439 0.078488 0.869439
18 0.187017 0.100889 0.343622 0.100889 0.343622 0.199569 0.187017 0.199569
18 0.493228 0.093521 0.648361 0.093521 0.648361 0.188895 0.493228 0.188895
18 0.747757 0.263640 0.907588 0.263640 0.907588 0.360528 0.747757 0.360528
18 0.744215 0.553504 0.903075 0.553504 0.903075 0.648651 0.744215 0.648651
18 0.629924 0.659710 0.788430 0.659710 0.788430 0.755727 0.629924 0.755727
18 0.388999 0.771257 0.548007 0.771257 0.548007 0.865151 0.388999 0.865151
