13 0.054064 0.083175 0.076987 0.083175 0.076987 0.114921 0.054064 0.114921 0.054064 0.083175
13 0.692145 0.082309 0.715068 0.082309 0.715068 0.114055 0.692145 0.114055 0.692145 0.082309
13 0.053663 0.746184 0.076585 0.746184 0.076585 0.777930 0.053663 0.777930 0.053663 0.746184
13 0.692089 0.746455 0.715012 0.746455 0.715012 0.778201 0.692089 0.778201 0.692089 0.746455
9 0.059795 0.099041 0.071256 0.099054 0.070855 0.762064 0.059393 0.762050 
9 0.065531 0.106984 0.065520 0.091111 0.703601 0.090245 0.703612 0.106118 
9 0.697876 0.098181 0.709337 0.098183 0.709281 0.762329 0.697820 0.762327 
9 0.065122 0.769994 0.065126 0.754121 0.703552 0.754392 0.703549 0.770265 
19 0.726812 0.384836 0.957354 0.384836 0.957354 0.512565 0.726812 0.512565
19 0.277468 0.790433 0.516330 0.790433 0.516330 0.917143 0.277468 0.917143
