13 0.734892 0.252634 0.759508 0.252634 0.759508 0.292238 0.734892 0.292238 0.734892 0.252634
13 0.123692 0.531480 0.148308 0.531480 0.148308 0.571084 0.123692 0.571084 0.123692 0.531480
13 0.432238 0.531480 0.456853 0.531480 0.456853 0.571084 0.432238 0.571084 0.432238 0.531480
13 0.845407 0.530870 0.870022 0.530870 0.870022 0.570474 0.845407 0.570474 0.845407 0.530870
13 0.205779 0.740510 0.230395 0.740510 0.230395 0.780114 0.205779 0.780114 0.205779 0.740510
9 0.136003 0.561183 0.135997 0.541381 0.857711 0.540771 0.857718 0.560573 
9 0.221171 0.768880 0.215003 0.751744 0.742930 0.259815 0.749099 0.276950 
9 0.740213 0.273721 0.750578 0.263044 0.862897 0.545333 0.852531 0.556010 
9 0.130769 0.556496 0.141231 0.546068 0.222535 0.757222 0.212072 0.767650 
22 0.726154 0.099010 0.772308 0.099010 0.772308 0.217822 0.726154 0.217822
19 0.833846 0.341584 0.880000 0.341584 0.880000 0.445545 0.833846 0.445545
10 0.769231 0.341584 0.836923 0.341584 0.836923 0.475248 0.769231 0.475248
22 0.400000 0.371287 0.467692 0.371287 0.467692 0.490099 0.400000 0.490099
22 0.043077 0.490099 0.107692 0.490099 0.107692 0.608911 0.043077 0.608911
22 0.876923 0.490099 0.944615 0.490099 0.944615 0.608911 0.876923 0.608911
10 0.144615 0.594059 0.212308 0.594059 0.212308 0.722772 0.144615 0.722772
19 0.098462 0.628713 0.144615 0.628713 0.144615 0.737624 0.098462 0.737624
22 0.178462 0.801980 0.240000 0.801980 0.240000 0.920792 0.178462 0.920792
19 0.209231 0.391089 0.366154 0.391089 0.366154 0.500000 0.209231 0.500000
19 0.569231 0.603960 0.726154 0.603960 0.726154 0.712871 0.569231 0.712871
