13 0.393026 0.215212 0.418104 0.215212 0.418104 0.259657 0.393026 0.259657 0.393026 0.215212
13 0.670797 0.213439 0.695875 0.213439 0.695875 0.257883 0.670797 0.257883 0.670797 0.213439
13 0.871523 0.209047 0.896601 0.209047 0.896601 0.253491 0.871523 0.253491 0.871523 0.209047
13 0.149839 0.453957 0.174917 0.453957 0.174917 0.498401 0.149839 0.498401 0.149839 0.453957
13 0.392092 0.709394 0.417171 0.709394 0.417171 0.753838 0.392092 0.753838 0.392092 0.709394
13 0.672330 0.707658 0.697409 0.707658 0.697409 0.752102 0.672330 0.752102 0.672330 0.707658
9 0.402683 0.243478 0.402699 0.221256 0.885929 0.222354 0.885913 0.244576 
9 0.882690 0.223681 0.892868 0.236661 0.689958 0.736370 0.679781 0.723390 
9 0.676447 0.237943 0.688986 0.237771 0.691139 0.729794 0.678600 0.729966 
9 0.162218 0.490061 0.168608 0.470941 0.407827 0.722056 0.401436 0.741176 
9 0.169162 0.482444 0.162904 0.463187 0.399562 0.221641 0.405820 0.240898 
9 0.397041 0.230147 0.409580 0.230196 0.408961 0.728659 0.396422 0.728610 
9 0.402056 0.739745 0.402087 0.717523 0.684885 0.718769 0.684854 0.740991 
8 0.394984 0.122222 0.438871 0.122222 0.438871 0.177778 0.394984 0.177778
8 0.855799 0.122222 0.896552 0.122222 0.896552 0.177778 0.855799 0.177778
8 0.075235 0.211111 0.119122 0.211111 0.119122 0.311111 0.075235 0.311111
2 0.263323 0.288889 0.310345 0.288889 0.310345 0.405556 0.263323 0.405556
2 0.369906 0.461111 0.442006 0.461111 0.442006 0.522222 0.369906 0.522222
2 0.266458 0.550000 0.313480 0.550000 0.313480 0.666667 0.266458 0.666667
8 0.078370 0.666667 0.112853 0.666667 0.112853 0.750000 0.078370 0.750000
2 0.523511 0.655556 0.557994 0.655556 0.557994 0.777778 0.523511 0.777778
19 0.573668 0.094444 0.714734 0.094444 0.714734 0.211111 0.573668 0.211111
19 0.025078 0.416667 0.159875 0.416667 0.159875 0.538889 0.025078 0.538889
19 0.470219 0.783333 0.611285 0.783333 0.611285 0.905556 0.470219 0.905556
