13 0.060090 0.538077 0.078068 0.538077 0.078068 0.557637 0.060090 0.557637 0.060090 0.538077
13 0.201538 0.538791 0.219515 0.538791 0.219515 0.558351 0.201538 0.558351 0.201538 0.538791
13 0.485748 0.537159 0.503726 0.537159 0.503726 0.556719 0.485748 0.556719 0.485748 0.537159
13 0.485748 0.744506 0.503726 0.744506 0.503726 0.764066 0.485748 0.764066 0.485748 0.744506
13 0.485748 0.913077 0.503726 0.913077 0.503726 0.932637 0.485748 0.932637 0.485748 0.913077
13 0.809432 0.538791 0.827410 0.538791 0.827410 0.558351 0.809432 0.558351 0.809432 0.538791
13 0.908555 0.538157 0.926533 0.538157 0.926533 0.557716 0.908555 0.557716 0.908555 0.538157
13 0.485090 0.156649 0.503068 0.156649 0.503068 0.176209 0.485090 0.176209 0.485090 0.156649
13 0.485748 0.047363 0.503726 0.047363 0.503726 0.066923 0.485748 0.066923 0.485748 0.047363
9 0.069079 0.552747 0.069079 0.542967 0.917544 0.543047 0.917543 0.552826 
9 0.490242 0.052253 0.499231 0.052253 0.499231 0.927747 0.490242 0.927747 
22 0.510034 0.131955 0.573860 0.131955 0.573860 0.217649 0.510034 0.217649
22 0.510155 0.446652 0.577790 0.446652 0.577790 0.532758 0.510155 0.532758
12 0.403724 0.449539 0.508718 0.449539 0.508718 0.565767 0.403724 0.565767
22 0.175224 0.574207 0.240771 0.574207 0.240771 0.659578 0.175224 0.659578
22 0.784725 0.575853 0.849768 0.575853 0.849768 0.662353 0.784725 0.662353
22 0.520109 0.711148 0.581914 0.711148 0.581914 0.799746 0.520109 0.799746
