13 0.136533 0.791876 0.160342 0.791876 0.160342 0.822410 0.136533 0.822410 0.136533 0.791876
13 0.520990 0.791650 0.544799 0.791650 0.544799 0.822184 0.520990 0.822184 0.520990 0.791650
13 0.327604 0.168161 0.351414 0.168161 0.351414 0.198696 0.327604 0.198696 0.327604 0.168161
9 0.148440 0.814776 0.148435 0.799509 0.532892 0.799284 0.532897 0.814551 
9 0.333978 0.186250 0.345040 0.180607 0.538426 0.804096 0.527364 0.809739 
9 0.333969 0.180637 0.345049 0.186220 0.153978 0.809934 0.142897 0.804352 
2 0.181748 0.492419 0.279636 0.492419 0.279636 0.574986 0.181748 0.574986
2 0.396776 0.492413 0.497489 0.492413 0.497489 0.573386 0.396776 0.573386
1 0.464286 0.637405 0.562500 0.637405 0.562500 0.793893 0.464286 0.793893
7 0.473978 0.747346 0.508254 0.747346 0.508254 0.788932 0.473978 0.788932
18 0.567669 0.570497 0.916571 0.570497 0.916571 0.705659 0.567669 0.705659
22 0.061553 0.807317 0.137365 0.807317 0.137365 0.923424 0.061553 0.923424
22 0.532193 0.807797 0.607891 0.807797 0.607891 0.922732 0.532193 0.922732
19 0.217556 0.839681 0.450922 0.839681 0.450922 0.949936 0.217556 0.949936
22 0.296719 0.045085 0.378996 0.045085 0.378996 0.158917 0.296719 0.158917
18 0.270331 0.368167 0.391143 0.368167 0.391143 0.483028 0.270331 0.483028
