13 0.204120 0.772537 0.220717 0.772537 0.220717 0.791907 0.204120 0.791907 0.204120 0.772537
13 0.483531 0.772537 0.500129 0.772537 0.500129 0.791907 0.483531 0.791907 0.483531 0.772537
13 0.761922 0.772458 0.778519 0.772458 0.778519 0.791828 0.761922 0.791828 0.761922 0.772458
13 0.482510 0.208172 0.499108 0.208172 0.499108 0.227542 0.482510 0.227542 0.482510 0.208172
9 0.212419 0.787065 0.212418 0.777380 0.770220 0.777300 0.770221 0.786985 
9 0.487216 0.220280 0.494401 0.215434 0.773813 0.779720 0.766628 0.784566 
9 0.486659 0.217867 0.494958 0.217847 0.495979 0.782212 0.487681 0.782232 
9 0.487213 0.215441 0.494405 0.220273 0.216014 0.784638 0.208822 0.779806 
12 0.476069 0.689422 0.568082 0.689422 0.568082 0.798907 0.476069 0.798907
22 0.451309 0.093961 0.532009 0.093961 0.532009 0.198683 0.451309 0.198683
22 0.444609 0.801077 0.540609 0.801077 0.540609 0.905385 0.444609 0.905385
19 0.657238 0.452713 0.738887 0.452713 0.738887 0.548688 0.657238 0.548688
22 0.138761 0.802016 0.211004 0.802016 0.211004 0.905325 0.138761 0.905325
19 0.233811 0.453203 0.314697 0.453203 0.314697 0.549206 0.233811 0.549206
22 0.769989 0.801162 0.839782 0.801162 0.839782 0.909146 0.769989 0.909146
19 0.582244 0.794207 0.699522 0.794207 0.699522 0.895566 0.582244 0.895566
18 0.262872 0.667566 0.388755 0.667566 0.388755 0.771424 0.262872 0.771424
