13 0.108407 0.682178 0.118259 0.682178 0.118259 0.702743 0.108407 0.702743 0.108407 0.682178
13 0.274122 0.725828 0.283974 0.725828 0.283974 0.746394 0.274122 0.746394 0.274122 0.725828
13 0.323407 0.583467 0.333259 0.583467 0.333259 0.604033 0.323407 0.604033 0.323407 0.583467
13 0.192693 0.204995 0.202545 0.204995 0.202545 0.225561 0.192693 0.225561 0.192693 0.204995
13 0.628407 0.769479 0.638259 0.769479 0.638259 0.790045 0.628407 0.790045 0.628407 0.769479
13 0.833407 0.823051 0.843259 0.823051 0.843259 0.843616 0.833407 0.843616 0.833407 0.823051
13 0.894122 0.649439 0.903974 0.649439 0.903974 0.670005 0.894122 0.670005 0.894122 0.649439
13 0.733407 0.184162 0.743259 0.184162 0.743259 0.204727 0.733407 0.204727 0.733407 0.184162
9 0.326337 0.590739 0.330330 0.596761 0.281044 0.739123 0.277051 0.733100 
9 0.113025 0.697561 0.113642 0.687359 0.279356 0.731010 0.278739 0.741212 
9 0.195308 0.213499 0.199930 0.217056 0.115644 0.694239 0.111022 0.690682 
9 0.195621 0.218284 0.199617 0.212271 0.330331 0.590743 0.326335 0.596757 
9 0.736027 0.192641 0.740640 0.196247 0.635640 0.781565 0.631027 0.777959 
9 0.633027 0.784863 0.633639 0.774660 0.838639 0.828232 0.838027 0.838435 
9 0.897058 0.656691 0.901037 0.662754 0.840323 0.836365 0.836344 0.830302 
9 0.736335 0.197451 0.740331 0.191438 0.901046 0.656715 0.897050 0.662729 
0 0.719215 0.241436 0.764934 0.241436 0.764934 0.286315 0.719215 0.286315
0 0.179930 0.262344 0.224691 0.262344 0.224691 0.310171 0.179930 0.310171
4 0.122505 0.589706 0.165036 0.589706 0.165036 0.712684 0.122505 0.712684
4 0.643923 0.675597 0.684607 0.675597 0.684607 0.801195 0.643923 0.801195
23 0.798176 0.754016 0.860364 0.754016 0.860364 0.839315 0.798176 0.839315
23 0.239414 0.656605 0.300464 0.656605 0.300464 0.739928 0.239414 0.739928
14 0.280674 0.511595 0.320564 0.511595 0.320564 0.661369 0.280674 0.661369
14 0.850535 0.580430 0.891696 0.580430 0.891696 0.736764 0.850535 0.736764
19 0.310993 0.636658 0.421965 0.636658 0.421965 0.739782 0.310993 0.739782
19 0.033178 0.397201 0.140915 0.397201 0.140915 0.494798 0.033178 0.494798
22 0.336368 0.531907 0.380796 0.531907 0.380796 0.634660 0.336368 0.634660
22 0.844210 0.814476 0.889892 0.814476 0.889892 0.914420 0.844210 0.914420
22 0.719497 0.078939 0.762757 0.078939 0.762757 0.177625 0.719497 0.177625
19 0.701682 0.824720 0.750888 0.824720 0.750888 0.918647 0.701682 0.918647
22 0.908779 0.595013 0.955244 0.595013 0.955244 0.695848 0.908779 0.695848
22 0.576821 0.742014 0.620574 0.742014 0.620574 0.846611 0.576821 0.846611
19 0.624019 0.439798 0.671741 0.439798 0.671741 0.535645 0.624019 0.535645
22 0.266122 0.747082 0.311709 0.747082 0.311709 0.845578 0.266122 0.845578
22 0.170814 0.097337 0.214105 0.097337 0.214105 0.195537 0.170814 0.195537
19 0.888408 0.703801 0.920211 0.703801 0.920211 0.797827 0.888408 0.797827
22 0.060644 0.629275 0.102792 0.629275 0.102792 0.732201 0.060644 0.732201
19 0.171408 0.729647 0.204302 0.729647 0.204302 0.824665 0.171408 0.824665
