13 0.001887 0.686581 0.035643 0.686581 0.035643 0.740635 0.001887 0.740635 0.001887 0.686581
13 0.813870 0.686991 0.847625 0.686991 0.847625 0.741045 0.813870 0.741045 0.813870 0.686991
13 0.611218 0.120687 0.644973 0.120687 0.644973 0.174741 0.611218 0.174741 0.611218 0.120687
9 0.018762 0.727121 0.018768 0.700094 0.830750 0.700504 0.830745 0.727531 
9 0.620773 0.154433 0.635417 0.140995 0.838070 0.707299 0.823426 0.720737 
9 0.022999 0.725298 0.014531 0.701918 0.623862 0.136024 0.632329 0.159404 
12 0.559150 0.122311 0.673003 0.122311 0.673003 0.310318 0.559150 0.310318
18 0.629975 0.537133 0.761108 0.537133 0.761108 0.693035 0.629975 0.693035
19 0.744285 0.277926 0.802662 0.277926 0.802662 0.385869 0.744285 0.385869
19 0.384135 0.742300 0.486656 0.742300 0.486656 0.883065 0.384135 0.883065
