13 0.107519 0.193808 0.137481 0.193808 0.137481 0.231192 0.107519 0.231192 0.107519 0.193808
13 0.323233 0.313898 0.353196 0.313898 0.353196 0.351281 0.323233 0.351281 0.323233 0.313898
13 0.599519 0.468496 0.629481 0.468496 0.629481 0.505879 0.599519 0.505879 0.599519 0.468496
13 0.344781 0.667618 0.374743 0.667618 0.374743 0.705001 0.344781 0.705001 0.344781 0.667618
9 0.119440 0.221031 0.125560 0.203969 0.617560 0.478657 0.611440 0.495718 
9 0.116147 0.217452 0.128853 0.207548 0.366115 0.681358 0.353409 0.691261 
9 0.364256 0.689363 0.356330 0.673501 0.609526 0.476545 0.617452 0.492406 
3 0.915055 0.484777 0.898729 0.606842 0.851521 0.715679 0.778547 0.799494 0.687714 0.849205 0.588865 0.859424 0.492713 0.829045 0.409676 0.761359 0.348754 0.663700 0.316548 0.546653 0.316548 0.422901 0.348754 0.305853 0.409676 0.208195 0.492713 0.140509 0.588865 0.110130 0.687714 0.120349 0.778547 0.170060 0.851521 0.253875 0.898729 0.362712 0.915055 0.484777
8 0.123596 0.126168 0.179775 0.126168 0.179775 0.186916 0.123596 0.186916
22 0.037453 0.140187 0.104869 0.140187 0.104869 0.247664 0.037453 0.247664
19 0.389513 0.257009 0.441948 0.257009 0.441948 0.336449 0.389513 0.336449
8 0.595506 0.387850 0.644195 0.387850 0.644195 0.434579 0.595506 0.434579
22 0.617978 0.448598 0.692884 0.448598 0.692884 0.556075 0.617978 0.556075
19 0.142322 0.453271 0.228464 0.453271 0.228464 0.560748 0.142322 0.560748
19 0.468165 0.598131 0.554307 0.598131 0.554307 0.700935 0.468165 0.700935
22 0.265918 0.672897 0.340824 0.672897 0.340824 0.785047 0.265918 0.785047
