13 0.112774 0.166111 0.136030 0.166111 0.136030 0.193889 0.112774 0.193889 0.112774 0.166111
13 0.484066 0.165540 0.507322 0.165540 0.507322 0.193317 0.484066 0.193317 0.484066 0.165540
13 0.854964 0.166615 0.878220 0.166615 0.878220 0.194393 0.854964 0.194393 0.854964 0.166615
13 0.632335 0.815355 0.655591 0.815355 0.655591 0.843133 0.632335 0.843133 0.632335 0.815355
9 0.861212 0.177870 0.871971 0.183138 0.649342 0.831878 0.638583 0.826610 
9 0.124399 0.186944 0.124405 0.173056 0.866595 0.173560 0.866588 0.187449 
9 0.120199 0.184798 0.128605 0.175202 0.648166 0.824445 0.639760 0.834042 
9 0.490084 0.181255 0.501303 0.177603 0.649572 0.827418 0.638353 0.831070 
22 0.450533 0.029527 0.541932 0.029527 0.541932 0.144735 0.450533 0.144735
22 0.008680 0.053963 0.094206 0.053963 0.094206 0.168852 0.008680 0.168852
22 0.895009 0.051994 0.979954 0.051994 0.979954 0.168327 0.895009 0.168327
16 0.426456 0.214272 0.483515 0.214272 0.483515 0.320907 0.426456 0.320907
16 0.552285 0.214122 0.617081 0.214122 0.617081 0.322831 0.552285 0.322831
22 0.607881 0.862869 0.702151 0.862869 0.702151 0.981573 0.607881 0.981573
