13 0.159528 0.184923 0.175528 0.184923 0.175528 0.208044 0.159528 0.208044 0.159528 0.184923
13 0.638701 0.139209 0.654701 0.139209 0.654701 0.162330 0.638701 0.162330 0.638701 0.139209
13 0.474213 0.463868 0.490213 0.463868 0.490213 0.486989 0.474213 0.486989 0.474213 0.463868
13 0.310182 0.785582 0.326182 0.785582 0.326182 0.808704 0.310182 0.808704 0.310182 0.785582
13 0.791548 0.745582 0.807548 0.745582 0.807548 0.768704 0.791548 0.768704 0.791548 0.745582
9 0.165435 0.201410 0.169621 0.191557 0.801641 0.752217 0.797456 0.762069 
9 0.643477 0.147348 0.649925 0.154191 0.321406 0.800565 0.314958 0.793721 
9 0.167792 0.202251 0.167265 0.190716 0.646438 0.145001 0.646965 0.156537 
9 0.642943 0.152748 0.650460 0.148791 0.803307 0.755164 0.795790 0.759121 
9 0.163768 0.198453 0.171289 0.194514 0.321942 0.795173 0.314421 0.799113 
9 0.318411 0.802914 0.317952 0.791372 0.799319 0.751372 0.799778 0.762914 
22 0.668445 0.049716 0.738774 0.049716 0.738774 0.164076 0.668445 0.164076
22 0.444971 0.318216 0.509328 0.318216 0.509328 0.429534 0.444971 0.429534
22 0.247342 0.811232 0.319988 0.811232 0.319988 0.924640 0.247342 0.924640
22 0.084779 0.117365 0.152109 0.117365 0.152109 0.231078 0.084779 0.231078
22 0.806818 0.752836 0.881066 0.752836 0.881066 0.870837 0.806818 0.870837
