13 0.214495 0.241585 0.230212 0.241585 0.230212 0.262311 0.214495 0.262311 0.214495 0.241585
13 0.469906 0.230157 0.485623 0.230157 0.485623 0.250882 0.469906 0.250882 0.469906 0.230157
13 0.790121 0.213129 0.805838 0.213129 0.805838 0.233855 0.790121 0.233855 0.790121 0.213129
13 0.733267 0.518209 0.748984 0.518209 0.748984 0.538934 0.733267 0.538934 0.733267 0.518209
13 0.680453 0.789637 0.696170 0.789637 0.696170 0.810363 0.680453 0.810363 0.680453 0.789637
9 0.219738 0.255815 0.224969 0.248081 0.690927 0.796133 0.685696 0.803867 
9 0.794169 0.222231 0.801791 0.224753 0.692123 0.801261 0.684500 0.798739 
9 0.222501 0.257126 0.222206 0.246770 0.797833 0.218314 0.798127 0.228670 
9 0.475256 0.244508 0.480273 0.236531 0.743634 0.524583 0.738617 0.532559 
10 0.568261 0.329192 0.654696 0.329192 0.654696 0.437338 0.568261 0.437338
10 0.420274 0.484368 0.507756 0.484368 0.507756 0.594188 0.420274 0.594188
22 0.657553 0.823740 0.735395 0.823740 0.735395 0.935653 0.657553 0.935653
22 0.808804 0.101316 0.881998 0.101316 0.881998 0.214459 0.808804 0.214459
22 0.457054 0.105674 0.529789 0.105674 0.529789 0.213909 0.457054 0.213909
22 0.132826 0.127724 0.214248 0.127724 0.214248 0.244731 0.132826 0.244731
22 0.759617 0.524877 0.825221 0.524877 0.825221 0.636597 0.759617 0.636597
