13 0.402322 0.056264 0.420463 0.056264 0.420463 0.080879 0.402322 0.080879 0.402322 0.056264
13 0.592196 0.056264 0.610336 0.056264 0.610336 0.080879 0.592196 0.080879 0.592196 0.056264
13 0.497259 0.223121 0.515399 0.223121 0.515399 0.247736 0.497259 0.247736 0.497259 0.223121
13 0.081647 0.340345 0.099788 0.340345 0.099788 0.364961 0.081647 0.364961 0.081647 0.340345
13 0.430515 0.340939 0.448656 0.340939 0.448656 0.365554 0.430515 0.365554 0.430515 0.340939
13 0.563147 0.339780 0.581287 0.339780 0.581287 0.364396 0.563147 0.364396 0.563147 0.339780
13 0.832702 0.341978 0.850842 0.341978 0.850842 0.366593 0.832702 0.366593 0.832702 0.341978
13 0.079537 0.636264 0.097678 0.636264 0.097678 0.660879 0.079537 0.660879 0.079537 0.636264
13 0.262177 0.636264 0.280318 0.636264 0.280318 0.660879 0.262177 0.660879 0.262177 0.636264
13 0.728121 0.636264 0.746261 0.636264 0.746261 0.660879 0.728121 0.660879 0.728121 0.636264
13 0.832702 0.637488 0.850842 0.637488 0.850842 0.662104 0.832702 0.662104 0.832702 0.637488
13 0.119622 0.881978 0.137762 0.881978 0.137762 0.906593 0.119622 0.906593 0.119622 0.881978
13 0.866721 0.886264 0.884861 0.886264 0.884861 0.910879 0.866721 0.910879 0.866721 0.886264
9 0.407780 0.072293 0.415004 0.064850 0.879403 0.894850 0.872179 0.902293 
9 0.090710 0.358807 0.090725 0.346499 0.841779 0.348132 0.841765 0.360440 
9 0.088602 0.654725 0.088613 0.642418 0.841778 0.643642 0.841767 0.655950 
9 0.597684 0.064797 0.604848 0.072346 0.132274 0.898060 0.125110 0.890511 
16 0.379279 0.214244 0.436362 0.214244 0.436362 0.328687 0.379279 0.328687
16 0.300373 0.375269 0.349068 0.375269 0.349068 0.486165 0.300373 0.486165
16 0.215426 0.509423 0.273546 0.509423 0.273546 0.623418 0.215426 0.623418
20 0.791141 0.202475 0.846539 0.202475 0.846539 0.314581 0.791141 0.314581
20 0.774652 0.502700 0.855333 0.502700 0.855333 0.598306 0.774652 0.598306
20 0.892084 0.806097 0.951521 0.806097 0.951521 0.898855 0.892084 0.898855
20 0.065744 0.789785 0.116791 0.789785 0.116791 0.897512 0.065744 0.897512
