13 0.564393 0.153392 0.593067 0.153392 0.593067 0.179366 0.564393 0.179366 0.564393 0.153392
13 0.165306 0.529111 0.193980 0.529111 0.193980 0.555085 0.165306 0.555085 0.165306 0.529111
13 0.446615 0.529673 0.475289 0.529673 0.475289 0.555647 0.446615 0.555647 0.446615 0.529673
13 0.586335 0.648092 0.615009 0.648092 0.615009 0.674066 0.586335 0.674066 0.586335 0.648092
13 0.784761 0.759852 0.813435 0.759852 0.813435 0.785826 0.784761 0.785826 0.784761 0.759852
13 0.225663 0.852298 0.254337 0.852298 0.254337 0.878272 0.225663 0.878272 0.225663 0.852298
9 0.243799 0.870791 0.236201 0.859779 0.596873 0.655573 0.604472 0.666585 
9 0.241287 0.871673 0.238713 0.858897 0.797811 0.766451 0.800385 0.779227 
9 0.596887 0.666593 0.604457 0.655564 0.802883 0.767324 0.795313 0.778353 
9 0.179627 0.548592 0.179659 0.535605 0.460968 0.536166 0.460937 0.549153 
9 0.573565 0.161877 0.583896 0.170881 0.184808 0.546601 0.174477 0.537596 
9 0.571834 0.164608 0.585627 0.168150 0.467849 0.544431 0.454056 0.540888 
22 0.530220 0.041891 0.640748 0.041891 0.640748 0.145848 0.530220 0.145848
0 0.503667 0.212883 0.561671 0.212883 0.561671 0.256605 0.503667 0.256605
2 0.309297 0.306155 0.420778 0.306155 0.420778 0.416476 0.309297 0.416476
24 0.440546 0.327594 0.588575 0.327594 0.588575 0.429343 0.440546 0.429343
23 0.370131 0.456859 0.486963 0.456859 0.486963 0.548550 0.370131 0.548550
4 0.219573 0.470070 0.284783 0.470070 0.284783 0.550292 0.219573 0.550292
5 0.288410 0.479982 0.362147 0.479982 0.362147 0.608523 0.288410 0.608523
22 0.051105 0.500076 0.161547 0.500076 0.161547 0.609983 0.051105 0.609983
22 0.465371 0.503230 0.559553 0.503230 0.559553 0.607257 0.465371 0.607257
22 0.559696 0.544278 0.666856 0.544278 0.666856 0.648463 0.559696 0.648463
23 0.528572 0.659319 0.675401 0.659319 0.675401 0.742597 0.528572 0.742597
24 0.403125 0.665985 0.526960 0.665985 0.526960 0.793083 0.403125 0.793083
4 0.696715 0.729127 0.752893 0.729127 0.752893 0.795463 0.696715 0.795463
22 0.812077 0.714166 0.919801 0.714166 0.919801 0.824165 0.812077 0.824165
2 0.530247 0.750952 0.598020 0.750952 0.598020 0.875399 0.530247 0.875399
0 0.314730 0.805109 0.357820 0.805109 0.357820 0.859747 0.314730 0.859747
22 0.121590 0.819007 0.221718 0.819007 0.221718 0.925276 0.121590 0.925276
5 0.634341 0.660854 0.754765 0.660854 0.754765 0.764868 0.634341 0.764868
