13 0.176727 0.815063 0.189345 0.815063 0.189345 0.829223 0.176727 0.829223 0.176727 0.815063
13 0.513249 0.816730 0.525867 0.816730 0.525867 0.830889 0.513249 0.830889 0.513249 0.816730
13 0.839172 0.815777 0.851790 0.815777 0.851790 0.829937 0.839172 0.829937 0.839172 0.815777
13 0.725834 0.515777 0.738452 0.515777 0.738452 0.529937 0.725834 0.529937 0.725834 0.515777
13 0.600834 0.178635 0.613452 0.178635 0.613452 0.192794 0.600834 0.192794 0.600834 0.178635
13 0.379405 0.508349 0.392023 0.508349 0.392023 0.522508 0.379405 0.522508 0.379405 0.508349
13 0.542160 0.615777 0.554779 0.615777 0.554779 0.629937 0.542160 0.629937 0.542160 0.615777
9 0.604616 0.183594 0.609669 0.187834 0.185562 0.824263 0.180509 0.820023 
9 0.604234 0.187084 0.610052 0.184344 0.848390 0.821487 0.842572 0.824227 
9 0.183033 0.825683 0.183039 0.818603 0.845484 0.819317 0.845478 0.826397 
9 0.604025 0.185175 0.610261 0.186253 0.522676 0.824348 0.516440 0.823271 
9 0.384099 0.518469 0.387329 0.512388 0.847096 0.819816 0.843866 0.825898 
9 0.184414 0.825327 0.181657 0.818959 0.730765 0.519673 0.733521 0.526041 
22 0.302867 0.444939 0.369177 0.444939 0.369177 0.527895 0.302867 0.527895
22 0.741401 0.462645 0.802593 0.462645 0.802593 0.545307 0.741401 0.545307
22 0.832977 0.830700 0.901955 0.830700 0.901955 0.914716 0.832977 0.914716
22 0.563371 0.506896 0.623106 0.506896 0.623106 0.585956 0.563371 0.585956
22 0.104241 0.830261 0.168909 0.830261 0.168909 0.916434 0.104241 0.916434
22 0.580071 0.083037 0.651033 0.083037 0.651033 0.170792 0.580071 0.170792
22 0.489466 0.831073 0.549197 0.831073 0.549197 0.914281 0.489466 0.914281
