13 0.292246 0.076228 0.319182 0.076228 0.319182 0.102543 0.292246 0.102543 0.292246 0.076228
13 0.722773 0.227948 0.749709 0.227948 0.749709 0.254263 0.722773 0.254263 0.722773 0.227948
13 0.292246 0.227066 0.319182 0.227066 0.319182 0.253381 0.292246 0.253381 0.292246 0.227066
13 0.722246 0.517289 0.749182 0.517289 0.749182 0.543605 0.722246 0.543605 0.722246 0.517289
13 0.290913 0.917941 0.317849 0.917941 0.317849 0.944257 0.290913 0.944257 0.290913 0.917941
9 0.729507 0.241094 0.742975 0.241117 0.742448 0.530459 0.728980 0.530435 
9 0.309021 0.935867 0.299741 0.926331 0.731074 0.525679 0.740354 0.535215 
9 0.298980 0.089375 0.312448 0.089396 0.311115 0.931109 0.297647 0.931089 
9 0.303429 0.095574 0.307999 0.083197 0.738526 0.234917 0.733956 0.247294 
9 0.305700 0.246802 0.305728 0.233645 0.736255 0.234527 0.736226 0.247684 
19 0.482373 0.269586 0.668638 0.269586 0.668638 0.381517 0.482373 0.381517
19 0.762870 0.339188 0.944696 0.339188 0.944696 0.450710 0.762870 0.450710
19 0.046867 0.447443 0.272180 0.447443 0.272180 0.558791 0.046867 0.558791
12 0.291360 0.221371 0.442448 0.221371 0.442448 0.377106 0.291360 0.377106
