13 0.026542 0.317476 0.048520 0.317476 0.048520 0.372648 0.026542 0.372648 0.026542 0.317476
13 0.141233 0.718247 0.163211 0.718247 0.163211 0.773420 0.141233 0.773420 0.141233 0.718247
13 0.346991 0.176707 0.368969 0.176707 0.368969 0.231879 0.346991 0.231879 0.346991 0.176707
13 0.186108 0.249833 0.208086 0.249833 0.208086 0.305006 0.186108 0.305006 0.186108 0.249833
13 0.460390 0.233046 0.482368 0.233046 0.482368 0.288218 0.460390 0.288218 0.460390 0.233046
13 0.577344 0.826580 0.599322 0.826580 0.599322 0.881753 0.577344 0.881753 0.577344 0.826580
13 0.664817 0.194188 0.686795 0.194188 0.686795 0.249360 0.664817 0.249360 0.664817 0.194188
13 0.872445 0.154232 0.894423 0.154232 0.894423 0.209404 0.872445 0.209404 0.872445 0.154232
9 0.354004 0.194773 0.361956 0.213813 0.156198 0.755353 0.148246 0.736313 
9 0.038478 0.358648 0.036584 0.331475 0.357033 0.190706 0.358927 0.217880 
9 0.033069 0.353109 0.041993 0.337014 0.156685 0.737786 0.147760 0.753881 
9 0.191755 0.274194 0.202439 0.280645 0.157564 0.749059 0.146880 0.742608 
9 0.471797 0.274385 0.470962 0.246879 0.883017 0.168065 0.883852 0.195571 
9 0.466454 0.266748 0.476304 0.254517 0.593258 0.848051 0.583408 0.860282 
9 0.592026 0.864380 0.584641 0.843953 0.879742 0.171604 0.887127 0.192032 
9 0.670616 0.217250 0.680997 0.226299 0.593524 0.858691 0.583143 0.849642 
5 0.571795 0.127932 0.622158 0.127932 0.622158 0.339933 0.571795 0.339933
5 0.715437 0.099487 0.765339 0.099487 0.765339 0.315521 0.715437 0.315521
2 0.215399 0.150506 0.251188 0.150506 0.251188 0.357885 0.215399 0.357885
2 0.131479 0.192611 0.167210 0.192611 0.167210 0.394580 0.131479 0.394580
4 0.784637 0.177203 0.831878 0.177203 0.831878 0.353399 0.784637 0.353399
4 0.261949 0.222262 0.309931 0.222262 0.309931 0.391600 0.261949 0.391600
0 0.074399 0.292050 0.122238 0.292050 0.122238 0.517884 0.074399 0.517884
0 0.494668 0.226740 0.549746 0.226740 0.549746 0.435025 0.494668 0.435025
19 0.734431 0.535506 0.806876 0.535506 0.806876 0.692950 0.734431 0.692950
19 0.128529 0.437264 0.167546 0.437264 0.167546 0.557699 0.128529 0.557699
19 0.584175 0.399835 0.626151 0.399835 0.626151 0.557622 0.584175 0.557622
19 0.244727 0.508344 0.287686 0.508344 0.287686 0.665071 0.244727 0.665071
