13 0.083920 0.110089 0.113882 0.110089 0.113882 0.141339 0.083920 0.141339 0.083920 0.110089
13 0.879429 0.109592 0.909391 0.109592 0.909391 0.140842 0.879429 0.140842 0.879429 0.109592
13 0.577926 0.510609 0.607888 0.510609 0.607888 0.541859 0.577926 0.541859 0.577926 0.510609
13 0.276228 0.910089 0.306190 0.910089 0.306190 0.941339 0.276228 0.941339 0.276228 0.910089
9 0.098906 0.133527 0.098897 0.117902 0.894405 0.117405 0.894414 0.133030 
9 0.888520 0.120390 0.900299 0.130045 0.297098 0.930542 0.285319 0.920887 
9 0.091635 0.127614 0.106167 0.123814 0.298475 0.923814 0.283943 0.927614 
9 0.094304 0.131882 0.103498 0.119546 0.597504 0.520066 0.588310 0.532402 
1 0.149813 0.218750 0.258427 0.218750 0.258427 0.390625 0.149813 0.390625
7 0.152955 0.217640 0.231671 0.217640 0.231671 0.327555 0.152955 0.327555
0 0.105081 0.165915 0.179166 0.165915 0.179166 0.231268 0.105081 0.231268
0 0.174350 0.105394 0.238375 0.105394 0.238375 0.215155 0.174350 0.215155
2 0.465895 0.035521 0.524054 0.035521 0.524054 0.204582 0.465895 0.204582
2 0.111712 0.492798 0.272872 0.492798 0.272872 0.566793 0.111712 0.566793
18 0.214144 0.361748 0.352748 0.361748 0.352748 0.487632 0.214144 0.487632
18 0.260750 0.597031 0.454407 0.597031 0.454407 0.731736 0.260750 0.731736
19 0.478503 0.699236 0.567646 0.699236 0.567646 0.827652 0.478503 0.827652
19 0.767421 0.289720 0.856647 0.289720 0.856647 0.412501 0.767421 0.412501
