13 0.114330 0.185324 0.131067 0.185324 0.131067 0.221854 0.114330 0.221854 0.114330 0.185324
13 0.114224 0.435439 0.130961 0.435439 0.130961 0.471969 0.114224 0.471969 0.114224 0.435439
13 0.290259 0.538854 0.306996 0.538854 0.306996 0.575383 0.290259 0.575383 0.290259 0.538854
13 0.417529 0.434355 0.434266 0.434355 0.434266 0.470885 0.417529 0.470885 0.417529 0.434355
13 0.550706 0.866598 0.567442 0.866598 0.567442 0.903128 0.550706 0.903128 0.550706 0.866598
13 0.664965 0.434634 0.681702 0.434634 0.681702 0.471163 0.664965 0.471163 0.664965 0.434634
13 0.954132 0.435358 0.970868 0.435358 0.970868 0.471888 0.954132 0.471888 0.954132 0.435358
13 0.954806 0.186014 0.971543 0.186014 0.971543 0.222544 0.954806 0.222544 0.954806 0.186014
13 0.730336 0.186244 0.747072 0.186244 0.747072 0.222774 0.730336 0.222774 0.730336 0.186244
9 0.122593 0.462836 0.122592 0.444571 0.962500 0.444491 0.962500 0.462756 
9 0.122697 0.212721 0.122700 0.194456 0.963176 0.195146 0.963173 0.213411 
9 0.300069 0.565692 0.297186 0.548545 0.737262 0.195936 0.740146 0.213082 
9 0.735078 0.199949 0.742329 0.209069 0.562699 0.889423 0.555449 0.880303 
9 0.296538 0.565030 0.300717 0.549207 0.561164 0.876951 0.556984 0.892775 
12 0.514178 0.742161 0.587152 0.742161 0.587152 0.901672 0.514178 0.901672
18 0.345437 0.308757 0.456846 0.308757 0.456846 0.432711 0.345437 0.432711
18 0.735826 0.217236 0.846147 0.217236 0.846147 0.340961 0.735826 0.340961
20 0.059797 0.114682 0.107557 0.114682 0.107557 0.266851 0.059797 0.266851
18 0.361134 0.493290 0.416669 0.493290 0.416669 0.629546 0.361134 0.629546
20 0.040008 0.399217 0.106714 0.399217 0.106714 0.520478 0.040008 0.520478
