13 0.426349 0.790625 0.441247 0.790625 0.441247 0.815090 0.426349 0.815090 0.426349 0.790625
13 0.937455 0.790625 0.952353 0.790625 0.952353 0.815090 0.937455 0.815090 0.937455 0.790625
13 0.097081 0.147133 0.111978 0.147133 0.111978 0.171597 0.097081 0.171597 0.097081 0.147133
9 0.433798 0.808973 0.433798 0.796741 0.944904 0.796741 0.944904 0.808973 
9 0.102956 0.164908 0.106104 0.153822 0.946478 0.797314 0.943330 0.808400 
9 0.101678 0.163300 0.107381 0.155430 0.436649 0.798922 0.430947 0.806792 
22 0.034305 0.088693 0.086126 0.088693 0.086126 0.192317 0.034305 0.192317
2 0.246065 0.450407 0.314435 0.450407 0.314435 0.549167 0.246065 0.549167
2 0.646020 0.730926 0.686403 0.730926 0.686403 0.865101 0.646020 0.865101
22 0.401735 0.821715 0.452010 0.821715 0.452010 0.926822 0.401735 0.926822
22 0.905512 0.822512 0.955675 0.822512 0.955675 0.928838 0.905512 0.928838
18 0.423263 0.677491 0.543574 0.677491 0.543574 0.780114 0.423263 0.780114
