13 0.109873 0.397675 0.128222 0.397675 0.128222 0.421917 0.109873 0.421917 0.109873 0.397675
13 0.233250 0.105022 0.251599 0.105022 0.251599 0.129264 0.233250 0.129264 0.233250 0.105022
13 0.365285 0.397675 0.383633 0.397675 0.383633 0.421917 0.365285 0.421917 0.365285 0.397675
13 0.620696 0.397675 0.639044 0.397675 0.639044 0.421917 0.620696 0.421917 0.620696 0.397675
13 0.560090 0.835226 0.578438 0.835226 0.578438 0.859468 0.560090 0.859468 0.560090 0.835226
13 0.622860 0.687879 0.641209 0.687879 0.641209 0.712121 0.622860 0.712121 0.622860 0.687879
13 0.689960 0.835226 0.708309 0.835226 0.708309 0.859468 0.689960 0.859468 0.689960 0.835226
13 0.817975 0.835634 0.836323 0.835634 0.836323 0.859876 0.817975 0.859876 0.817975 0.835634
9 0.119048 0.415857 0.119048 0.403735 0.629870 0.403735 0.629870 0.415857 
9 0.238484 0.120246 0.246364 0.114040 0.378399 0.406693 0.370519 0.412899 
9 0.238417 0.114194 0.246432 0.120092 0.123055 0.412745 0.115040 0.406847 
9 0.240148 0.122404 0.244701 0.111881 0.632147 0.404534 0.627593 0.415057 
9 0.569259 0.853408 0.569270 0.841286 0.827155 0.841695 0.827144 0.853816 
9 0.629754 0.705258 0.634316 0.694742 0.829430 0.842497 0.824868 0.853013 
9 0.628037 0.697027 0.636032 0.702973 0.573262 0.850320 0.565267 0.844374 
9 0.628104 0.703124 0.635965 0.696876 0.703065 0.844222 0.695204 0.850471 
22 0.214127 0.025046 0.268579 0.025046 0.268579 0.105470 0.214127 0.105470
22 0.603700 0.604954 0.661416 0.604954 0.661416 0.688120 0.603700 0.688120
22 0.044431 0.370415 0.099761 0.370415 0.099761 0.455020 0.044431 0.455020
22 0.670905 0.859256 0.730321 0.859256 0.730321 0.941266 0.670905 0.941266
22 0.502909 0.803183 0.559314 0.803183 0.559314 0.887389 0.502909 0.887389
22 0.838204 0.802343 0.893211 0.802343 0.893211 0.886673 0.838204 0.886673
22 0.346192 0.420118 0.406074 0.420118 0.406074 0.503546 0.346192 0.503546
22 0.637751 0.370635 0.696220 0.370635 0.696220 0.453046 0.637751 0.453046
