13 0.041338 0.785501 0.055805 0.785501 0.055805 0.821056 0.041338 0.821056 0.041338 0.785501
13 0.637052 0.784330 0.651519 0.784330 0.651519 0.819886 0.637052 0.819886 0.637052 0.784330
13 0.787767 0.787843 0.802233 0.787843 0.802233 0.823398 0.787767 0.823398 0.787767 0.787843
13 0.787878 0.415556 0.802344 0.415556 0.802344 0.451111 0.787878 0.451111 0.787878 0.415556
13 0.635844 0.037077 0.650310 0.037077 0.650310 0.072633 0.635844 0.072633 0.635844 0.037077
13 0.334433 0.035501 0.348900 0.035501 0.348900 0.071056 0.334433 0.071056 0.334433 0.035501
9 0.048567 0.812168 0.048576 0.794390 0.795005 0.796732 0.794995 0.814509 
9 0.791494 0.433327 0.798728 0.433340 0.798617 0.805627 0.791383 0.805614 
9 0.640503 0.061100 0.645651 0.048610 0.797685 0.427088 0.792537 0.439578 
9 0.639460 0.054890 0.646694 0.054820 0.647902 0.802072 0.640669 0.802143 
9 0.646836 0.808409 0.641735 0.795806 0.792560 0.427032 0.797662 0.439635 
9 0.341659 0.062168 0.341674 0.044390 0.643085 0.045966 0.643069 0.063744 
9 0.339101 0.059543 0.344233 0.047015 0.646852 0.795844 0.641720 0.808372 
9 0.339058 0.047121 0.344275 0.059436 0.051180 0.809436 0.045963 0.797121 
12 0.596461 0.027575 0.653101 0.027575 0.653101 0.166514 0.596461 0.166514
12 0.308892 0.032740 0.373335 0.032740 0.373335 0.194022 0.308892 0.194022
12 0.597792 0.687266 0.656467 0.687266 0.656467 0.829142 0.597792 0.829142
12 0.736307 0.350303 0.802207 0.350303 0.802207 0.506409 0.736307 0.506409
12 0.748620 0.688716 0.804060 0.688716 0.804060 0.826803 0.748620 0.826803
1 0.775769 0.511111 0.866184 0.511111 0.866184 0.671111 0.775769 0.671111
7 0.774978 0.519691 0.795412 0.519691 0.795412 0.580789 0.774978 0.580789
18 0.653439 0.285190 0.728429 0.285190 0.728429 0.414418 0.653439 0.414418
18 0.404220 0.085412 0.479673 0.085412 0.479673 0.218337 0.404220 0.218337
18 0.854282 0.532378 0.928819 0.532378 0.928819 0.663310 0.854282 0.663310
18 0.114618 0.640728 0.188048 0.640728 0.188048 0.773342 0.114618 0.773342
19 0.698559 0.828313 0.734378 0.828313 0.734378 0.929171 0.698559 0.929171
19 0.308211 0.835734 0.344945 0.835734 0.344945 0.957489 0.308211 0.957489
