13 0.051923 0.524139 0.064744 0.524139 0.064744 0.546867 0.051923 0.546867 0.051923 0.524139
13 0.361538 0.866652 0.374359 0.866652 0.374359 0.889379 0.361538 0.889379 0.361538 0.866652
13 0.826209 0.866489 0.839029 0.866489 0.839029 0.889217 0.826209 0.889217 0.826209 0.866489
13 0.918590 0.606980 0.931410 0.606980 0.931410 0.629707 0.918590 0.629707 0.918590 0.606980
13 0.612923 0.263193 0.625744 0.263193 0.625744 0.285920 0.612923 0.285920 0.612923 0.263193
13 0.144872 0.263102 0.157692 0.263102 0.157692 0.285829 0.144872 0.285829 0.144872 0.263102
9 0.151282 0.280147 0.151282 0.268783 0.619334 0.268874 0.619333 0.280238 
9 0.150503 0.279976 0.152062 0.268954 0.925779 0.612832 0.924221 0.623854 
9 0.617616 0.279354 0.621050 0.269759 0.926717 0.613546 0.923283 0.623141 
9 0.056636 0.540323 0.060030 0.530683 0.369646 0.873195 0.366252 0.882836 
9 0.367949 0.883697 0.367948 0.872334 0.832618 0.872171 0.832620 0.883535 
9 0.057558 0.541016 0.059109 0.529990 0.833395 0.872340 0.831843 0.883366 
4 0.209982 0.255658 0.246522 0.255658 0.246522 0.324004 0.209982 0.324004
4 0.738251 0.822033 0.773457 0.822033 0.773457 0.891891 0.738251 0.891891
0 0.300916 0.734067 0.449470 0.734067 0.449470 0.887741 0.300916 0.887741
0 0.534917 0.255465 0.683423 0.255465 0.683423 0.415439 0.534917 0.415439
1 0.599359 0.218750 0.642628 0.218750 0.642628 0.326705 0.599359 0.326705
1 0.801282 0.340909 0.846154 0.340909 0.846154 0.582386 0.801282 0.582386
1 0.123397 0.522727 0.253205 0.522727 0.253205 0.627841 0.123397 0.627841
1 0.615385 0.704545 0.725962 0.704545 0.725962 0.875000 0.615385 0.875000
7 0.599281 0.280097 0.624447 0.280097 0.624447 0.325708 0.599281 0.325708
7 0.821119 0.529819 0.847235 0.529819 0.847235 0.575205 0.821119 0.575205
7 0.128689 0.580063 0.156601 0.580063 0.156601 0.621572 0.128689 0.621572
7 0.695792 0.827380 0.723430 0.827380 0.723430 0.870401 0.695792 0.870401
18 0.548865 0.589652 0.785237 0.589652 0.785237 0.731949 0.548865 0.731949
18 0.138905 0.400945 0.375472 0.400945 0.375472 0.541075 0.138905 0.541075
18 0.601836 0.104027 0.726768 0.104027 0.726768 0.226065 0.601836 0.226065
18 0.812903 0.233081 0.906702 0.233081 0.906702 0.354562 0.812903 0.354562
