13 0.220320 0.293519 0.235884 0.293519 0.235884 0.317909 0.220320 0.317909 0.220320 0.293519
13 0.737407 0.312480 0.752971 0.312480 0.752971 0.336870 0.737407 0.336870 0.737407 0.312480
13 0.155890 0.472200 0.171454 0.472200 0.171454 0.496591 0.155890 0.496591 0.155890 0.472200
13 0.289055 0.475043 0.304619 0.475043 0.304619 0.499433 0.289055 0.499433 0.289055 0.475043
13 0.023240 0.475152 0.038804 0.475152 0.038804 0.499542 0.023240 0.499542 0.023240 0.475152
13 0.196111 0.476186 0.211675 0.476186 0.211675 0.500576 0.196111 0.500576 0.196111 0.476186
13 0.478283 0.474558 0.493847 0.474558 0.493847 0.498948 0.478283 0.498948 0.478283 0.474558
13 0.687473 0.475152 0.703038 0.475152 0.703038 0.499542 0.687473 0.499542 0.687473 0.475152
13 0.756816 0.475152 0.772381 0.475152 0.772381 0.499542 0.756816 0.499542 0.756816 0.475152
13 0.822369 0.472640 0.837934 0.472640 0.837934 0.497030 0.822369 0.497030 0.822369 0.472640
13 0.953897 0.475152 0.969461 0.475152 0.969461 0.499542 0.953897 0.499542 0.953897 0.475152
13 0.738147 0.635717 0.753711 0.635717 0.753711 0.660107 0.738147 0.660107 0.738147 0.635717
13 0.220320 0.653519 0.235884 0.653519 0.235884 0.677909 0.220320 0.677909 0.220320 0.653519
9 0.031022 0.493444 0.031022 0.481249 0.961679 0.481249 0.961679 0.493444 
3 0.764010 0.484388 0.748792 0.627300 0.704787 0.754725 0.636764 0.852855 0.552094 0.911056 0.459952 0.923020 0.370323 0.887453 0.292921 0.808206 0.236132 0.693869 0.206111 0.556832 0.206111 0.411944 0.236132 0.274906 0.292921 0.160569 0.370323 0.081323 0.459952 0.045755 0.552094 0.057720 0.636764 0.115921 0.704787 0.214051 0.748792 0.341476 0.764010 0.484388
3 0.294031 0.485394 0.286885 0.552501 0.266222 0.612336 0.234280 0.658415 0.194522 0.685744 0.151255 0.691362 0.109168 0.674661 0.072823 0.637449 0.046156 0.583760 0.032060 0.519412 0.032060 0.451377 0.046156 0.387029 0.072823 0.333340 0.109168 0.296128 0.151255 0.279427 0.194522 0.285045 0.234280 0.312374 0.266222 0.358453 0.286885 0.418288 0.294031 0.485394
3 0.959428 0.485517 0.952278 0.552659 0.931604 0.612526 0.899645 0.658629 0.859865 0.685973 0.816576 0.691595 0.774466 0.674884 0.738101 0.637653 0.711421 0.583935 0.697316 0.519552 0.697316 0.451481 0.711421 0.387098 0.738101 0.333381 0.774466 0.296149 0.816576 0.279439 0.859865 0.285060 0.899645 0.312404 0.931604 0.358507 0.952278 0.418374 0.959428 0.485517
22 0.132420 0.341179 0.190576 0.341179 0.190576 0.444491 0.132420 0.444491
22 0.457398 0.339707 0.517590 0.339707 0.517590 0.445476 0.457398 0.445476
22 0.799616 0.338388 0.862579 0.338388 0.862579 0.444604 0.799616 0.444604
7 0.168122 0.499420 0.193901 0.499420 0.193901 0.534308 0.168122 0.534308
7 0.773643 0.497311 0.803794 0.497311 0.803794 0.536640 0.773643 0.536640
22 0.628696 0.497803 0.685875 0.497803 0.685875 0.601968 0.628696 0.601968
22 0.299588 0.499379 0.361354 0.499379 0.361354 0.604653 0.299588 0.604653
22 0.089087 0.744435 0.152994 0.744435 0.152994 0.853345 0.089087 0.853345
22 0.811561 0.743786 0.892415 0.743786 0.892415 0.851432 0.811561 0.851432
1 0.103113 0.493902 0.200389 0.493902 0.200389 0.746951 0.103113 0.746951
1 0.770428 0.496951 0.869650 0.496951 0.869650 0.750000 0.770428 0.750000
