13 0.504016 0.082791 0.520276 0.082791 0.520276 0.105780 0.504016 0.105780 0.504016 0.082791
13 0.738833 0.508506 0.755094 0.508506 0.755094 0.531494 0.738833 0.531494 0.738833 0.508506
13 0.057457 0.508506 0.073717 0.508506 0.073717 0.531494 0.057457 0.531494 0.057457 0.508506
13 0.503341 0.507871 0.519601 0.507871 0.519601 0.530859 0.503341 0.530859 0.503341 0.507871
13 0.504016 0.934220 0.520276 0.934220 0.520276 0.957209 0.504016 0.957209 0.504016 0.934220
9 0.508940 0.097820 0.515351 0.090752 0.750169 0.516466 0.743758 0.523534 
9 0.743758 0.516466 0.750169 0.523534 0.515351 0.949248 0.508940 0.942180 
9 0.063314 0.524765 0.067860 0.515235 0.514418 0.940949 0.509873 0.950479 
9 0.067860 0.524765 0.063314 0.515235 0.509873 0.089521 0.514418 0.099051 
9 0.508081 0.088539 0.516211 0.088539 0.516211 0.951461 0.508081 0.951461 
9 0.065587 0.525747 0.065587 0.514253 0.746964 0.514253 0.746964 0.525747 
5 0.249022 0.238417 0.327726 0.238417 0.327726 0.371116 0.249022 0.371116
5 0.243696 0.666449 0.324857 0.666449 0.324857 0.797594 0.243696 0.797594
2 0.589452 0.688351 0.669465 0.688351 0.669465 0.776201 0.589452 0.776201
2 0.588533 0.259383 0.669719 0.259383 0.669719 0.351705 0.588533 0.351705
18 0.242519 0.538590 0.482161 0.538590 0.482161 0.651229 0.242519 0.651229
18 0.707228 0.619051 0.979903 0.619051 0.979903 0.746520 0.707228 0.746520
1 0.611789 0.528736 0.713415 0.528736 0.713415 0.683908 0.611789 0.683908
1 0.136179 0.540230 0.245935 0.540230 0.245935 0.603448 0.136179 0.603448
7 0.139610 0.534093 0.197490 0.534093 0.197490 0.592305 0.139610 0.592305
7 0.653242 0.531434 0.711047 0.531434 0.711047 0.590313 0.653242 0.590313
18 0.390631 0.714182 0.497194 0.714182 0.497194 0.815759 0.390631 0.815759
