13 0.058137 0.537000 0.095873 0.537000 0.095873 0.582714 0.058137 0.582714 0.058137 0.537000
13 0.585430 0.756100 0.623166 0.756100 0.623166 0.801814 0.585430 0.801814 0.585430 0.756100
13 0.670572 0.389677 0.708308 0.389677 0.708308 0.435392 0.670572 0.435392 0.670572 0.389677
13 0.605542 0.235000 0.643278 0.235000 0.643278 0.280714 0.605542 0.280714 0.605542 0.235000
13 0.725305 0.168739 0.763041 0.168739 0.763041 0.214454 0.725305 0.214454 0.725305 0.168739
9 0.080916 0.570257 0.073093 0.549457 0.740262 0.181197 0.748085 0.201997 
9 0.735109 0.188429 0.753237 0.194765 0.613362 0.782125 0.595233 0.775789 
3 0.699486 0.502736 0.682527 0.625852 0.633488 0.735627 0.557683 0.820164 0.463327 0.870303 0.360645 0.880611 0.260763 0.849970 0.174506 0.781700 0.111221 0.683201 0.077766 0.565145 0.077766 0.440326 0.111221 0.322271 0.174506 0.223771 0.260763 0.155502 0.360645 0.124861 0.463327 0.135168 0.557683 0.185307 0.633488 0.269844 0.682527 0.379619 0.699486 0.502736
19 0.601981 0.101241 0.673252 0.101241 0.673252 0.203850 0.601981 0.203850
19 0.560843 0.481910 0.632782 0.481910 0.632782 0.610732 0.560843 0.610732
19 0.726211 0.304764 0.799037 0.304764 0.799037 0.434715 0.726211 0.434715
19 0.271094 0.230476 0.393948 0.230476 0.393948 0.366979 0.271094 0.366979
