13 0.080874 0.050595 0.101983 0.050595 0.101983 0.070952 0.080874 0.070952 0.080874 0.050595
13 0.203512 0.460285 0.224620 0.460285 0.224620 0.480641 0.203512 0.480641 0.203512 0.460285
13 0.606589 0.633468 0.627697 0.633468 0.627697 0.653825 0.606589 0.653825 0.606589 0.633468
13 0.327628 0.889370 0.348736 0.889370 0.348736 0.909726 0.327628 0.909726 0.327628 0.889370
9 0.086352 0.062162 0.096505 0.059385 0.343259 0.898159 0.333105 0.900937 
9 0.211918 0.475112 0.216213 0.465815 0.619290 0.638998 0.614995 0.648295 
3 0.777318 0.394221 0.761780 0.484018 0.716850 0.564084 0.647396 0.625742 0.560946 0.662312 0.466867 0.669830 0.375354 0.647481 0.296325 0.597688 0.238342 0.525846 0.207690 0.439740 0.207690 0.348702 0.238342 0.262596 0.296325 0.190754 0.375354 0.140961 0.466867 0.118612 0.560946 0.126130 0.647396 0.162700 0.716850 0.224358 0.761780 0.304424 0.777318 0.394221
18 0.333757 0.351415 0.719206 0.351415 0.719206 0.454812 0.333757 0.454812
18 0.735034 0.147310 0.908901 0.147310 0.908901 0.238601 0.735034 0.238601
0 0.163787 0.335947 0.340148 0.335947 0.340148 0.527059 0.163787 0.527059
