13 0.601705 0.196053 0.629009 0.196053 0.629009 0.222455 0.601705 0.222455 0.601705 0.196053
13 0.185446 0.289794 0.212750 0.289794 0.212750 0.316196 0.185446 0.316196 0.185446 0.289794
13 0.440854 0.433463 0.468157 0.433463 0.468157 0.459865 0.440854 0.459865 0.440854 0.433463
13 0.463491 0.530998 0.490795 0.530998 0.490795 0.557400 0.463491 0.557400 0.463491 0.530998
13 0.818281 0.644907 0.845585 0.644907 0.845585 0.671310 0.818281 0.671310 0.818281 0.644907
13 0.201858 0.790666 0.229162 0.790666 0.229162 0.817069 0.201858 0.817069 0.201858 0.790666
9 0.609635 0.205656 0.621080 0.212852 0.221233 0.807466 0.209788 0.800269 
9 0.609171 0.212045 0.621543 0.206463 0.838119 0.655318 0.825747 0.660899 
9 0.195672 0.308704 0.202524 0.297286 0.835359 0.652400 0.828507 0.663818 
9 0.192275 0.303204 0.205920 0.302786 0.222333 0.803658 0.208688 0.804076 
3 0.851323 0.544404 0.830885 0.662837 0.771787 0.768437 0.680433 0.849759 0.566722 0.897991 0.442977 0.907906 0.322608 0.878430 0.218658 0.812758 0.142392 0.718005 0.102074 0.604440 0.102074 0.484369 0.142392 0.370803 0.218658 0.276050 0.322608 0.210378 0.442977 0.180902 0.566722 0.190818 0.680433 0.239050 0.771787 0.320371 0.830885 0.425971 0.851323 0.544404
22 0.568720 0.073424 0.670400 0.073424 0.670400 0.181727 0.568720 0.181727
22 0.088838 0.183436 0.197133 0.183436 0.197133 0.295142 0.088838 0.295142
22 0.383042 0.291499 0.489462 0.291499 0.489462 0.402585 0.383042 0.402585
16 0.508338 0.369168 0.572173 0.369168 0.572173 0.468229 0.508338 0.468229
2 0.655348 0.393134 0.785593 0.393134 0.785593 0.468592 0.655348 0.468592
16 0.310221 0.412624 0.383455 0.412624 0.383455 0.513271 0.310221 0.513271
2 0.139621 0.515101 0.273841 0.515101 0.273841 0.575228 0.139621 0.575228
22 0.420962 0.577629 0.522406 0.577629 0.522406 0.686957 0.420962 0.686957
22 0.849055 0.621640 0.945873 0.621640 0.945873 0.730130 0.849055 0.730130
22 0.115436 0.820292 0.220584 0.820292 0.220584 0.929963 0.115436 0.929963
