13 0.125253 0.523412 0.158039 0.523412 0.158039 0.558346 0.125253 0.558346 0.125253 0.523412
13 0.460654 0.168467 0.493441 0.168467 0.493441 0.203401 0.460654 0.203401 0.460654 0.168467
13 0.627599 0.347750 0.660386 0.347750 0.660386 0.382685 0.627599 0.382685 0.627599 0.347750
13 0.796882 0.523632 0.829669 0.523632 0.829669 0.558566 0.796882 0.558566 0.796882 0.523632
13 0.461456 0.523790 0.494243 0.523790 0.494243 0.558724 0.461456 0.558724 0.461456 0.523790
13 0.628569 0.836289 0.661356 0.836289 0.661356 0.871224 0.628569 0.871224 0.628569 0.836289
9 0.141643 0.549613 0.141649 0.532145 0.813278 0.532365 0.813273 0.549833 
9 0.147422 0.547076 0.135870 0.534683 0.471271 0.179737 0.482823 0.192131 
9 0.471276 0.192136 0.482818 0.179732 0.819046 0.534897 0.807505 0.547301 
9 0.483629 0.547450 0.472070 0.535064 0.638213 0.359025 0.649772 0.371410 
9 0.137515 0.548423 0.145777 0.533335 0.649093 0.846213 0.640832 0.861300 
9 0.806165 0.536753 0.820386 0.545444 0.652072 0.858102 0.637852 0.849411 
3 0.811733 0.541943 0.793447 0.658700 0.740573 0.762804 0.658838 0.842974 0.557101 0.890523 0.446387 0.900298 0.338693 0.871240 0.245689 0.806497 0.177453 0.713086 0.141381 0.601129 0.141381 0.482758 0.177453 0.370801 0.245689 0.277390 0.338693 0.212647 0.446387 0.183589 0.557101 0.193364 0.658838 0.240913 0.740573 0.321083 0.793447 0.425187 0.811733 0.541943
12 0.520832 0.291314 0.652211 0.291314 0.652211 0.428691 0.520832 0.428691
1 0.647541 0.231441 0.766393 0.231441 0.766393 0.358079 0.647541 0.358079
7 0.644172 0.317508 0.690572 0.317508 0.690572 0.361975 0.644172 0.361975
22 0.419339 0.570529 0.515767 0.570529 0.515767 0.679471 0.419339 0.679471
16 0.667247 0.539287 0.734664 0.539287 0.734664 0.639217 0.667247 0.639217
16 0.595229 0.718671 0.657858 0.718671 0.657858 0.820625 0.595229 0.820625
22 0.832391 0.476738 0.927870 0.476738 0.927870 0.585385 0.832391 0.585385
16 0.282858 0.540230 0.347261 0.540230 0.347261 0.637474 0.282858 0.637474
22 0.730335 0.129509 0.825897 0.129509 0.825897 0.243870 0.730335 0.243870
16 0.441926 0.220153 0.505326 0.220153 0.505326 0.321931 0.441926 0.321931
22 0.028838 0.478173 0.117125 0.478173 0.117125 0.587588 0.028838 0.587588
22 0.621361 0.865481 0.711952 0.865481 0.711952 0.974822 0.621361 0.974822
16 0.553695 0.434537 0.617083 0.434537 0.617083 0.531350 0.553695 0.531350
22 0.425803 0.056860 0.517985 0.056860 0.517985 0.165842 0.425803 0.165842
16 0.647557 0.427142 0.706804 0.427142 0.706804 0.527383 0.647557 0.527383
16 0.239486 0.421423 0.306966 0.421423 0.306966 0.523175 0.239486 0.523175
