13 0.361058 0.775888 0.378189 0.775888 0.378189 0.794112 0.361058 0.794112 0.361058 0.775888
13 0.222617 0.509256 0.239748 0.509256 0.239748 0.527479 0.222617 0.527479 0.222617 0.509256
13 0.361730 0.241603 0.378861 0.241603 0.378861 0.259826 0.361730 0.259826 0.361730 0.241603
13 0.362402 0.509256 0.379533 0.509256 0.379533 0.527479 0.362402 0.527479 0.362402 0.509256
13 0.523693 0.509256 0.540823 0.509256 0.540823 0.527479 0.523693 0.527479 0.523693 0.509256
9 0.366013 0.250708 0.374578 0.250720 0.373906 0.785006 0.365341 0.784994 
9 0.231183 0.522923 0.231183 0.513812 0.532258 0.513812 0.532258 0.522923 
3 0.831562 0.515945 0.815238 0.620012 0.768033 0.712801 0.695065 0.784258 0.604238 0.826639 0.505397 0.835352 0.409253 0.809452 0.326223 0.751746 0.265305 0.668487 0.233102 0.568698 0.233102 0.463193 0.265305 0.363404 0.326223 0.280145 0.409253 0.222439 0.505397 0.196539 0.604238 0.205251 0.695065 0.247633 0.768033 0.319089 0.815238 0.411879 0.831562 0.515945
12 0.289318 0.501767 0.382085 0.501767 0.382085 0.601927 0.289318 0.601927
22 0.390923 0.524768 0.468104 0.524768 0.468104 0.621771 0.390923 0.621771
22 0.129145 0.465125 0.213309 0.465125 0.213309 0.565680 0.129145 0.565680
22 0.340484 0.817373 0.420121 0.817373 0.420121 0.915953 0.340484 0.915953
22 0.341821 0.117552 0.416660 0.117552 0.416660 0.217750 0.341821 0.217750
19 0.269274 0.416515 0.328185 0.416515 0.328185 0.506290 0.269274 0.506290
22 0.562263 0.466904 0.645918 0.466904 0.645918 0.567852 0.562263 0.567852
19 0.418014 0.415587 0.481073 0.415587 0.481073 0.506692 0.418014 0.506692
