13 0.087423 0.810095 0.102293 0.810095 0.102293 0.826095 0.087423 0.826095 0.087423 0.810095
13 0.533345 0.809778 0.548215 0.809778 0.548215 0.825778 0.533345 0.825778 0.533345 0.809778
13 0.774480 0.810776 0.789350 0.810776 0.789350 0.826776 0.774480 0.826776 0.774480 0.810776
13 0.740437 0.701714 0.755307 0.701714 0.755307 0.717714 0.740437 0.717714 0.740437 0.701714
13 0.598948 0.256490 0.613818 0.256490 0.613818 0.272490 0.598948 0.272490 0.598948 0.256490
13 0.539551 0.076762 0.554421 0.076762 0.554421 0.092762 0.539551 0.092762 0.539551 0.076762
9 0.094855 0.822095 0.094862 0.814095 0.781918 0.814776 0.781911 0.822776 
9 0.543471 0.086064 0.550501 0.083459 0.785430 0.817473 0.778400 0.820078 
3 0.801619 0.536767 0.787489 0.627878 0.746631 0.709115 0.683472 0.771676 0.604856 0.808781 0.519303 0.816409 0.436084 0.793733 0.364216 0.743211 0.311488 0.670318 0.283614 0.582952 0.283614 0.490582 0.311488 0.403216 0.364216 0.330323 0.436084 0.279801 0.519303 0.257126 0.604856 0.264753 0.683472 0.301858 0.746631 0.364419 0.787489 0.445657 0.801619 0.536767
22 0.505076 0.832351 0.579005 0.832351 0.579005 0.917335 0.505076 0.917335
22 0.773727 0.674062 0.837490 0.674062 0.837490 0.761701 0.773727 0.761701
18 0.583652 0.676294 0.698436 0.676294 0.698436 0.766746 0.583652 0.766746
22 0.616066 0.167511 0.690492 0.167511 0.690492 0.257024 0.616066 0.257024
18 0.144253 0.381525 0.293149 0.381525 0.293149 0.472109 0.144253 0.472109
22 0.783278 0.807005 0.854352 0.807005 0.854352 0.898178 0.783278 0.898178
