13 0.248677 0.212675 0.271469 0.212675 0.271469 0.240072 0.248677 0.240072 0.248677 0.212675
13 0.822689 0.215775 0.845481 0.215775 0.845481 0.243172 0.822689 0.243172 0.822689 0.215775
13 0.646499 0.341489 0.669291 0.341489 0.669291 0.368887 0.646499 0.368887 0.646499 0.341489
13 0.778551 0.384714 0.801343 0.384714 0.801343 0.412111 0.778551 0.412111 0.778551 0.384714
13 0.114374 0.718402 0.137166 0.718402 0.137166 0.745799 0.114374 0.745799 0.114374 0.718402
9 0.128667 0.737999 0.122874 0.726203 0.831189 0.223575 0.836982 0.235372 
9 0.828649 0.227421 0.839521 0.231526 0.795383 0.400465 0.784511 0.396360 
9 0.258587 0.232986 0.261559 0.219761 0.791433 0.391800 0.788461 0.405025 
9 0.254645 0.224291 0.265501 0.228457 0.131198 0.734184 0.120342 0.730018 
22 0.168872 0.079331 0.284441 0.079331 0.284441 0.203149 0.168872 0.203149
22 0.046077 0.759481 0.133058 0.759481 0.133058 0.881262 0.046077 0.881262
22 0.574326 0.176525 0.664218 0.176525 0.664218 0.300680 0.574326 0.300680
22 0.796269 0.383500 0.876448 0.383500 0.876448 0.510455 0.796269 0.510455
22 0.847919 0.154951 0.928721 0.154951 0.928721 0.278816 0.847919 0.278816
19 0.707131 0.139429 0.770627 0.139429 0.770627 0.254401 0.707131 0.254401
19 0.684833 0.407691 0.750522 0.407691 0.750522 0.521455 0.684833 0.521455
19 0.354198 0.583529 0.422520 0.583529 0.422520 0.696290 0.354198 0.696290
19 0.421006 0.143566 0.491044 0.143566 0.491044 0.256465 0.421006 0.256465
