13 0.123747 0.447830 0.153822 0.447830 0.153822 0.482613 0.123747 0.482613 0.123747 0.447830
13 0.531040 0.475356 0.561115 0.475356 0.561115 0.510139 0.531040 0.510139 0.531040 0.475356
13 0.248622 0.517424 0.278697 0.517424 0.278697 0.552206 0.248622 0.552206 0.248622 0.517424
13 0.677324 0.755126 0.707400 0.755126 0.707400 0.789908 0.677324 0.789908 0.677324 0.755126
13 0.795655 0.822380 0.825731 0.822380 0.825731 0.857163 0.795655 0.857163 0.795655 0.822380
9 0.135520 0.473055 0.142049 0.457388 0.813958 0.831938 0.807428 0.847605 
3 0.825091 0.488539 0.809720 0.595071 0.765272 0.690059 0.696564 0.763208 0.611042 0.806594 0.517974 0.815513 0.427444 0.788999 0.349263 0.729926 0.291903 0.644695 0.261580 0.542542 0.261580 0.434537 0.291903 0.332384 0.349263 0.247153 0.427444 0.188080 0.517974 0.161566 0.611042 0.170485 0.696564 0.213870 0.765272 0.287020 0.809720 0.382008 0.825091 0.488539
22 0.480783 0.315460 0.593093 0.315460 0.593093 0.452209 0.480783 0.452209
22 0.140052 0.558529 0.254380 0.558529 0.254380 0.702908 0.140052 0.702908
22 0.605733 0.820035 0.721014 0.820035 0.721014 0.957452 0.605733 0.957452
