13 0.404600 0.097304 0.426339 0.097304 0.426339 0.119839 0.404600 0.119839 0.404600 0.097304
13 0.626499 0.456784 0.648238 0.456784 0.648238 0.479320 0.626499 0.479320 0.626499 0.456784
13 0.185901 0.455106 0.207640 0.455106 0.207640 0.477641 0.185901 0.477641 0.185901 0.455106
13 0.405620 0.455106 0.427359 0.455106 0.427359 0.477641 0.405620 0.477641 0.405620 0.455106
13 0.185263 0.816161 0.207002 0.816161 0.207002 0.838696 0.185263 0.838696 0.185263 0.816161
13 0.626614 0.815106 0.648354 0.815106 0.648354 0.837641 0.626614 0.837641 0.626614 0.815106
9 0.410892 0.111608 0.420047 0.105535 0.641946 0.465015 0.632790 0.471088 
9 0.631933 0.468054 0.642803 0.468050 0.642919 0.826372 0.632049 0.826376 
9 0.196145 0.833062 0.196120 0.821795 0.637472 0.820740 0.637497 0.832007 
9 0.191335 0.466363 0.202205 0.466384 0.201567 0.827439 0.190698 0.827418 
9 0.410879 0.105556 0.420060 0.111587 0.201361 0.469389 0.192179 0.463358 
9 0.410035 0.108588 0.420904 0.108555 0.421924 0.466357 0.411055 0.466390 
9 0.196750 0.472007 0.196790 0.460740 0.637388 0.462418 0.637348 0.473686 
12 0.310694 0.359177 0.431331 0.359177 0.431331 0.480068 0.310694 0.480068
12 0.178797 0.451896 0.298608 0.451896 0.298608 0.574854 0.178797 0.574854
12 0.530440 0.451824 0.651900 0.451824 0.651900 0.574285 0.530440 0.574285
12 0.177131 0.717976 0.299943 0.717976 0.299943 0.843900 0.177131 0.843900
12 0.529878 0.718302 0.653160 0.718302 0.653160 0.843921 0.529878 0.843921
19 0.030763 0.209365 0.272063 0.209365 0.272063 0.312039 0.030763 0.312039
19 0.550732 0.209475 0.792869 0.209475 0.792869 0.312527 0.550732 0.312527
19 0.712395 0.363362 0.955900 0.363362 0.955900 0.464526 0.712395 0.464526
19 0.660072 0.580294 0.903972 0.580294 0.903972 0.682331 0.660072 0.682331
19 0.304258 0.835968 0.548811 0.835968 0.548811 0.936159 0.304258 0.936159
7 0.421362 0.310277 0.514967 0.310277 0.514967 0.373984 0.421362 0.373984
1 0.423913 0.312676 0.701087 0.312676 0.701087 0.430986 0.423913 0.430986
