13 0.193475 0.655722 0.210073 0.655722 0.210073 0.675187 0.193475 0.675187 0.193475 0.655722
13 0.193327 0.339474 0.209925 0.339474 0.209925 0.358939 0.193327 0.358939 0.193327 0.339474
13 0.844818 0.656934 0.861415 0.656934 0.861415 0.676399 0.844818 0.676399 0.844818 0.656934
13 0.518531 0.498839 0.535128 0.498839 0.535128 0.518304 0.518531 0.518304 0.518531 0.498839
9 0.201767 0.670321 0.201780 0.660588 0.853123 0.661800 0.853110 0.671533 
9 0.200034 0.353700 0.203218 0.344713 0.854709 0.662173 0.851524 0.671160 
9 0.197477 0.349209 0.205775 0.349204 0.205923 0.665452 0.197624 0.665457 
3 0.879674 0.507272 0.860543 0.641727 0.805221 0.761612 0.719704 0.853935 0.613260 0.908692 0.497422 0.919949 0.384744 0.886485 0.287436 0.811929 0.216043 0.704357 0.178302 0.575429 0.178302 0.439115 0.216043 0.310187 0.287436 0.202615 0.384744 0.128059 0.497422 0.094595 0.613260 0.105852 0.719704 0.160609 0.805221 0.252932 0.860543 0.372817 0.879674 0.507272
12 0.187155 0.573487 0.279291 0.573487 0.279291 0.682762 0.187155 0.682762
1 0.120332 0.496350 0.199170 0.496350 0.199170 0.532847 0.120332 0.532847
7 0.160755 0.495391 0.200090 0.495391 0.200090 0.532763 0.160755 0.532763
22 0.524349 0.362675 0.596424 0.362675 0.596424 0.468519 0.524349 0.468519
19 0.073122 0.471238 0.129574 0.471238 0.129574 0.570433 0.073122 0.570433
19 0.484111 0.691377 0.574810 0.691377 0.574810 0.789998 0.484111 0.789998
