13 0.272442 0.145248 0.304700 0.145248 0.304700 0.175099 0.272442 0.175099 0.272442 0.145248
13 0.103871 0.344863 0.136129 0.344863 0.136129 0.374714 0.103871 0.374714 0.103871 0.344863
13 0.653871 0.587073 0.686129 0.587073 0.686129 0.616924 0.653871 0.616924 0.653871 0.587073
13 0.823871 0.662323 0.856129 0.662323 0.856129 0.692174 0.823871 0.692174 0.823871 0.662323
13 0.771082 0.723800 0.803340 0.723800 0.803340 0.753650 0.771082 0.753650 0.771082 0.723800
9 0.282267 0.164826 0.294876 0.155520 0.793516 0.734072 0.780906 0.743378 
9 0.116531 0.366525 0.123469 0.353051 0.843469 0.670512 0.836531 0.683986 
3 0.903299 0.471993 0.881426 0.593290 0.818176 0.701443 0.720405 0.784731 0.598707 0.834129 0.466269 0.844284 0.337444 0.814096 0.226192 0.746835 0.144568 0.649791 0.101418 0.533480 0.101418 0.410506 0.144568 0.294195 0.226192 0.197151 0.337444 0.129891 0.466269 0.099702 0.598707 0.109857 0.720405 0.159256 0.818176 0.242544 0.881426 0.350696 0.903299 0.471993
19 0.300426 0.479055 0.385505 0.479055 0.385505 0.591983 0.300426 0.591983
19 0.746677 0.534325 0.825994 0.534325 0.825994 0.621738 0.746677 0.621738
19 0.621551 0.651547 0.705235 0.651547 0.705235 0.761998 0.621551 0.761998
19 0.449532 0.246693 0.754486 0.246693 0.754486 0.360720 0.449532 0.360720
