13 0.084887 0.349082 0.110946 0.349082 0.110946 0.384796 0.084887 0.384796 0.084887 0.349082
13 0.344094 0.646106 0.370153 0.646106 0.370153 0.681820 0.344094 0.681820 0.344094 0.646106
13 0.867218 0.350185 0.893276 0.350185 0.893276 0.385899 0.867218 0.385899 0.867218 0.350185
13 0.343965 0.346429 0.370023 0.346429 0.370023 0.382143 0.343965 0.382143 0.343965 0.346429
13 0.342030 0.030714 0.368089 0.030714 0.368089 0.066429 0.342030 0.066429 0.342030 0.030714
9 0.097910 0.375867 0.097923 0.358010 0.880254 0.359114 0.880240 0.376971 
9 0.348545 0.048612 0.361574 0.048530 0.363638 0.663922 0.350609 0.664004 
9 0.093738 0.373789 0.102095 0.360089 0.361302 0.657113 0.352945 0.670813 
9 0.359609 0.672216 0.354638 0.655710 0.877761 0.359789 0.882732 0.376296 
9 0.102284 0.373564 0.093550 0.360313 0.350692 0.041946 0.359427 0.055197 
9 0.352417 0.056732 0.357702 0.040411 0.882890 0.359881 0.877604 0.376203 
2 0.297807 0.198543 0.411131 0.198543 0.411131 0.261447 0.297807 0.261447
2 0.298030 0.472965 0.406007 0.472965 0.406007 0.534975 0.298030 0.534975
1 0.078176 0.799107 0.374593 0.799107 0.374593 0.870536 0.078176 0.870536
1 0.628664 0.785714 0.902280 0.785714 0.902280 0.866071 0.628664 0.866071
8 0.077843 0.801735 0.147798 0.801735 0.147798 0.857734 0.077843 0.857734
8 0.833501 0.801165 0.907576 0.801165 0.907576 0.857948 0.833501 0.857948
19 0.375904 0.757780 0.616401 0.757780 0.616401 0.885388 0.375904 0.885388
19 0.371309 0.402846 0.490862 0.402846 0.490862 0.520080 0.371309 0.520080
