13 0.113383 0.706837 0.124312 0.706837 0.124312 0.721735 0.113383 0.721735 0.113383 0.706837
13 0.456720 0.706837 0.467649 0.706837 0.467649 0.721735 0.456720 0.721735 0.456720 0.706837
13 0.869010 0.706123 0.879939 0.706123 0.879939 0.721020 0.869010 0.721020 0.869010 0.706123
13 0.404199 0.069694 0.415128 0.069694 0.415128 0.084592 0.404199 0.084592 0.404199 0.069694
9 0.118849 0.718010 0.118846 0.710561 0.874473 0.709847 0.874477 0.717296 
9 0.407728 0.079771 0.411600 0.074515 0.876411 0.710944 0.872539 0.716199 
9 0.407344 0.075175 0.411984 0.079110 0.121167 0.716253 0.116528 0.712318 
9 0.406949 0.077559 0.412379 0.076727 0.464900 0.713870 0.459470 0.714702 
0 0.414801 0.191565 0.505129 0.191565 0.505129 0.265029 0.414801 0.265029
0 0.333696 0.214610 0.424926 0.214610 0.424926 0.270172 0.333696 0.270172
1 0.112022 0.811918 0.448087 0.811918 0.448087 0.867784 0.112022 0.867784
1 0.546448 0.811918 0.881148 0.811918 0.881148 0.869646 0.546448 0.869646
8 0.107765 0.820584 0.154022 0.820584 0.154022 0.861058 0.107765 0.861058
8 0.836217 0.819603 0.883144 0.819603 0.883144 0.858952 0.836217 0.858952
19 0.171259 0.332739 0.237840 0.332739 0.237840 0.413698 0.171259 0.413698
19 0.663649 0.311856 0.728383 0.311856 0.728383 0.392039 0.663649 0.392039
19 0.648870 0.733574 0.690114 0.733574 0.690114 0.802332 0.648870 0.802332
19 0.446763 0.797046 0.553138 0.797046 0.553138 0.880449 0.446763 0.880449
