13 0.917535 0.099681 0.941851 0.099681 0.941851 0.138142 0.917535 0.138142 0.917535 0.099681
13 0.048973 0.828007 0.073289 0.828007 0.073289 0.866469 0.048973 0.866469 0.048973 0.828007
13 0.340508 0.828974 0.364824 0.828974 0.364824 0.867436 0.340508 0.867436 0.340508 0.828974
13 0.917106 0.829698 0.941422 0.829698 0.941422 0.868159 0.917106 0.868159 0.917106 0.829698
9 0.924342 0.117002 0.936500 0.117030 0.935813 0.849061 0.923655 0.849033 
9 0.929729 0.839432 0.929738 0.858663 0.059832 0.859750 0.059823 0.840519 
9 0.062684 0.857535 0.056971 0.840560 0.927565 0.107441 0.933278 0.124416 
9 0.926642 0.108398 0.934201 0.123459 0.350367 0.856578 0.342807 0.841516 
1 0.164134 0.500000 0.279635 0.500000 0.279635 0.826923 0.164134 0.826923
7 0.165797 0.740291 0.248154 0.740291 0.248154 0.824014 0.165797 0.824014
16 0.110452 0.364737 0.168833 0.364737 0.168833 0.530538 0.110452 0.530538
16 0.536362 0.637047 0.608590 0.637047 0.608590 0.807180 0.536362 0.807180
12 0.802778 0.645190 0.946019 0.645190 0.946019 0.866510 0.802778 0.866510
