13 0.249971 0.778708 0.265971 0.778708 0.265971 0.799705 0.249971 0.799705 0.249971 0.778708
13 0.248522 0.498073 0.264522 0.498073 0.264522 0.519070 0.248522 0.519070 0.248522 0.498073
13 0.057942 0.498549 0.073942 0.498549 0.073942 0.519546 0.057942 0.519546 0.057942 0.498549
13 0.250696 0.215216 0.266696 0.215216 0.266696 0.236213 0.250696 0.236213 0.250696 0.215216
13 0.717217 0.498073 0.733217 0.498073 0.733217 0.519070 0.717217 0.519070 0.717217 0.498073
13 0.888522 0.498073 0.904522 0.498073 0.904522 0.519070 0.888522 0.519070 0.888522 0.498073
9 0.259636 0.793980 0.256306 0.784433 0.723553 0.503798 0.726882 0.513345 
9 0.065944 0.514297 0.065940 0.503798 0.896520 0.503322 0.896523 0.513821 
9 0.257018 0.230480 0.260373 0.220949 0.726895 0.503806 0.723540 0.513337 
9 0.254696 0.225705 0.262696 0.225723 0.261971 0.789215 0.253971 0.789197 
12 0.245046 0.489127 0.331866 0.489127 0.331866 0.604970 0.245046 0.604970
2 0.444188 0.290644 0.503594 0.290644 0.503594 0.415418 0.444188 0.415418
2 0.443282 0.601060 0.504197 0.601060 0.504197 0.725313 0.443282 0.725313
22 0.178534 0.090103 0.257104 0.090103 0.257104 0.203166 0.178534 0.203166
22 0.158719 0.525067 0.238863 0.525067 0.238863 0.641066 0.158719 0.641066
22 0.174070 0.804694 0.248898 0.804694 0.248898 0.919411 0.174070 0.919411
22 0.729044 0.371424 0.797476 0.371424 0.797476 0.483459 0.729044 0.483459
19 0.138828 0.312099 0.250410 0.312099 0.250410 0.420093 0.138828 0.420093
