13 0.315327 0.184762 0.339496 0.184762 0.339496 0.211973 0.315327 0.211973 0.315327 0.184762
13 0.211266 0.298663 0.235435 0.298663 0.235435 0.325874 0.211266 0.325874 0.211266 0.298663
13 0.158135 0.499918 0.182305 0.499918 0.182305 0.527129 0.158135 0.527129 0.158135 0.499918
13 0.487915 0.500680 0.512085 0.500680 0.512085 0.527891 0.487915 0.527891 0.487915 0.500680
13 0.813151 0.500680 0.837320 0.500680 0.837320 0.527891 0.813151 0.527891 0.813151 0.500680
9 0.324444 0.204293 0.330378 0.192441 0.828203 0.508360 0.822269 0.520212 
9 0.221624 0.318788 0.225077 0.305750 0.826962 0.507767 0.823509 0.520805 
9 0.170214 0.520327 0.170226 0.506721 0.825242 0.507483 0.825229 0.521088 
3 0.824209 0.513951 0.806450 0.633769 0.755097 0.740603 0.675715 0.822876 0.576907 0.871671 0.469380 0.881703 0.364785 0.851882 0.274459 0.785442 0.208188 0.689581 0.173154 0.574689 0.173154 0.453214 0.208188 0.338321 0.274459 0.242461 0.364785 0.176020 0.469380 0.146200 0.576907 0.156231 0.675715 0.205027 0.755097 0.287300 0.806450 0.394134 0.824209 0.513951
22 0.241740 0.069377 0.327864 0.069377 0.327864 0.181984 0.241740 0.181984
22 0.121506 0.244553 0.199708 0.244553 0.199708 0.357930 0.121506 0.357930
22 0.059483 0.462067 0.145355 0.462067 0.145355 0.574196 0.059483 0.574196
22 0.846630 0.459705 0.923571 0.459705 0.923571 0.572594 0.846630 0.572594
22 0.453731 0.559130 0.537809 0.559130 0.537809 0.674493 0.453731 0.674493
