13 0.222737 0.729206 0.238801 0.729206 0.238801 0.748345 0.222737 0.748345 0.222737 0.729206
13 0.499981 0.509796 0.516045 0.509796 0.516045 0.528934 0.499981 0.528934 0.499981 0.509796
13 0.780429 0.290431 0.796494 0.290431 0.796494 0.309569 0.780429 0.309569 0.780429 0.290431
13 0.779895 0.729478 0.795959 0.729478 0.795959 0.748617 0.779895 0.748617 0.779895 0.729478
9 0.232982 0.742768 0.228556 0.734783 0.786248 0.296007 0.790675 0.303993 
9 0.784445 0.299993 0.792478 0.300007 0.791943 0.739055 0.783911 0.739041 
9 0.230768 0.743560 0.230771 0.733991 0.787929 0.734263 0.787926 0.743832 
3 0.843095 0.518341 0.824923 0.648085 0.772375 0.763769 0.691146 0.852857 0.590038 0.905695 0.480008 0.916557 0.372980 0.884267 0.280551 0.812322 0.212737 0.708521 0.176888 0.584110 0.176888 0.452573 0.212737 0.328162 0.280551 0.224360 0.372980 0.152416 0.480008 0.120126 0.590038 0.130988 0.691146 0.183826 0.772375 0.272914 0.824923 0.388598 0.843095 0.518341
19 0.599418 0.517775 0.769066 0.517775 0.769066 0.616347 0.599418 0.616347
19 0.398750 0.759149 0.606698 0.759149 0.606698 0.857625 0.398750 0.857625
22 0.419967 0.399649 0.499055 0.399649 0.499055 0.503037 0.419967 0.503037
