13 0.215334 0.237929 0.236167 0.237929 0.236167 0.262851 0.215334 0.262851 0.215334 0.237929
13 0.154997 0.461825 0.175830 0.461825 0.175830 0.486747 0.154997 0.486747 0.154997 0.461825
13 0.484799 0.463457 0.505632 0.463457 0.505632 0.488379 0.484799 0.488379 0.484799 0.463457
13 0.810157 0.463457 0.830991 0.463457 0.830991 0.488379 0.810157 0.488379 0.810157 0.463457
13 0.751306 0.689253 0.772139 0.689253 0.772139 0.714175 0.751306 0.714175 0.751306 0.689253
13 0.297644 0.785341 0.318477 0.785341 0.318477 0.810263 0.297644 0.810263 0.297644 0.785341
9 0.222752 0.255484 0.228748 0.245295 0.764720 0.696619 0.758725 0.706809 
9 0.165403 0.480516 0.165424 0.468055 0.820585 0.469688 0.820563 0.482149 
9 0.490940 0.472361 0.499491 0.479476 0.312336 0.801360 0.303785 0.794245 
3 0.820153 0.474691 0.802378 0.602117 0.750980 0.715733 0.671527 0.803230 0.572630 0.855124 0.465007 0.865792 0.360319 0.834078 0.269911 0.763419 0.203581 0.661472 0.168516 0.539285 0.168516 0.410098 0.203581 0.287910 0.269911 0.185963 0.360319 0.115304 0.465007 0.083591 0.572630 0.094259 0.671527 0.146153 0.750980 0.233649 0.802378 0.347266 0.820153 0.474691
22 0.149383 0.147428 0.216179 0.147428 0.216179 0.255059 0.149383 0.255059
22 0.500032 0.338472 0.573019 0.338472 0.573019 0.445751 0.500032 0.445751
22 0.074725 0.417086 0.144152 0.417086 0.144152 0.522406 0.074725 0.522406
22 0.836161 0.418132 0.908489 0.418132 0.908489 0.523636 0.836161 0.523636
18 0.055892 0.638493 0.185179 0.638493 0.185179 0.744283 0.055892 0.744283
22 0.773100 0.682365 0.841730 0.682365 0.841730 0.788022 0.773100 0.788022
22 0.246495 0.818425 0.317205 0.818425 0.317205 0.926462 0.246495 0.926462
18 0.626125 0.486011 0.753374 0.486011 0.753374 0.587397 0.626125 0.587397
