13 0.428363 0.140195 0.445946 0.140195 0.445946 0.158377 0.428363 0.158377 0.428363 0.140195
13 0.814413 0.242338 0.831996 0.242338 0.831996 0.260519 0.814413 0.260519 0.814413 0.242338
13 0.089078 0.242338 0.106660 0.242338 0.106660 0.260519 0.089078 0.260519 0.089078 0.242338
13 0.270214 0.242338 0.287797 0.242338 0.287797 0.260519 0.270214 0.260519 0.270214 0.242338
13 0.405573 0.242338 0.423156 0.242338 0.423156 0.260519 0.405573 0.260519 0.405573 0.242338
13 0.165242 0.462338 0.182824 0.462338 0.182824 0.480519 0.165242 0.480519 0.165242 0.462338
13 0.280080 0.796623 0.297663 0.796623 0.297663 0.814805 0.280080 0.814805 0.280080 0.796623
9 0.099098 0.255793 0.096640 0.247064 0.435926 0.144921 0.438383 0.153650 
9 0.093728 0.252954 0.102010 0.249903 0.293012 0.804189 0.284731 0.807240 
9 0.432874 0.148252 0.441435 0.150320 0.293152 0.806748 0.284591 0.804680 
9 0.097869 0.255974 0.097869 0.246883 0.823204 0.246883 0.823204 0.255974 
3 0.928864 0.522074 0.908353 0.649179 0.849043 0.762510 0.757362 0.849785 0.643244 0.901549 0.519056 0.912190 0.398255 0.880556 0.293932 0.810075 0.217393 0.708385 0.176931 0.586505 0.176931 0.457643 0.217393 0.335763 0.293932 0.234073 0.398255 0.163592 0.519056 0.131958 0.643244 0.142599 0.757362 0.194363 0.849043 0.281639 0.908353 0.394969 0.928864 0.522074
22 0.374762 0.052997 0.441837 0.052997 0.441837 0.133556 0.374762 0.133556
22 0.862196 0.203049 0.923127 0.203049 0.923127 0.284504 0.862196 0.284504
22 0.024322 0.208721 0.085561 0.208721 0.085561 0.291632 0.024322 0.291632
22 0.419495 0.262162 0.480168 0.262162 0.480168 0.342192 0.419495 0.342192
22 0.262546 0.260587 0.322874 0.260587 0.322874 0.339686 0.262546 0.339686
22 0.098270 0.460971 0.157088 0.460971 0.157088 0.543058 0.098270 0.543058
22 0.231984 0.821330 0.296589 0.821330 0.296589 0.902656 0.231984 0.902656
