13 0.413428 0.173093 0.425124 0.173093 0.425124 0.204100 0.413428 0.204100 0.413428 0.173093
13 0.729435 0.173093 0.741131 0.173093 0.741131 0.204100 0.729435 0.204100 0.729435 0.173093
13 0.049626 0.724262 0.061322 0.724262 0.061322 0.755270 0.049626 0.755270 0.049626 0.724262
13 0.413880 0.725325 0.425575 0.725325 0.425575 0.756333 0.413880 0.756333 0.413880 0.725325
13 0.729067 0.724262 0.740763 0.724262 0.740763 0.755270 0.729067 0.755270 0.729067 0.724262
13 0.936907 0.723970 0.948603 0.723970 0.948603 0.754978 0.936907 0.754978 0.936907 0.723970
9 0.055474 0.747518 0.055473 0.732014 0.942755 0.731722 0.942755 0.747226 
9 0.733214 0.194074 0.737352 0.183119 0.944824 0.733996 0.940686 0.744951 
9 0.732359 0.188583 0.738207 0.188610 0.737839 0.739780 0.731991 0.739752 
9 0.416352 0.188613 0.422200 0.188580 0.422652 0.740813 0.416804 0.740846 
9 0.056925 0.746497 0.054023 0.733036 0.417826 0.181866 0.420727 0.195327 
9 0.419276 0.196348 0.419276 0.180845 0.735283 0.180845 0.735283 0.196348 
19 0.546734 0.030181 0.584294 0.030181 0.584294 0.133751 0.546734 0.133751
22 0.400710 0.041227 0.445807 0.041227 0.445807 0.165310 0.400710 0.165310
22 0.713442 0.039306 0.760126 0.039306 0.760126 0.165582 0.713442 0.165582
10 0.545022 0.133190 0.596972 0.133190 0.596972 0.239835 0.545022 0.239835
19 0.190595 0.366379 0.221789 0.366379 0.221789 0.484762 0.190595 0.484762
19 0.424314 0.403371 0.455177 0.403371 0.455177 0.498859 0.424314 0.498859
18 0.146205 0.577746 0.216960 0.577746 0.216960 0.723779 0.146205 0.723779
18 0.816459 0.597808 0.887600 0.597808 0.887600 0.727891 0.816459 0.727891
12 0.374873 0.620848 0.427408 0.620848 0.427408 0.761702 0.374873 0.761702
12 0.725875 0.620298 0.778752 0.620298 0.778752 0.763206 0.725875 0.763206
22 0.008739 0.684914 0.049265 0.684914 0.049265 0.809372 0.008739 0.809372
10 0.544626 0.683546 0.596562 0.683546 0.596562 0.790324 0.544626 0.790324
22 0.952318 0.683394 0.993438 0.683394 0.993438 0.811374 0.952318 0.811374
19 0.556104 0.781542 0.588236 0.781542 0.588236 0.898062 0.556104 0.898062
8 0.046818 0.843183 0.088259 0.843183 0.088259 0.907048 0.046818 0.907048
8 0.385701 0.842332 0.426817 0.842332 0.426817 0.907026 0.385701 0.907026
19 0.215878 0.822731 0.246894 0.822731 0.246894 0.943301 0.215878 0.943301
1 0.048246 0.833333 0.216374 0.833333 0.216374 0.914729 0.048246 0.914729
1 0.254386 0.829457 0.426901 0.829457 0.426901 0.914729 0.254386 0.914729
