13 0.128599 0.237819 0.152409 0.237819 0.152409 0.260874 0.128599 0.260874 0.128599 0.237819
13 0.810571 0.236991 0.834381 0.236991 0.834381 0.260046 0.810571 0.260046 0.810571 0.236991
13 0.128755 0.730780 0.152564 0.730780 0.152564 0.753835 0.128755 0.753835 0.128755 0.730780
13 0.807905 0.732176 0.831714 0.732176 0.831714 0.755231 0.807905 0.755231 0.807905 0.732176
9 0.140512 0.255110 0.140497 0.243583 0.822469 0.242755 0.822484 0.254282 
9 0.816524 0.248488 0.828428 0.248549 0.825762 0.743734 0.813857 0.743674 
9 0.140647 0.748071 0.140672 0.736544 0.819822 0.737940 0.819797 0.749467 
9 0.134552 0.249348 0.146457 0.249345 0.146612 0.742306 0.134707 0.742309 
3 0.907421 0.494320 0.884329 0.628317 0.817554 0.747794 0.714334 0.839803 0.585853 0.894374 0.446034 0.905592 0.310029 0.872243 0.192576 0.797940 0.106403 0.690735 0.060849 0.562245 0.060849 0.426395 0.106403 0.297905 0.192576 0.190700 0.310029 0.116396 0.446034 0.083047 0.585853 0.094266 0.714334 0.148836 0.817554 0.240845 0.884329 0.360322 0.907421 0.494320
12 0.121565 0.227015 0.255590 0.227015 0.255590 0.356598 0.121565 0.356598
12 0.705396 0.229237 0.838182 0.229237 0.838182 0.356262 0.705396 0.356262
19 0.617498 0.430552 0.795438 0.430552 0.795438 0.534322 0.617498 0.534322
19 0.385034 0.621578 0.569243 0.621578 0.569243 0.722243 0.385034 0.722243
