13 0.198715 0.475123 0.216259 0.475123 0.216259 0.494877 0.198715 0.494877 0.198715 0.475123
13 0.230441 0.322266 0.247985 0.322266 0.247985 0.342019 0.230441 0.342019 0.230441 0.322266
13 0.498208 0.475123 0.515752 0.475123 0.515752 0.494877 0.498208 0.494877 0.498208 0.475123
13 0.498842 0.812981 0.516386 0.812981 0.516386 0.832734 0.498842 0.832734 0.498842 0.812981
13 0.767878 0.624409 0.785422 0.624409 0.785422 0.644162 0.767878 0.644162 0.767878 0.624409
13 0.798969 0.475123 0.816513 0.475123 0.816513 0.494877 0.798969 0.494877 0.798969 0.475123
9 0.237254 0.336561 0.241173 0.327725 0.778609 0.629868 0.774690 0.638704 
9 0.207487 0.489938 0.207487 0.480062 0.807741 0.480062 0.807741 0.489938 
9 0.502594 0.485010 0.511366 0.484990 0.512000 0.822847 0.503228 0.822868 
3 0.806270 0.485164 0.789989 0.595019 0.742909 0.692969 0.670133 0.768400 0.579548 0.813138 0.480968 0.822335 0.385078 0.794995 0.302268 0.734079 0.241511 0.646190 0.209393 0.540851 0.209393 0.429477 0.241511 0.324138 0.302268 0.236249 0.385078 0.175333 0.480968 0.147993 0.579548 0.157190 0.670133 0.201928 0.742909 0.277359 0.789989 0.375310 0.806270 0.485164
12 0.425310 0.468598 0.520196 0.468598 0.520196 0.574460 0.425310 0.574460
22 0.467513 0.345051 0.553935 0.345051 0.553935 0.451027 0.467513 0.451027
22 0.104432 0.430569 0.191798 0.430569 0.191798 0.537283 0.104432 0.537283
22 0.144009 0.242041 0.229683 0.242041 0.229683 0.346808 0.144009 0.346808
22 0.824145 0.431307 0.907328 0.431307 0.907328 0.536230 0.824145 0.536230
22 0.471855 0.839010 0.551124 0.839010 0.551124 0.943291 0.471855 0.943291
22 0.788700 0.605307 0.866775 0.605307 0.866775 0.712720 0.788700 0.712720
