13 0.480769 0.076451 0.503497 0.076451 0.503497 0.099373 0.480769 0.099373 0.480769 0.076451
13 0.815341 0.244049 0.838068 0.244049 0.838068 0.266972 0.815341 0.266972 0.815341 0.244049
13 0.283574 0.327759 0.306302 0.327759 0.306302 0.350682 0.283574 0.350682 0.283574 0.327759
13 0.485795 0.488539 0.508523 0.488539 0.508523 0.511461 0.485795 0.511461 0.485795 0.488539
13 0.739042 0.553028 0.761769 0.553028 0.761769 0.575951 0.739042 0.575951 0.739042 0.553028
13 0.085227 0.579967 0.107955 0.579967 0.107955 0.602890 0.085227 0.602890 0.085227 0.579967
13 0.661458 0.861396 0.684186 0.861396 0.684186 0.884318 0.661458 0.884318 0.661458 0.861396
9 0.487679 0.084353 0.496586 0.091471 0.101044 0.594987 0.092138 0.587870 
9 0.821194 0.254113 0.832215 0.256907 0.678332 0.874254 0.667312 0.871460 
9 0.291421 0.343721 0.298455 0.334720 0.500677 0.495500 0.493642 0.504500 
9 0.495768 0.505556 0.498550 0.494444 0.751797 0.558933 0.749015 0.570046 
3 0.902325 0.500053 0.880184 0.633877 0.816161 0.753199 0.717192 0.845089 0.594004 0.899589 0.459946 0.910793 0.329544 0.877487 0.216930 0.803280 0.134307 0.696214 0.090629 0.567890 0.090629 0.432216 0.134307 0.303893 0.216930 0.196827 0.329544 0.122620 0.459946 0.089314 0.594004 0.100517 0.717192 0.155017 0.816161 0.246907 0.880184 0.366229 0.902325 0.500053
12 0.284511 0.246044 0.451510 0.246044 0.451510 0.413186 0.284511 0.413186
12 0.631660 0.421411 0.782093 0.421411 0.782093 0.570568 0.631660 0.570568
19 0.765082 0.529830 0.877482 0.529830 0.877482 0.630366 0.765082 0.630366
19 0.590405 0.556378 0.658438 0.556378 0.658438 0.637836 0.590405 0.637836
19 0.299598 0.447168 0.408404 0.447168 0.408404 0.545895 0.299598 0.545895
19 0.269180 0.146123 0.372580 0.146123 0.372580 0.240231 0.269180 0.240231
19 0.112818 0.348364 0.218907 0.348364 0.218907 0.443424 0.112818 0.443424
