13 0.654115 0.193539 0.676651 0.193539 0.676651 0.228171 0.654115 0.228171 0.654115 0.193539
13 0.857635 0.192684 0.880170 0.192684 0.880170 0.227316 0.857635 0.227316 0.857635 0.192684
13 0.224505 0.473309 0.247040 0.473309 0.247040 0.507941 0.224505 0.507941 0.224505 0.473309
13 0.755177 0.469959 0.777712 0.469959 0.777712 0.504591 0.755177 0.504591 0.755177 0.469959
13 0.422102 0.549879 0.444637 0.549879 0.444637 0.584511 0.422102 0.584511 0.422102 0.549879
13 0.291472 0.771562 0.314007 0.771562 0.314007 0.806194 0.291472 0.806194 0.291472 0.771562
9 0.665398 0.219513 0.665368 0.202197 0.868887 0.201342 0.868918 0.218658 
9 0.429869 0.557482 0.438108 0.569296 0.300049 0.796687 0.291810 0.784874 
3 0.441964 0.489341 0.430671 0.593342 0.398016 0.686073 0.347539 0.757485 0.284708 0.799839 0.216333 0.808546 0.149823 0.782662 0.092385 0.724993 0.050244 0.641787 0.027967 0.542061 0.027967 0.436622 0.050244 0.336896 0.092385 0.253690 0.149823 0.196020 0.216333 0.170136 0.284708 0.178844 0.347539 0.221198 0.398016 0.292610 0.430671 0.385340 0.441964 0.489341
3 0.973840 0.488803 0.962547 0.592809 0.929891 0.685545 0.879410 0.756960 0.816577 0.799316 0.748198 0.808024 0.681684 0.782139 0.624244 0.724466 0.582101 0.641256 0.559822 0.541525 0.559822 0.436081 0.582101 0.336350 0.624244 0.253140 0.681684 0.195467 0.748198 0.169582 0.816577 0.178290 0.879410 0.220646 0.929891 0.292062 0.962547 0.384797 0.973840 0.488803
2 0.752113 0.173160 0.780282 0.173160 0.780282 0.259740 0.752113 0.259740
22 0.160563 0.389610 0.222535 0.389610 0.222535 0.497835 0.160563 0.497835
22 0.704225 0.389610 0.757746 0.389610 0.757746 0.506494 0.704225 0.506494
7 0.374648 0.722944 0.402817 0.722944 0.402817 0.774892 0.374648 0.774892
18 0.622535 0.030303 0.850704 0.030303 0.850704 0.142857 0.622535 0.142857
18 0.298592 0.805195 0.526761 0.805195 0.526761 0.926407 0.298592 0.926407
2 0.338028 0.636364 0.385915 0.636364 0.385915 0.705628 0.338028 0.705628
