13 0.082347 0.809284 0.098064 0.809284 0.098064 0.837159 0.082347 0.837159 0.082347 0.809284
13 0.199307 0.635746 0.215025 0.635746 0.215025 0.663621 0.199307 0.663621 0.199307 0.635746
13 0.405709 0.348324 0.421426 0.348324 0.421426 0.376198 0.405709 0.376198 0.405709 0.348324
13 0.469923 0.258843 0.485640 0.258843 0.485640 0.286718 0.469923 0.286718 0.469923 0.258843
13 0.809339 0.135468 0.825056 0.135468 0.825056 0.163343 0.809339 0.163343 0.809339 0.135468
13 0.899544 0.447295 0.915261 0.447295 0.915261 0.475169 0.899544 0.475169 0.899544 0.447295
13 0.866672 0.809284 0.882389 0.809284 0.882389 0.837159 0.866672 0.837159 0.866672 0.809284
13 0.573888 0.923169 0.589605 0.923169 0.589605 0.951043 0.573888 0.951043 0.573888 0.923169
13 0.469923 0.910967 0.485640 0.910967 0.485640 0.938841 0.469923 0.938841 0.469923 0.910967
13 0.469158 0.563891 0.484875 0.563891 0.484875 0.591765 0.469158 0.591765 0.469158 0.563891
13 0.838388 0.462208 0.854105 0.462208 0.854105 0.490083 0.838388 0.490083 0.838388 0.462208
13 0.469923 0.447295 0.485640 0.447295 0.485640 0.475169 0.469923 0.475169 0.469923 0.447295
13 0.442403 0.473054 0.458120 0.473054 0.458120 0.500929 0.442403 0.500929 0.442403 0.473054
13 0.294864 0.607275 0.310581 0.607275 0.310581 0.635150 0.294864 0.635150 0.294864 0.607275
13 0.468394 0.810640 0.484111 0.810640 0.484111 0.838515 0.468394 0.838515 0.468394 0.810640
13 0.541781 0.807929 0.557498 0.807929 0.557498 0.835803 0.541781 0.835803 0.541781 0.807929
9 0.086390 0.832902 0.086375 0.818964 0.876052 0.816253 0.876067 0.830190 
9 0.087434 0.830758 0.083803 0.818397 0.816146 0.141869 0.819777 0.154230 
9 0.813314 0.151830 0.821080 0.149692 0.879942 0.822153 0.872177 0.824291 
9 0.206995 0.655216 0.205808 0.641439 0.906809 0.451631 0.907995 0.465409 
9 0.472323 0.271439 0.480182 0.271410 0.480946 0.926245 0.473088 0.926274 
9 0.586000 0.931191 0.579022 0.937598 0.411607 0.364109 0.418586 0.357701 
9 0.087699 0.832499 0.085067 0.819367 0.476465 0.572617 0.479097 0.585750 
9 0.476500 0.585772 0.479062 0.572596 0.878105 0.816634 0.875543 0.829810 
9 0.479297 0.584859 0.474737 0.573508 0.814917 0.143730 0.819477 0.155081 
1 0.512770 0.871080 0.679764 0.871080 0.679764 0.937282 0.512770 0.937282
1 0.719057 0.860627 0.882122 0.860627 0.882122 0.940767 0.719057 0.940767
8 0.514103 0.872361 0.550244 0.872361 0.550244 0.919230 0.514103 0.919230
8 0.840705 0.871228 0.879121 0.871228 0.879121 0.922672 0.840705 0.922672
19 0.210026 0.845588 0.339536 0.845588 0.339536 0.940384 0.210026 0.940384
22 0.515512 0.634015 0.563678 0.634015 0.563678 0.733908 0.515512 0.733908
19 0.655892 0.357903 0.718562 0.357903 0.718562 0.453638 0.655892 0.453638
19 0.292082 0.695866 0.446831 0.695866 0.446831 0.802292 0.292082 0.802292
22 0.882808 0.772980 0.936867 0.772980 0.936867 0.878472 0.882808 0.878472
22 0.793725 0.029736 0.853340 0.029736 0.853340 0.138001 0.793725 0.138001
22 0.025645 0.773047 0.078190 0.773047 0.078190 0.877880 0.025645 0.877880
19 0.697545 0.614388 0.738008 0.614388 0.738008 0.712442 0.697545 0.712442
19 0.676263 0.840703 0.713877 0.840703 0.713877 0.940126 0.676263 0.940126
20 0.154524 0.608354 0.197983 0.608354 0.197983 0.692081 0.154524 0.692081
20 0.386366 0.271977 0.440784 0.271977 0.440784 0.355228 0.386366 0.355228
20 0.455141 0.145467 0.500397 0.145467 0.500397 0.255466 0.455141 0.255466
