13 0.156468 0.138101 0.171941 0.138101 0.171941 0.157613 0.156468 0.157613 0.156468 0.138101
13 0.483172 0.138815 0.498646 0.138815 0.498646 0.158328 0.483172 0.158328 0.483172 0.138815
13 0.808172 0.138815 0.823646 0.138815 0.823646 0.158328 0.808172 0.158328 0.808172 0.138815
13 0.388286 0.469530 0.403760 0.469530 0.403760 0.489042 0.388286 0.489042 0.388286 0.469530
13 0.711013 0.469530 0.726487 0.469530 0.726487 0.489042 0.711013 0.489042 0.711013 0.469530
13 0.618627 0.798815 0.634101 0.798815 0.634101 0.818328 0.618627 0.818328 0.618627 0.798815
9 0.164201 0.152735 0.164208 0.142979 0.815912 0.143693 0.815906 0.153449 
9 0.812272 0.146910 0.819546 0.150232 0.630001 0.810232 0.622726 0.806910 
9 0.161303 0.151084 0.167106 0.144630 0.629265 0.805345 0.623462 0.811798 
9 0.487989 0.151771 0.493829 0.145372 0.721670 0.476087 0.715830 0.482485 
9 0.396023 0.484164 0.396023 0.474408 0.718750 0.474408 0.718750 0.484164 
9 0.487271 0.146912 0.494547 0.150231 0.399660 0.480945 0.392385 0.477626 
22 0.076274 0.070760 0.141908 0.070760 0.141908 0.175890 0.076274 0.175890
22 0.456346 0.035414 0.518988 0.035414 0.518988 0.128420 0.456346 0.128420
22 0.304971 0.444828 0.360336 0.444828 0.360336 0.536468 0.304971 0.536468
22 0.731018 0.446879 0.783568 0.446879 0.783568 0.539526 0.731018 0.539526
22 0.831681 0.071092 0.888126 0.071092 0.888126 0.165570 0.831681 0.165570
22 0.595704 0.826822 0.648759 0.826822 0.648759 0.921304 0.595704 0.921304
19 0.501782 0.375000 0.583663 0.375000 0.583663 0.462806 0.501782 0.462806
19 0.793124 0.456390 0.872702 0.456390 0.872702 0.541125 0.793124 0.541125
19 0.234607 0.531300 0.317633 0.531300 0.317633 0.619018 0.234607 0.619018
1 0.303675 0.617073 0.531915 0.617073 0.531915 0.941463 0.303675 0.941463
1 0.044487 0.231707 0.234043 0.231707 0.234043 0.517073 0.044487 0.517073
1 0.849130 0.180488 0.961315 0.180488 0.961315 0.446341 0.849130 0.446341
1 0.707930 0.546341 0.839458 0.546341 0.839458 0.887805 0.707930 0.887805
8 0.895172 0.183707 0.940752 0.183707 0.940752 0.270173 0.895172 0.270173
8 0.725197 0.794415 0.770906 0.794415 0.770906 0.877921 0.725197 0.877921
8 0.470851 0.865958 0.526877 0.865958 0.526877 0.942217 0.470851 0.942217
8 0.045214 0.247085 0.099632 0.247085 0.099632 0.322048 0.045214 0.322048
