13 0.200534 0.202295 0.220046 0.202295 0.220046 0.234168 0.200534 0.234168 0.200534 0.202295
13 0.103880 0.476635 0.123392 0.476635 0.123392 0.508508 0.103880 0.508508 0.103880 0.476635
13 0.201782 0.476635 0.221295 0.476635 0.221295 0.508508 0.201782 0.508508 0.201782 0.476635
13 0.867691 0.479778 0.887204 0.479778 0.887204 0.511651 0.867691 0.511651 0.867691 0.479778
13 0.200908 0.756921 0.220420 0.756921 0.220420 0.788793 0.200908 0.788793 0.200908 0.756921
9 0.209086 0.225953 0.211493 0.210510 0.878651 0.487993 0.876244 0.503436 
9 0.211867 0.780579 0.209461 0.765135 0.876245 0.487992 0.878650 0.503436 
9 0.109390 0.496494 0.117883 0.488649 0.214911 0.768935 0.206418 0.776779 
9 0.206062 0.214257 0.214518 0.222206 0.117864 0.496546 0.109408 0.488597 
9 0.205412 0.218240 0.215168 0.218223 0.215542 0.772848 0.205786 0.772866 
9 0.113624 0.500540 0.113649 0.484603 0.877460 0.487746 0.877435 0.503682 
22 0.182905 0.045349 0.247744 0.045349 0.247744 0.185345 0.182905 0.185345
22 0.024107 0.419304 0.096525 0.419304 0.096525 0.558115 0.024107 0.558115
22 0.156185 0.803822 0.229115 0.803822 0.229115 0.942671 0.156185 0.942671
22 0.899624 0.426227 0.967286 0.426227 0.967286 0.569877 0.899624 0.569877
5 0.509976 0.288383 0.574779 0.288383 0.574779 0.414934 0.509976 0.414934
5 0.511620 0.568350 0.575547 0.568350 0.575547 0.695333 0.511620 0.695333
2 0.130246 0.308349 0.194516 0.308349 0.194516 0.387760 0.130246 0.387760
2 0.127062 0.590566 0.194489 0.590566 0.194489 0.665405 0.127062 0.665405
12 0.200281 0.374386 0.282726 0.374386 0.282726 0.509626 0.200281 0.509626
