13 0.785740 0.152413 0.809270 0.152413 0.809270 0.177258 0.785740 0.177258 0.785740 0.152413
13 0.141131 0.196149 0.164660 0.196149 0.164660 0.220994 0.141131 0.220994 0.141131 0.196149
13 0.168693 0.802523 0.192222 0.802523 0.192222 0.827367 0.168693 0.827367 0.168693 0.802523
13 0.744992 0.801863 0.768521 0.801863 0.768521 0.826708 0.744992 0.826708 0.744992 0.801863
9 0.184612 0.819342 0.176303 0.810548 0.793350 0.160438 0.801660 0.169232 
9 0.791636 0.164425 0.803375 0.165246 0.762626 0.814696 0.750887 0.813875 
9 0.180464 0.821156 0.180451 0.808734 0.756750 0.808075 0.756763 0.820497 
9 0.147020 0.208869 0.158771 0.208274 0.186333 0.814647 0.174582 0.815243 
9 0.153273 0.214770 0.152519 0.202373 0.797128 0.158637 0.797882 0.171034 
22 0.828884 0.045654 0.937666 0.045654 0.937666 0.152674 0.828884 0.152674
22 0.052290 0.093454 0.128000 0.093454 0.128000 0.201050 0.052290 0.201050
19 0.072792 0.437831 0.137053 0.437831 0.137053 0.537934 0.072792 0.537934
18 0.196362 0.559291 0.338052 0.559291 0.338052 0.669025 0.196362 0.669025
18 0.310939 0.680395 0.451024 0.680395 0.451024 0.790508 0.310939 0.790508
22 0.078330 0.832718 0.168794 0.832718 0.168794 0.939458 0.078330 0.939458
22 0.763106 0.832082 0.862786 0.832082 0.862786 0.939358 0.763106 0.939358
19 0.430722 0.842999 0.499207 0.842999 0.499207 0.945824 0.430722 0.945824
