13 0.131226 0.151763 0.144671 0.151763 0.144671 0.177907 0.131226 0.177907 0.131226 0.151763
13 0.307217 0.771462 0.320662 0.771462 0.320662 0.797606 0.307217 0.797606 0.307217 0.771462
13 0.829944 0.773725 0.843389 0.773725 0.843389 0.799868 0.829944 0.799868 0.829944 0.773725
13 0.652325 0.152513 0.665770 0.152513 0.665770 0.178656 0.652325 0.178656 0.652325 0.152513
13 0.478662 0.463452 0.492107 0.463452 0.492107 0.489595 0.478662 0.489595 0.478662 0.463452
9 0.137946 0.171371 0.137951 0.158299 0.659050 0.159048 0.659045 0.172120 
9 0.316218 0.789338 0.311660 0.779729 0.656769 0.160780 0.661327 0.170389 
9 0.135006 0.167995 0.140891 0.161676 0.316882 0.781374 0.310997 0.787693 
9 0.313932 0.791070 0.313947 0.777998 0.836674 0.780261 0.836659 0.793332 
9 0.656110 0.168760 0.661985 0.162409 0.839605 0.783621 0.833729 0.789972 
9 0.136550 0.170778 0.139348 0.158892 0.838066 0.780854 0.835268 0.792739 
22 0.466791 0.313403 0.520704 0.313403 0.520704 0.435483 0.466791 0.435483
22 0.681260 0.062165 0.732435 0.062165 0.732435 0.188558 0.681260 0.188558
22 0.252206 0.809344 0.312106 0.809344 0.312106 0.937984 0.252206 0.937984
22 0.833407 0.808005 0.891333 0.808005 0.891333 0.939896 0.833407 0.939896
22 0.069903 0.062709 0.131539 0.062709 0.131539 0.197311 0.069903 0.197311
