13 0.450042 0.161520 0.472641 0.161520 0.472641 0.189591 0.450042 0.189591 0.450042 0.161520
13 0.670186 0.194032 0.692785 0.194032 0.692785 0.222102 0.670186 0.222102 0.670186 0.194032
13 0.623561 0.293192 0.646160 0.293192 0.646160 0.321262 0.623561 0.321262 0.623561 0.293192
13 0.528486 0.491870 0.551084 0.491870 0.551084 0.519940 0.528486 0.519940 0.528486 0.491870
13 0.803827 0.434704 0.826425 0.434704 0.826425 0.462775 0.803827 0.462775 0.803827 0.434704
9 0.458359 0.181515 0.464324 0.169596 0.818109 0.442780 0.812143 0.454699 
9 0.676622 0.204497 0.686349 0.211637 0.544649 0.509475 0.534921 0.502335 
9 0.540716 0.512826 0.538854 0.498983 0.814195 0.441818 0.816057 0.455661 
3 0.814706 0.504904 0.799645 0.617011 0.756094 0.716969 0.688773 0.793947 0.604977 0.839602 0.513786 0.848988 0.425082 0.821087 0.348479 0.758922 0.292276 0.669231 0.262565 0.561732 0.262565 0.448075 0.292276 0.340577 0.348479 0.250885 0.425082 0.188721 0.513786 0.160820 0.604977 0.170206 0.688773 0.215861 0.756094 0.292839 0.799645 0.392797 0.814706 0.504904
12 0.597361 0.297462 0.685313 0.297462 0.685313 0.406680 0.597361 0.406680
22 0.389400 0.078666 0.461533 0.078666 0.461533 0.170815 0.389400 0.170815
22 0.520621 0.284845 0.590081 0.284845 0.590081 0.379352 0.520621 0.379352
22 0.827276 0.380995 0.887714 0.380995 0.887714 0.472674 0.827276 0.472674
22 0.669237 0.105571 0.741214 0.105571 0.741214 0.200246 0.669237 0.200246
22 0.461796 0.464917 0.518644 0.464917 0.518644 0.563004 0.461796 0.563004
