13 0.731448 0.159979 0.766080 0.159979 0.766080 0.195221 0.731448 0.195221 0.731448 0.159979
13 0.161297 0.713610 0.195929 0.713610 0.195929 0.748853 0.161297 0.748853 0.161297 0.713610
13 0.730364 0.715050 0.764996 0.715050 0.764996 0.750292 0.730364 0.750292 0.730364 0.715050
9 0.184590 0.737606 0.172636 0.724857 0.742787 0.171226 0.754741 0.183974 
9 0.740106 0.177582 0.757422 0.177618 0.756338 0.732688 0.739022 0.732653 
9 0.178591 0.740042 0.178634 0.722421 0.747701 0.723860 0.747658 0.741481 
22 0.774453 0.049836 0.880014 0.049836 0.880014 0.191164 0.774453 0.191164
19 0.777032 0.365125 0.937127 0.365125 0.937127 0.503906 0.777032 0.503906
22 0.053439 0.751523 0.178263 0.751523 0.178263 0.896662 0.053439 0.896662
22 0.758544 0.750266 0.876318 0.750266 0.876318 0.896717 0.758544 0.896717
19 0.291190 0.289218 0.457133 0.289218 0.457133 0.430134 0.291190 0.430134
12 0.578321 0.558806 0.774812 0.558806 0.774812 0.758480 0.578321 0.758480
19 0.380593 0.758392 0.537641 0.758392 0.537641 0.897820 0.380593 0.897820
