13 0.045621 0.735465 0.055213 0.735465 0.055213 0.762221 0.045621 0.762221 0.045621 0.735465
13 0.236156 0.736622 0.245749 0.736622 0.245749 0.763378 0.236156 0.763378 0.236156 0.736622
13 0.235621 0.152131 0.245213 0.152131 0.245213 0.178887 0.235621 0.178887 0.235621 0.152131
13 0.549490 0.153289 0.559082 0.153289 0.559082 0.180045 0.549490 0.180045 0.549490 0.153289
13 0.548954 0.737779 0.558546 0.737779 0.558546 0.764535 0.548954 0.764535 0.548954 0.737779
13 0.916871 0.736622 0.926463 0.736622 0.926463 0.763378 0.916871 0.763378 0.916871 0.736622
9 0.050416 0.755532 0.050418 0.742154 0.921668 0.743311 0.921666 0.756689 
9 0.553099 0.172480 0.555472 0.160854 0.922853 0.744187 0.920480 0.755813 
9 0.551888 0.166650 0.556684 0.166684 0.556148 0.751175 0.551352 0.751140 
9 0.238019 0.165526 0.242815 0.165492 0.243350 0.749983 0.238554 0.750017 
9 0.238642 0.161011 0.242192 0.170007 0.052192 0.753341 0.048642 0.744345 
9 0.240413 0.172198 0.240420 0.158820 0.554289 0.159978 0.554283 0.173356 
1 0.232614 0.822742 0.372902 0.822742 0.372902 0.903010 0.232614 0.903010
1 0.424460 0.822742 0.559952 0.822742 0.559952 0.903010 0.424460 0.903010
1 0.549161 0.816054 0.701439 0.816054 0.701439 0.906355 0.549161 0.906355
1 0.743405 0.812709 0.925659 0.812709 0.925659 0.903010 0.743405 0.903010
12 0.209127 0.662211 0.247785 0.662211 0.247785 0.769197 0.209127 0.769197
12 0.547707 0.662313 0.585843 0.662313 0.585843 0.768939 0.547707 0.768939
10 0.384313 0.120483 0.423273 0.120483 0.423273 0.204272 0.384313 0.204272
10 0.384569 0.707322 0.422865 0.707322 0.422865 0.794424 0.384569 0.794424
8 0.231456 0.825833 0.271485 0.825833 0.271485 0.891618 0.231456 0.891618
8 0.521476 0.823188 0.566744 0.823188 0.566744 0.896909 0.521476 0.896909
8 0.542720 0.824900 0.587008 0.824900 0.587008 0.893371 0.542720 0.893371
8 0.887373 0.826148 0.927639 0.826148 0.927639 0.894070 0.887373 0.894070
22 0.537147 0.037916 0.570934 0.037916 0.570934 0.140316 0.537147 0.140316
19 0.718830 0.294534 0.756648 0.294534 0.756648 0.393572 0.718830 0.393572
22 0.009942 0.693492 0.040105 0.693492 0.040105 0.795951 0.009942 0.795951
22 0.931281 0.691985 0.966228 0.691985 0.966228 0.802632 0.931281 0.802632
19 0.378916 0.018469 0.417535 0.018469 0.417535 0.115293 0.378916 0.115293
22 0.220724 0.036251 0.253428 0.036251 0.253428 0.139792 0.220724 0.139792
19 0.523221 0.394079 0.547552 0.394079 0.547552 0.473724 0.523221 0.473724
19 0.377598 0.817108 0.403277 0.817108 0.403277 0.917054 0.377598 0.917054
19 0.701418 0.816411 0.725662 0.816411 0.725662 0.899490 0.701418 0.899490
18 0.797247 0.627325 0.848065 0.627325 0.848065 0.729927 0.797247 0.729927
18 0.090744 0.627512 0.140377 0.627512 0.140377 0.729952 0.090744 0.729952
