13 0.090480 0.166527 0.108914 0.166527 0.108914 0.198148 0.090480 0.198148 0.090480 0.166527
13 0.278376 0.166412 0.296809 0.166412 0.296809 0.198032 0.278376 0.198032 0.278376 0.166412
13 0.664117 0.167047 0.682550 0.167047 0.682550 0.198667 0.664117 0.198667 0.664117 0.167047
13 0.279117 0.807047 0.297550 0.807047 0.297550 0.838667 0.279117 0.838667 0.279117 0.807047
13 0.854117 0.807047 0.872550 0.807047 0.872550 0.838667 0.854117 0.838667 0.854117 0.807047
9 0.282984 0.182238 0.292201 0.182207 0.292942 0.822841 0.283725 0.822873 
9 0.099695 0.190243 0.099699 0.174433 0.673336 0.174952 0.673331 0.190762 
9 0.669227 0.186445 0.677440 0.179270 0.867440 0.819270 0.859227 0.826445 
9 0.288333 0.830762 0.288333 0.814952 0.863333 0.814952 0.863333 0.830762 
9 0.095584 0.185902 0.103810 0.178773 0.292447 0.819293 0.284220 0.826422 
22 0.253697 0.023172 0.321912 0.023172 0.321912 0.150212 0.253697 0.150212
22 0.690478 0.070845 0.767147 0.070845 0.767147 0.206056 0.690478 0.206056
22 0.016297 0.070886 0.092708 0.070886 0.092708 0.208123 0.016297 0.208123
22 0.184260 0.779844 0.266307 0.779844 0.266307 0.911250 0.184260 0.911250
22 0.872328 0.780039 0.946312 0.780039 0.946312 0.913081 0.872328 0.913081
