13 0.402576 0.932897 0.418513 0.932897 0.418513 0.957213 0.402576 0.957213 0.402576 0.932897
13 0.039281 0.688501 0.055217 0.688501 0.055217 0.712817 0.039281 0.712817 0.039281 0.688501
13 0.039473 0.394985 0.055409 0.394985 0.055409 0.419301 0.039473 0.419301 0.039473 0.394985
13 0.574429 0.393556 0.590365 0.393556 0.590365 0.417872 0.574429 0.417872 0.574429 0.393556
13 0.480796 0.687842 0.496732 0.687842 0.496732 0.712158 0.480796 0.712158 0.480796 0.687842
13 0.683475 0.054216 0.699412 0.054216 0.699412 0.078532 0.683475 0.078532 0.683475 0.054216
13 0.948961 0.395189 0.964897 0.395189 0.964897 0.419505 0.948961 0.419505 0.948961 0.395189
13 0.948961 0.689066 0.964897 0.689066 0.964897 0.713383 0.948961 0.713383 0.948961 0.689066
9 0.687863 0.063709 0.695024 0.069039 0.414125 0.947720 0.406964 0.942390 
9 0.047440 0.413222 0.047441 0.401064 0.956929 0.401268 0.956928 0.413426 
9 0.047247 0.706738 0.047250 0.694580 0.956930 0.695145 0.956927 0.707304 
16 0.626990 0.282120 0.674178 0.282120 0.674178 0.383403 0.626990 0.383403
20 0.888696 0.279490 0.951583 0.279490 0.951583 0.364923 0.888696 0.364923
0 0.505385 0.393196 0.557486 0.393196 0.557486 0.511407 0.505385 0.511407
16 0.467139 0.443891 0.514933 0.443891 0.514933 0.545912 0.467139 0.545912
16 0.561989 0.551463 0.607394 0.551463 0.607394 0.655318 0.561989 0.655318
20 0.906697 0.581093 0.954235 0.581093 0.954235 0.663719 0.906697 0.663719
0 0.512630 0.589675 0.570539 0.589675 0.570539 0.710950 0.512630 0.710950
