13 0.133129 0.171079 0.153908 0.171079 0.153908 0.203207 0.133129 0.203207 0.133129 0.171079
13 0.621333 0.171513 0.642113 0.171513 0.642113 0.203642 0.621333 0.203642 0.621333 0.171513
13 0.377265 0.823221 0.398044 0.823221 0.398044 0.855350 0.377265 0.855350 0.377265 0.823221
13 0.864490 0.823439 0.885269 0.823439 0.885269 0.855567 0.864490 0.855567 0.864490 0.823439
9 0.387653 0.847318 0.387656 0.831254 0.874881 0.831471 0.874878 0.847535 
9 0.627223 0.191590 0.636223 0.183565 0.879379 0.835490 0.870379 0.843516 
9 0.627228 0.183553 0.636219 0.191603 0.392150 0.843311 0.383159 0.835261 
9 0.139023 0.191167 0.148014 0.183119 0.392150 0.835262 0.383158 0.843309 
9 0.143516 0.195175 0.143522 0.179111 0.631726 0.179546 0.631720 0.195610 
22 0.060679 0.082575 0.129433 0.082575 0.129433 0.200223 0.060679 0.200223
22 0.650572 0.082803 0.717048 0.082803 0.717048 0.200709 0.650572 0.200709
0 0.513942 0.171255 0.579560 0.171255 0.579560 0.332259 0.513942 0.332259
22 0.291090 0.806863 0.364354 0.806863 0.364354 0.925924 0.291090 0.925924
22 0.883210 0.805907 0.947924 0.805907 0.947924 0.922311 0.883210 0.922311
0 0.573624 0.291899 0.687334 0.291899 0.687334 0.363142 0.573624 0.363142
0 0.328018 0.661320 0.442997 0.661320 0.442997 0.730768 0.328018 0.730768
0 0.431521 0.683909 0.502880 0.683909 0.502880 0.852051 0.431521 0.852051
