13 0.454235 0.070874 0.482908 0.070874 0.482908 0.098555 0.454235 0.098555 0.454235 0.070874
13 0.871377 0.408084 0.900051 0.408084 0.900051 0.435766 0.871377 0.435766 0.871377 0.408084
13 0.455137 0.478744 0.483811 0.478744 0.483811 0.506426 0.455137 0.506426 0.455137 0.478744
13 0.310108 0.867375 0.338781 0.867375 0.338781 0.895056 0.310108 0.895056 0.310108 0.867375
9 0.462730 0.490239 0.476218 0.494931 0.331189 0.883561 0.317700 0.878870 
9 0.470715 0.499401 0.468232 0.485769 0.884473 0.415109 0.886956 0.428741 
9 0.461403 0.084729 0.475740 0.084700 0.476642 0.492570 0.462305 0.492600 
3 0.888196 0.492390 0.865265 0.625051 0.798958 0.743337 0.696459 0.834429 0.568877 0.888455 0.430036 0.899562 0.294982 0.866545 0.178351 0.792983 0.092781 0.686846 0.047545 0.559638 0.047545 0.425142 0.092781 0.297933 0.178351 0.191797 0.294982 0.118235 0.430036 0.085218 0.568877 0.096324 0.696459 0.150351 0.798958 0.241442 0.865265 0.359728 0.888196 0.492390
16 0.469501 0.366666 0.533745 0.366666 0.533745 0.466770 0.469501 0.466770
16 0.354169 0.418369 0.429462 0.418369 0.429462 0.524891 0.354169 0.524891
16 0.471752 0.508122 0.547761 0.508122 0.547761 0.611961 0.471752 0.611961
