13 0.019235 0.157126 0.048756 0.157126 0.048756 0.196151 0.019235 0.196151 0.019235 0.157126
13 0.851535 0.168406 0.881056 0.168406 0.881056 0.207431 0.851535 0.207431 0.851535 0.168406
13 0.843911 0.819143 0.873431 0.819143 0.873431 0.858168 0.843911 0.858168 0.843911 0.819143
9 0.030165 0.184978 0.037826 0.168300 0.862501 0.830316 0.854840 0.846994 
9 0.858916 0.187767 0.873675 0.188069 0.866050 0.838807 0.851292 0.838504 
9 0.033920 0.186394 0.034071 0.166883 0.866371 0.178163 0.866220 0.197674 
12 0.771864 0.161032 0.882609 0.161032 0.882609 0.307708 0.771864 0.307708
18 0.678941 0.540012 0.831340 0.540012 0.831340 0.683887 0.678941 0.683887
19 0.113353 0.525978 0.383938 0.525978 0.383938 0.694088 0.113353 0.694088
19 0.395281 0.036632 0.465575 0.036632 0.465575 0.142247 0.395281 0.142247
19 0.885350 0.454296 0.954195 0.454296 0.954195 0.580210 0.885350 0.580210
