13 0.067516 0.868841 0.085294 0.868841 0.085294 0.893608 0.067516 0.893608 0.067516 0.868841
13 0.491111 0.868568 0.508889 0.868568 0.508889 0.893336 0.491111 0.893336 0.491111 0.868568
13 0.920414 0.869759 0.938192 0.869759 0.938192 0.894527 0.920414 0.894527 0.920414 0.869759
13 0.495209 0.476188 0.512987 0.476188 0.512987 0.500955 0.495209 0.500955 0.495209 0.476188
13 0.352938 0.607616 0.370716 0.607616 0.370716 0.632384 0.352938 0.632384 0.352938 0.607616
13 0.067516 0.477820 0.085294 0.477820 0.085294 0.502588 0.067516 0.502588 0.067516 0.477820
13 0.067404 0.076847 0.085181 0.076847 0.085181 0.101615 0.067404 0.101615 0.067404 0.076847
9 0.071848 0.089232 0.080737 0.089230 0.080850 0.881223 0.071961 0.881226 
9 0.073826 0.094381 0.078759 0.084080 0.931770 0.876992 0.926837 0.887294 
9 0.076402 0.887416 0.076409 0.875033 0.929307 0.875951 0.929300 0.888335 
9 0.078851 0.886395 0.073960 0.876054 0.501653 0.483401 0.506544 0.493742 
9 0.072729 0.092932 0.079856 0.085530 0.503563 0.877251 0.496437 0.884654 
9 0.075013 0.496084 0.077797 0.484324 0.930695 0.876263 0.927911 0.888023 
2 0.033136 0.267339 0.124988 0.267339 0.124988 0.329490 0.033136 0.329490
24 0.248178 0.218911 0.352961 0.218911 0.352961 0.364869 0.248178 0.364869
22 0.349683 0.477258 0.412322 0.477258 0.412322 0.582508 0.349683 0.582508
24 0.641639 0.589929 0.746743 0.589929 0.746743 0.734567 0.641639 0.734567
2 0.033274 0.645775 0.126673 0.645775 0.126673 0.710064 0.033274 0.710064
12 0.060931 0.757350 0.162514 0.757350 0.162514 0.898469 0.060931 0.898469
5 0.235579 0.811785 0.302811 0.811785 0.302811 0.947922 0.235579 0.947922
5 0.636901 0.810515 0.704040 0.810515 0.704040 0.946220 0.636901 0.946220
