13 0.142513 0.771653 0.165568 0.771653 0.165568 0.814206 0.142513 0.814206 0.142513 0.771653
13 0.775442 0.773149 0.798497 0.773149 0.798497 0.815702 0.775442 0.815702 0.775442 0.773149
13 0.841343 0.192372 0.864398 0.192372 0.864398 0.234925 0.841343 0.234925 0.841343 0.192372
13 0.208473 0.192201 0.231527 0.192201 0.231527 0.234754 0.208473 0.234754 0.208473 0.192201
9 0.154033 0.803568 0.154048 0.782291 0.786977 0.783787 0.786962 0.805064 
9 0.847229 0.211468 0.858512 0.215830 0.792611 0.796606 0.781328 0.792245 
9 0.219999 0.224116 0.220001 0.202839 0.852871 0.203011 0.852870 0.224287 
9 0.214359 0.211290 0.225641 0.215665 0.159681 0.795117 0.148400 0.790742 
18 0.490965 0.605915 0.794828 0.605915 0.794828 0.769129 0.490965 0.769129
22 0.140401 0.063315 0.222331 0.063315 0.222331 0.201875 0.140401 0.201875
18 0.176234 0.612964 0.324546 0.612964 0.324546 0.761615 0.176234 0.761615
22 0.788348 0.791237 0.851705 0.791237 0.851705 0.925446 0.788348 0.925446
22 0.855842 0.065622 0.925419 0.065622 0.925419 0.202020 0.855842 0.202020
22 0.075181 0.790343 0.144351 0.790343 0.144351 0.929002 0.075181 0.929002
