13 0.074690 0.750121 0.110889 0.750121 0.110889 0.805677 0.074690 0.805677 0.074690 0.750121
13 0.495444 0.752328 0.531643 0.752328 0.531643 0.807884 0.495444 0.807884 0.495444 0.752328
13 0.915075 0.750181 0.951275 0.750181 0.951275 0.805737 0.915075 0.805737 0.915075 0.750181
13 0.789736 0.296032 0.825935 0.296032 0.825935 0.351587 0.789736 0.351587 0.789736 0.296032
13 0.491732 0.100113 0.527931 0.100113 0.527931 0.155669 0.491732 0.155669 0.491732 0.100113
13 0.193867 0.289916 0.230066 0.289916 0.230066 0.345472 0.193867 0.345472 0.193867 0.289916
9 0.092789 0.791788 0.092790 0.764010 0.933175 0.764070 0.933175 0.791848 
9 0.205570 0.327520 0.218363 0.307869 0.519940 0.770280 0.507147 0.789931 
9 0.500782 0.128012 0.518881 0.127770 0.522593 0.779985 0.504494 0.780227 
9 0.801404 0.314039 0.814268 0.333580 0.519975 0.789876 0.507112 0.770335 
