13 0.063525 0.171783 0.080475 0.171783 0.080475 0.202318 0.063525 0.202318 0.063525 0.171783
13 0.884325 0.171783 0.901275 0.171783 0.901275 0.202318 0.884325 0.202318 0.884325 0.171783
13 0.678325 0.817107 0.695275 0.817107 0.695275 0.847641 0.678325 0.847641 0.678325 0.817107
13 0.270725 0.819265 0.287675 0.819265 0.287675 0.849800 0.270725 0.849800 0.270725 0.819265
9 0.072000 0.194684 0.072000 0.179417 0.892800 0.179417 0.892800 0.194684 
9 0.279212 0.842166 0.279188 0.826899 0.686788 0.824741 0.686812 0.840008 
9 0.068329 0.190863 0.075671 0.183238 0.282871 0.830720 0.275529 0.838345 
9 0.889127 0.183245 0.896473 0.190856 0.690473 0.836180 0.683127 0.828569 
22 0.033898 0.057252 0.078390 0.057252 0.078390 0.152672 0.033898 0.152672
22 0.889831 0.057252 0.934322 0.057252 0.934322 0.152672 0.889831 0.152672
10 0.449153 0.145038 0.506356 0.145038 0.506356 0.229008 0.449153 0.229008
18 0.781780 0.198473 0.855932 0.198473 0.855932 0.297710 0.781780 0.297710
2 0.146186 0.473282 0.203390 0.473282 0.203390 0.553435 0.146186 0.553435
2 0.758475 0.473282 0.815678 0.473282 0.815678 0.557252 0.758475 0.557252
10 0.449153 0.793893 0.506356 0.793893 0.506356 0.874046 0.449153 0.874046
22 0.241525 0.858779 0.286017 0.858779 0.286017 0.958015 0.241525 0.958015
22 0.677966 0.862595 0.726695 0.862595 0.726695 0.961832 0.677966 0.961832
