13 0.058553 0.889568 0.079225 0.889568 0.079225 0.916146 0.058553 0.916146 0.058553 0.889568
13 0.921812 0.889568 0.942484 0.889568 0.942484 0.916146 0.921812 0.916146 0.921812 0.889568
13 0.498997 0.064425 0.519669 0.064425 0.519669 0.091003 0.498997 0.091003 0.498997 0.064425
13 0.058553 0.069568 0.079225 0.069568 0.079225 0.096146 0.058553 0.096146 0.058553 0.069568
9 0.505072 0.073954 0.513594 0.081474 0.073150 0.906617 0.064628 0.899097 
9 0.063721 0.076213 0.074057 0.076213 0.074057 0.909502 0.063721 0.909502 
9 0.068889 0.909502 0.068889 0.896213 0.932148 0.896213 0.932148 0.909502 
12 0.047895 0.763250 0.168501 0.763250 0.168501 0.922389 0.047895 0.922389
18 0.172960 0.749642 0.300294 0.749642 0.300294 0.860128 0.172960 0.860128
18 0.077407 0.609053 0.177345 0.609053 0.177345 0.719750 0.077407 0.719750
