13 0.288042 0.056611 0.329493 0.056611 0.329493 0.087983 0.288042 0.087983 0.288042 0.056611
13 0.083973 0.286647 0.125423 0.286647 0.125423 0.318019 0.083973 0.318019 0.083973 0.286647
13 0.285148 0.283361 0.326599 0.283361 0.326599 0.314733 0.285148 0.314733 0.285148 0.283361
13 0.489218 0.285552 0.530668 0.285552 0.530668 0.316924 0.489218 0.316924 0.489218 0.285552
13 0.286595 0.676613 0.328046 0.676613 0.328046 0.707986 0.286595 0.707986 0.286595 0.676613
9 0.295488 0.073345 0.316213 0.073294 0.318879 0.694825 0.298154 0.694876 
9 0.097706 0.308019 0.117026 0.302340 0.319065 0.696047 0.299746 0.701726 
9 0.505423 0.301637 0.524670 0.307456 0.317251 0.700451 0.298005 0.694632 
9 0.103956 0.307846 0.104258 0.292161 0.515198 0.296704 0.514895 0.312389 
9 0.299977 0.068203 0.317056 0.077090 0.111757 0.303101 0.094679 0.294215 
9 0.299055 0.077725 0.316201 0.068914 0.523620 0.300141 0.506473 0.308952 
8 0.709845 0.058824 0.761658 0.058824 0.761658 0.129412 0.709845 0.129412
8 0.709845 0.639216 0.761658 0.639216 0.761658 0.709804 0.709845 0.709804
8 0.082902 0.823529 0.176166 0.823529 0.176166 0.866667 0.082902 0.866667
8 0.440415 0.827451 0.533679 0.827451 0.533679 0.866667 0.440415 0.866667
19 0.601036 0.333333 0.901554 0.333333 0.901554 0.423529 0.601036 0.423529
19 0.160622 0.725490 0.455959 0.725490 0.455959 0.815686 0.160622 0.815686
