13 0.124833 0.657886 0.141093 0.657886 0.141093 0.688894 0.124833 0.688894 0.124833 0.657886
13 0.150203 0.420802 0.166463 0.420802 0.166463 0.451810 0.150203 0.451810 0.150203 0.420802
13 0.175595 0.179326 0.191856 0.179326 0.191856 0.210333 0.175595 0.210333 0.175595 0.179326
13 0.705988 0.180450 0.722248 0.180450 0.722248 0.211457 0.705988 0.211457 0.705988 0.180450
13 0.811870 0.420802 0.828130 0.420802 0.828130 0.451810 0.811870 0.451810 0.811870 0.420802
13 0.915595 0.657033 0.931856 0.657033 0.931856 0.688040 0.915595 0.688040 0.915595 0.657033
9 0.183721 0.202581 0.183730 0.187078 0.714122 0.188202 0.714113 0.203705 
9 0.158333 0.444058 0.158333 0.428554 0.820000 0.428554 0.820000 0.444058 
9 0.132965 0.681142 0.132961 0.665638 0.923723 0.664785 0.923728 0.680288 
9 0.179741 0.193293 0.187710 0.196366 0.136947 0.674927 0.128979 0.671853 
9 0.711003 0.200935 0.717232 0.190972 0.926840 0.667555 0.920611 0.677518 
5 0.734314 0.255280 0.798554 0.255280 0.798554 0.367851 0.734314 0.367851
5 0.839744 0.495789 0.903714 0.495789 0.903714 0.608011 0.839744 0.608011
2 0.137658 0.277737 0.204013 0.277737 0.204013 0.350186 0.137658 0.350186
2 0.111968 0.517007 0.177607 0.517007 0.177607 0.590175 0.111968 0.590175
19 0.465790 0.686762 0.559203 0.686762 0.559203 0.782125 0.465790 0.782125
22 0.844980 0.370865 0.895426 0.370865 0.895426 0.474183 0.844980 0.474183
22 0.068987 0.680165 0.118905 0.680165 0.118905 0.785373 0.068987 0.785373
22 0.921699 0.683727 0.965248 0.683727 0.965248 0.783293 0.921699 0.783293
22 0.097773 0.372795 0.138455 0.372795 0.138455 0.476928 0.097773 0.476928
19 0.460784 0.310159 0.517473 0.310159 0.517473 0.407430 0.460784 0.407430
22 0.145897 0.067765 0.192913 0.067765 0.192913 0.170945 0.145897 0.170945
22 0.715339 0.069537 0.767255 0.069537 0.767255 0.172871 0.715339 0.172871
19 0.429555 0.093380 0.466693 0.093380 0.466693 0.173632 0.429555 0.173632
