13 0.623446 0.120083 0.645304 0.120083 0.645304 0.141646 0.623446 0.141646 0.623446 0.120083
13 0.382040 0.358817 0.403898 0.358817 0.403898 0.380380 0.382040 0.380380 0.382040 0.358817
13 0.863290 0.358817 0.885148 0.358817 0.885148 0.380380 0.863290 0.380380 0.863290 0.358817
13 0.139071 0.595920 0.160929 0.595920 0.160929 0.617484 0.139071 0.617484 0.139071 0.595920
13 0.620321 0.595391 0.642179 0.595391 0.642179 0.616955 0.620321 0.616955 0.620321 0.595391
13 0.382040 0.834126 0.403898 0.834126 0.403898 0.855689 0.382040 0.855689 0.382040 0.834126
9 0.153856 0.610522 0.146144 0.602882 0.630519 0.127044 0.638231 0.134684 
9 0.870353 0.365789 0.878085 0.373408 0.396835 0.848717 0.389103 0.841098 
9 0.630494 0.134659 0.638256 0.127069 0.878100 0.365804 0.870338 0.373394 
9 0.389092 0.373398 0.396845 0.365799 0.635126 0.602373 0.627374 0.609973 
9 0.146148 0.610526 0.153852 0.602878 0.396821 0.841084 0.389117 0.848731 
3 0.680332 0.723435 0.671060 0.778250 0.644249 0.827125 0.602804 0.864763 0.551217 0.887086 0.495078 0.891675 0.440470 0.878033 0.393311 0.847638 0.358711 0.803783 0.340420 0.751222 0.340420 0.695649 0.358711 0.643087 0.393311 0.599233 0.440470 0.568838 0.495078 0.555195 0.551217 0.559784 0.602804 0.582108 0.644249 0.619746 0.671060 0.668621 0.680332 0.723435
3 0.678396 0.247259 0.669221 0.301500 0.642691 0.349863 0.601680 0.387107 0.550633 0.409197 0.495081 0.413738 0.441045 0.400238 0.394380 0.370161 0.360142 0.326766 0.342043 0.274755 0.342043 0.219764 0.360142 0.167753 0.394380 0.124357 0.441045 0.094280 0.495081 0.080781 0.550633 0.085322 0.601680 0.107412 0.642691 0.144656 0.669221 0.193019 0.678396 0.247259
22 0.657484 0.045040 0.730287 0.045040 0.730287 0.136851 0.657484 0.136851
22 0.267860 0.320749 0.339113 0.320749 0.339113 0.410657 0.267860 0.410657
22 0.898411 0.320812 0.970638 0.320812 0.970638 0.411628 0.898411 0.411628
22 0.038680 0.558728 0.114780 0.558728 0.114780 0.649743 0.038680 0.649743
22 0.671747 0.558187 0.739612 0.558187 0.739612 0.649622 0.671747 0.649622
22 0.286502 0.843284 0.356515 0.843284 0.356515 0.934717 0.286502 0.934717
