13 0.127023 0.730496 0.144227 0.730496 0.144227 0.767705 0.127023 0.767705 0.127023 0.730496
13 0.652770 0.730443 0.669975 0.730443 0.669975 0.767652 0.652770 0.767652 0.652770 0.730443
13 0.888805 0.215208 0.906010 0.215208 0.906010 0.252418 0.888805 0.252418 0.888805 0.215208
13 0.363065 0.215208 0.380269 0.215208 0.380269 0.252418 0.363065 0.252418 0.363065 0.215208
9 0.135625 0.758403 0.135625 0.739798 0.661372 0.739745 0.661373 0.758350 
9 0.894352 0.227266 0.900463 0.240360 0.664428 0.755595 0.658317 0.742501 
9 0.371667 0.243115 0.371667 0.224511 0.897407 0.224511 0.897407 0.243115 
9 0.368611 0.227266 0.374722 0.240360 0.138680 0.755648 0.132570 0.742554 
18 0.493390 0.566098 0.691818 0.566098 0.691818 0.702435 0.493390 0.702435
18 0.363154 0.255243 0.558936 0.255243 0.558936 0.389407 0.363154 0.389407
18 0.763019 0.255822 0.814799 0.255822 0.814799 0.379808 0.763019 0.379808
22 0.872067 0.081571 0.921618 0.081571 0.921618 0.200308 0.872067 0.200308
18 0.200550 0.591715 0.249056 0.591715 0.249056 0.715065 0.200550 0.715065
22 0.105612 0.763353 0.152976 0.763353 0.152976 0.882277 0.105612 0.882277
22 0.351924 0.080457 0.404546 0.080457 0.404546 0.199533 0.351924 0.199533
22 0.615436 0.762126 0.682265 0.762126 0.682265 0.881569 0.615436 0.881569
