13 0.046554 0.088259 0.073672 0.088259 0.073672 0.119632 0.046554 0.119632 0.046554 0.088259
13 0.210736 0.090980 0.237855 0.090980 0.237855 0.122353 0.210736 0.122353 0.210736 0.090980
13 0.552320 0.090980 0.579439 0.090980 0.579439 0.122353 0.552320 0.122353 0.552320 0.090980
13 0.727724 0.089158 0.754842 0.089158 0.754842 0.120531 0.727724 0.120531 0.727724 0.089158
13 0.725415 0.285786 0.752533 0.285786 0.752533 0.317158 0.725415 0.317158 0.725415 0.285786
13 0.724965 0.678859 0.752083 0.678859 0.752083 0.710232 0.724965 0.710232 0.724965 0.678859
13 0.726540 0.872885 0.753658 0.872885 0.753658 0.904258 0.726540 0.904258 0.726540 0.872885
13 0.552117 0.871171 0.579236 0.871171 0.579236 0.902543 0.552117 0.902543 0.552117 0.871171
13 0.210533 0.871171 0.237652 0.871171 0.237652 0.902543 0.210533 0.902543 0.210533 0.871171
13 0.047784 0.873009 0.074902 0.873009 0.074902 0.904382 0.047784 0.904382 0.047784 0.873009
13 0.044514 0.669588 0.071632 0.669588 0.071632 0.700961 0.044514 0.700961 0.044514 0.669588
13 0.045316 0.280436 0.072435 0.280436 0.072435 0.311809 0.045316 0.311809 0.045316 0.280436
13 0.211589 0.482142 0.238708 0.482142 0.238708 0.513515 0.211589 0.513515 0.211589 0.482142
13 0.551579 0.482058 0.578697 0.482058 0.578697 0.513431 0.551579 0.513431 0.551579 0.482058
13 0.383470 0.286599 0.410589 0.286599 0.410589 0.317972 0.383470 0.317972 0.383470 0.286599
13 0.383563 0.673778 0.410682 0.673778 0.410682 0.705151 0.383563 0.705151 0.383563 0.673778
9 0.053334 0.103960 0.066893 0.103931 0.068123 0.888681 0.054563 0.888710 
9 0.060105 0.111789 0.060121 0.096102 0.741291 0.097002 0.741275 0.112688 
9 0.734503 0.104831 0.748062 0.104858 0.746879 0.888585 0.733319 0.888558 
9 0.061344 0.896539 0.061342 0.880853 0.740098 0.880728 0.740100 0.896415 
3 0.735379 0.300375 0.726243 0.363718 0.699822 0.420196 0.658982 0.463690 0.608147 0.489486 0.552826 0.494789 0.499013 0.479025 0.452542 0.443901 0.418446 0.393223 0.400422 0.332485 0.400422 0.268266 0.418446 0.207528 0.452542 0.156850 0.499013 0.121726 0.552826 0.105962 0.608147 0.111265 0.658982 0.137061 0.699822 0.180555 0.726243 0.237033 0.735379 0.300375
3 0.392948 0.303504 0.383851 0.366567 0.357548 0.422796 0.316887 0.466098 0.266276 0.491781 0.211199 0.497060 0.157625 0.481365 0.111358 0.446396 0.077413 0.395943 0.059468 0.335472 0.059468 0.271537 0.077413 0.211066 0.111358 0.160612 0.157625 0.125643 0.211199 0.109948 0.266276 0.115228 0.316887 0.140910 0.357548 0.184212 0.383851 0.240441 0.392948 0.303504
3 0.392773 0.691489 0.383637 0.754825 0.357220 0.811298 0.316383 0.854788 0.265553 0.880581 0.210238 0.885884 0.156431 0.870121 0.109964 0.835000 0.075872 0.784328 0.057850 0.723595 0.057850 0.659383 0.075872 0.598651 0.109964 0.547979 0.156431 0.512858 0.210238 0.497095 0.265553 0.502398 0.316383 0.528191 0.357220 0.571681 0.383637 0.628153 0.392773 0.691489
3 0.734732 0.691489 0.725631 0.754589 0.699312 0.810850 0.658628 0.854177 0.607988 0.879874 0.552879 0.885157 0.499273 0.869453 0.452980 0.834464 0.419016 0.783981 0.401060 0.723475 0.401060 0.659503 0.419016 0.598998 0.452980 0.548515 0.499273 0.513526 0.552879 0.497822 0.607988 0.503104 0.658628 0.528802 0.699312 0.572129 0.725631 0.628390 0.734732 0.691489
1 0.823729 0.090196 0.871186 0.090196 0.871186 0.415686 0.823729 0.415686
1 0.813559 0.564706 0.877966 0.564706 0.877966 0.901961 0.813559 0.901961
8 0.824298 0.815975 0.870342 0.815975 0.870342 0.904625 0.824298 0.904625
8 0.823905 0.088617 0.869771 0.088617 0.869771 0.178511 0.823905 0.178511
19 0.810567 0.436846 0.879930 0.436846 0.879930 0.544294 0.810567 0.544294
