13 0.487854 0.707560 0.507414 0.707560 0.507414 0.737635 0.487854 0.737635 0.487854 0.707560
13 0.861141 0.192899 0.880701 0.192899 0.880701 0.222974 0.861141 0.222974 0.861141 0.192899
13 0.114313 0.193126 0.133873 0.193126 0.133873 0.223201 0.114313 0.223201 0.114313 0.193126
9 0.500899 0.728195 0.494370 0.716999 0.867657 0.202339 0.874186 0.213534 
9 0.124094 0.215682 0.124092 0.200644 0.870920 0.200418 0.870922 0.215455 
9 0.120830 0.213764 0.127355 0.202563 0.500897 0.716997 0.494372 0.728198 
22 0.053706 0.108713 0.115014 0.108713 0.115014 0.233457 0.053706 0.233457
22 0.889653 0.112535 0.958008 0.112535 0.958008 0.238875 0.889653 0.238875
18 0.242738 0.234418 0.362823 0.234418 0.362823 0.354111 0.242738 0.354111
2 0.618988 0.426919 0.700423 0.426919 0.700423 0.557384 0.618988 0.557384
2 0.292469 0.428605 0.374671 0.428605 0.374671 0.558764 0.292469 0.558764
22 0.465125 0.762996 0.532254 0.762996 0.532254 0.886893 0.465125 0.886893
18 0.643238 0.233918 0.762995 0.233918 0.762995 0.353071 0.643238 0.353071
