13 0.114389 0.200151 0.134591 0.200151 0.134591 0.228420 0.114389 0.228420 0.114389 0.200151
13 0.525953 0.319199 0.546155 0.319199 0.546155 0.347468 0.525953 0.347468 0.525953 0.319199
13 0.383176 0.637294 0.403378 0.637294 0.403378 0.665563 0.383176 0.665563 0.383176 0.637294
13 0.868094 0.642106 0.888296 0.642106 0.888296 0.670375 0.868094 0.670375 0.868094 0.642106
13 0.160367 0.678639 0.180569 0.678639 0.180569 0.706907 0.160367 0.706907 0.160367 0.678639
13 0.661328 0.765866 0.681530 0.765866 0.681530 0.794134 0.661328 0.794134 0.661328 0.765866
9 0.120661 0.218895 0.128318 0.209676 0.397106 0.646819 0.389449 0.656038 
9 0.171132 0.699779 0.169804 0.685767 0.392613 0.644423 0.393941 0.658434 
9 0.119484 0.215227 0.129495 0.213344 0.175474 0.691831 0.165463 0.693715 
9 0.533230 0.339192 0.538879 0.327474 0.881020 0.650382 0.875371 0.662100 
9 0.673415 0.786498 0.669442 0.773502 0.876209 0.649743 0.880182 0.662738 
9 0.531405 0.336093 0.540704 0.330574 0.676078 0.777241 0.666779 0.782759 
0 0.153494 0.584003 0.241399 0.584003 0.241399 0.692616 0.153494 0.692616
0 0.638566 0.670811 0.736711 0.670811 0.736711 0.759315 0.638566 0.759315
2 0.214518 0.372901 0.301133 0.372901 0.301133 0.479640 0.214518 0.479640
2 0.671888 0.429327 0.740970 0.429327 0.740970 0.556989 0.671888 0.556989
5 0.736098 0.637793 0.813938 0.637793 0.813938 0.790258 0.736098 0.790258
5 0.248139 0.589885 0.314646 0.589885 0.314646 0.744759 0.248139 0.744759
22 0.097606 0.704468 0.166004 0.704468 0.166004 0.830690 0.097606 0.830690
22 0.406290 0.630728 0.477751 0.630728 0.477751 0.762138 0.406290 0.762138
22 0.471457 0.188032 0.547804 0.188032 0.547804 0.312448 0.471457 0.312448
22 0.628147 0.808476 0.694614 0.808476 0.694614 0.938519 0.628147 0.938519
22 0.900682 0.589959 0.964291 0.589959 0.964291 0.716579 0.900682 0.716579
22 0.037508 0.061998 0.115150 0.061998 0.115150 0.186248 0.037508 0.186248
