13 0.632508 0.126159 0.659627 0.126159 0.659627 0.153841 0.632508 0.153841 0.632508 0.126159
13 0.287002 0.501715 0.314121 0.501715 0.314121 0.529396 0.287002 0.529396 0.287002 0.501715
13 0.557492 0.540445 0.584610 0.540445 0.584610 0.568127 0.557492 0.568127 0.557492 0.540445
13 0.805778 0.575633 0.832897 0.575633 0.832897 0.603315 0.805778 0.603315 0.805778 0.575633
13 0.082833 0.724204 0.109952 0.724204 0.109952 0.751886 0.082833 0.751886 0.082833 0.724204
13 0.513906 0.787746 0.541025 0.787746 0.541025 0.815428 0.513906 0.815428 0.513906 0.787746
13 0.911424 0.846327 0.938543 0.846327 0.938543 0.874009 0.911424 0.874009 0.911424 0.846327
9 0.641123 0.135265 0.651012 0.144735 0.101337 0.742780 0.091448 0.733310 
9 0.639763 0.142544 0.652372 0.137456 0.931288 0.857624 0.918679 0.862712 
9 0.095424 0.744894 0.097362 0.731196 0.925952 0.853319 0.924015 0.867017 
9 0.639398 0.138754 0.652736 0.141246 0.534135 0.802833 0.520797 0.800342 
9 0.299625 0.522410 0.301499 0.508702 0.820275 0.582620 0.818400 0.596328 
22 0.600043 0.012048 0.698492 0.012048 0.698492 0.117824 0.600043 0.117824
22 0.191212 0.427491 0.281591 0.427491 0.281591 0.535111 0.191212 0.535111
22 0.458732 0.416993 0.568384 0.416993 0.568384 0.525045 0.458732 0.525045
22 0.832873 0.518304 0.924083 0.518304 0.924083 0.626189 0.832873 0.626189
22 0.036480 0.760499 0.135851 0.760499 0.135851 0.872028 0.036480 0.872028
22 0.464184 0.821280 0.564829 0.821280 0.564829 0.929897 0.464184 0.929897
22 0.861932 0.874949 0.962445 0.874949 0.962445 0.983915 0.861932 0.983915
