13 0.102455 0.466091 0.118749 0.466091 0.118749 0.483909 0.102455 0.483909 0.102455 0.466091
13 0.253633 0.467010 0.269927 0.467010 0.269927 0.484827 0.253633 0.484827 0.253633 0.467010
13 0.394995 0.465377 0.411288 0.465377 0.411288 0.483194 0.394995 0.483194 0.394995 0.465377
13 0.542246 0.466091 0.558539 0.466091 0.558539 0.483909 0.542246 0.483909 0.542246 0.466091
13 0.688843 0.466091 0.705136 0.466091 0.705136 0.483909 0.688843 0.483909 0.688843 0.466091
13 0.252979 0.746091 0.269272 0.746091 0.269272 0.763909 0.252979 0.763909 0.252979 0.746091
13 0.541592 0.742520 0.557885 0.742520 0.557885 0.760337 0.541592 0.760337 0.541592 0.742520
13 0.542246 0.190377 0.558539 0.190377 0.558539 0.208194 0.542246 0.208194 0.542246 0.190377
13 0.254288 0.186091 0.270581 0.186091 0.270581 0.203909 0.254288 0.203909 0.254288 0.186091
9 0.110602 0.479454 0.110602 0.470546 0.696990 0.470546 0.696990 0.479454 
9 0.546319 0.199280 0.554466 0.199291 0.553812 0.751434 0.545665 0.751423 
9 0.258361 0.194989 0.266508 0.195011 0.265199 0.755011 0.257052 0.754989 
3 0.694865 0.473158 0.678963 0.577366 0.632981 0.670281 0.561902 0.741835 0.473427 0.784274 0.377146 0.792998 0.283490 0.767063 0.202610 0.709278 0.143270 0.625907 0.111900 0.525982 0.111900 0.420333 0.143270 0.320409 0.202610 0.237037 0.283490 0.179253 0.377146 0.153318 0.473427 0.162042 0.561902 0.204481 0.632981 0.276035 0.678963 0.368950 0.694865 0.473158
12 0.472378 0.459949 0.562016 0.459949 0.562016 0.558055 0.472378 0.558055
12 0.246947 0.461175 0.337506 0.461175 0.337506 0.558425 0.246947 0.558425
1 0.556008 0.224944 0.678208 0.224944 0.678208 0.369710 0.556008 0.369710
7 0.555980 0.334002 0.590740 0.334002 0.590740 0.365862 0.555980 0.365862
22 0.204947 0.776014 0.283576 0.776014 0.283576 0.872136 0.204947 0.872136
22 0.200843 0.078071 0.278734 0.078071 0.278734 0.173700 0.200843 0.173700
22 0.511798 0.077743 0.591715 0.077743 0.591715 0.173461 0.511798 0.173461
19 0.279067 0.576045 0.373854 0.576045 0.373854 0.666097 0.279067 0.666097
22 0.519520 0.775649 0.595182 0.775649 0.595182 0.872342 0.519520 0.872342
19 0.640708 0.135418 0.917616 0.135418 0.917616 0.236298 0.640708 0.236298
22 0.273578 0.365036 0.351310 0.365036 0.351310 0.459980 0.273578 0.459980
22 0.466854 0.364831 0.539898 0.364831 0.539898 0.459173 0.466854 0.459173
