13 0.400604 0.028129 0.425682 0.028129 0.425682 0.055621 0.400604 0.055621 0.400604 0.028129
13 0.688144 0.022887 0.713222 0.022887 0.713222 0.050378 0.688144 0.050378 0.688144 0.022887
13 0.503944 0.232408 0.529023 0.232408 0.529023 0.259900 0.503944 0.259900 0.503944 0.232408
13 0.919226 0.312199 0.944305 0.312199 0.944305 0.339690 0.919226 0.339690 0.919226 0.312199
13 0.076032 0.351879 0.101111 0.351879 0.101111 0.379371 0.076032 0.379371 0.076032 0.351879
13 0.241087 0.519908 0.266166 0.519908 0.266166 0.547400 0.241087 0.547400 0.241087 0.519908
13 0.677461 0.577921 0.702539 0.577921 0.702539 0.605412 0.677461 0.605412 0.677461 0.577921
13 0.104551 0.662633 0.129629 0.662633 0.129629 0.690124 0.104551 0.690124 0.104551 0.662633
13 0.493175 0.776879 0.518253 0.776879 0.518253 0.804371 0.493175 0.804371 0.493175 0.776879
13 0.782699 0.790421 0.807777 0.790421 0.807777 0.817912 0.782699 0.817912 0.782699 0.790421
13 0.357317 0.922742 0.382396 0.922742 0.382396 0.950233 0.357317 0.950233 0.357317 0.922742
13 0.639604 0.929223 0.664682 0.929223 0.664682 0.956714 0.639604 0.956714 0.639604 0.929223
9 0.407648 0.045185 0.418638 0.038565 0.800733 0.800857 0.789743 0.807476 
9 0.084291 0.370646 0.092852 0.360604 0.656424 0.937947 0.647862 0.947990 
9 0.122746 0.679898 0.113913 0.670142 0.698744 0.033792 0.707578 0.043548 
9 0.372411 0.940689 0.363584 0.930927 0.926732 0.319026 0.935560 0.328788 
10 0.573668 0.085911 0.661442 0.085911 0.661442 0.178694 0.573668 0.178694
16 0.498433 0.127148 0.548589 0.127148 0.548589 0.202749 0.498433 0.202749
16 0.438871 0.195876 0.489028 0.195876 0.489028 0.274914 0.438871 0.274914
16 0.532915 0.216495 0.583072 0.216495 0.583072 0.292096 0.532915 0.292096
16 0.482759 0.268041 0.529781 0.268041 0.529781 0.343643 0.482759 0.343643
10 0.802508 0.371134 0.893417 0.371134 0.893417 0.463918 0.802508 0.463918
16 0.225705 0.426117 0.272727 0.426117 0.272727 0.501718 0.225705 0.501718
16 0.655172 0.460481 0.730408 0.460481 0.730408 0.536082 0.655172 0.536082
16 0.288401 0.487973 0.338558 0.487973 0.338558 0.563574 0.288401 0.563574
16 0.169279 0.491409 0.213166 0.491409 0.213166 0.567010 0.169279 0.567010
16 0.589342 0.539519 0.658307 0.539519 0.658307 0.615120 0.589342 0.615120
16 0.225705 0.553265 0.272727 0.553265 0.272727 0.632302 0.225705 0.632302
16 0.708464 0.556701 0.783699 0.556701 0.783699 0.635739 0.708464 0.635739
20 0.028213 0.611684 0.103448 0.611684 0.103448 0.683849 0.028213 0.683849
16 0.639498 0.635739 0.711599 0.635739 0.711599 0.711340 0.639498 0.711340
16 0.467085 0.673540 0.542320 0.673540 0.542320 0.749141 0.467085 0.749141
20 0.793103 0.728522 0.843260 0.728522 0.843260 0.804124 0.793103 0.804124
16 0.539185 0.745704 0.611285 0.745704 0.611285 0.824742 0.539185 0.824742
16 0.423197 0.752577 0.470219 0.752577 0.470219 0.828179 0.423197 0.828179
16 0.467085 0.824742 0.539185 0.824742 0.539185 0.900344 0.467085 0.900344
20 0.300940 0.862543 0.360502 0.862543 0.360502 0.934708 0.300940 0.934708
20 0.642633 0.865979 0.695925 0.865979 0.695925 0.948454 0.642633 0.948454
