13 0.100876 0.194793 0.122040 0.194793 0.122040 0.223778 0.100876 0.223778 0.100876 0.194793
13 0.854124 0.194919 0.875288 0.194919 0.875288 0.223905 0.854124 0.223905 0.854124 0.194919
13 0.479001 0.478206 0.500165 0.478206 0.500165 0.507191 0.479001 0.507191 0.479001 0.478206
13 0.854001 0.763920 0.875165 0.763920 0.875165 0.792905 0.854001 0.792905 0.854001 0.763920
13 0.101041 0.766259 0.122205 0.766259 0.122205 0.795245 0.101041 0.795245 0.101041 0.766259
9 0.111635 0.787998 0.111611 0.773506 0.864571 0.771166 0.864595 0.785659 
9 0.859415 0.209410 0.869997 0.209414 0.869874 0.778415 0.859292 0.778411 
9 0.114187 0.787091 0.109059 0.774413 0.862142 0.203073 0.867270 0.215751 
9 0.106167 0.209289 0.116749 0.209283 0.116914 0.780749 0.106332 0.780755 
9 0.108902 0.215630 0.114014 0.202941 0.867139 0.772068 0.862027 0.784757 
2 0.054404 0.470889 0.171243 0.470889 0.171243 0.521089 0.054404 0.521089
2 0.805291 0.466361 0.922011 0.466361 0.922011 0.522584 0.805291 0.522584
12 0.753626 0.620173 0.881045 0.620173 0.881045 0.795547 0.753626 0.795547
12 0.094303 0.621702 0.222484 0.621702 0.222484 0.797415 0.094303 0.797415
22 0.039453 0.807190 0.090469 0.807190 0.090469 0.932844 0.039453 0.932844
22 0.046063 0.062084 0.114408 0.062084 0.114408 0.188562 0.046063 0.188562
22 0.869290 0.056873 0.948934 0.056873 0.948934 0.187583 0.869290 0.187583
22 0.868249 0.805731 0.949159 0.805731 0.949159 0.935282 0.868249 0.935282
