13 0.210246 0.745238 0.229569 0.745238 0.229569 0.769048 0.210246 0.769048 0.210246 0.745238
13 0.751378 0.740183 0.770702 0.740183 0.770702 0.763993 0.751378 0.763993 0.751378 0.740183
13 0.478230 0.265897 0.497554 0.265897 0.497554 0.289707 0.478230 0.289707 0.478230 0.265897
9 0.219944 0.763095 0.219871 0.751191 0.761003 0.746136 0.761077 0.758040 
9 0.483952 0.281247 0.491832 0.274357 0.764980 0.748643 0.757100 0.755533 
9 0.483913 0.274426 0.491870 0.281179 0.223886 0.760520 0.215929 0.753766 
2 0.576579 0.475556 0.680839 0.475556 0.680839 0.582683 0.576579 0.582683
2 0.293259 0.475499 0.397983 0.475499 0.397983 0.582963 0.293259 0.582963
18 0.413780 0.397922 0.554790 0.397922 0.554790 0.523779 0.413780 0.523779
22 0.788413 0.714260 0.867945 0.714260 0.867945 0.841100 0.788413 0.841100
22 0.113525 0.716149 0.199930 0.716149 0.199930 0.844389 0.113525 0.844389
22 0.451117 0.118927 0.544396 0.118927 0.544396 0.243700 0.451117 0.243700
