13 0.348532 0.213710 0.364468 0.213710 0.364468 0.256720 0.348532 0.256720 0.348532 0.213710
13 0.098889 0.225806 0.114825 0.225806 0.114825 0.268817 0.098889 0.268817 0.098889 0.225806
13 0.836032 0.327957 0.851968 0.327957 0.851968 0.370968 0.836032 0.370968 0.836032 0.327957
13 0.644532 0.342742 0.660468 0.342742 0.660468 0.385753 0.644532 0.385753 0.644532 0.342742
13 0.080532 0.689516 0.096468 0.689516 0.096468 0.732527 0.080532 0.732527 0.080532 0.689516
13 0.631532 0.700269 0.647468 0.700269 0.647468 0.743280 0.631532 0.743280 0.631532 0.700269
13 0.449175 0.731183 0.465111 0.731183 0.465111 0.774194 0.449175 0.774194 0.449175 0.731183
13 0.914032 0.731183 0.929968 0.731183 0.929968 0.774194 0.914032 0.774194 0.914032 0.731183
9 0.088333 0.721765 0.088667 0.700278 0.457310 0.741945 0.456976 0.763431 
9 0.639339 0.732518 0.639661 0.711030 0.922161 0.741944 0.921839 0.763432 
9 0.106929 0.258063 0.106786 0.236561 0.356428 0.224464 0.356572 0.245966 
9 0.352972 0.240213 0.360028 0.230218 0.460670 0.747691 0.453615 0.757686 
9 0.652614 0.374996 0.652386 0.353499 0.843886 0.338714 0.844114 0.360211 
9 0.102896 0.246169 0.110819 0.248454 0.092462 0.712164 0.084538 0.709879 
9 0.840468 0.354439 0.847532 0.344486 0.925532 0.747712 0.918468 0.757665 
9 0.648535 0.363197 0.656465 0.365297 0.643465 0.722824 0.635535 0.720724 
22 0.059761 0.091398 0.105578 0.091398 0.105578 0.215054 0.059761 0.215054
22 0.358566 0.075269 0.386454 0.075269 0.386454 0.204301 0.358566 0.204301
22 0.850598 0.193548 0.896414 0.193548 0.896414 0.322581 0.850598 0.322581
22 0.597610 0.209677 0.647410 0.209677 0.647410 0.338710 0.597610 0.338710
4 0.292829 0.215054 0.382470 0.215054 0.382470 0.381720 0.292829 0.381720
0 0.095618 0.231183 0.155378 0.231183 0.155378 0.387097 0.095618 0.387097
18 0.137450 0.327957 0.203187 0.327957 0.203187 0.462366 0.137450 0.462366
4 0.792829 0.338710 0.864542 0.338710 0.864542 0.473118 0.792829 0.473118
0 0.641434 0.344086 0.701195 0.344086 0.701195 0.489247 0.641434 0.489247
18 0.105578 0.543011 0.173307 0.543011 0.173307 0.682796 0.105578 0.682796
18 0.792829 0.548387 0.860558 0.548387 0.860558 0.682796 0.792829 0.682796
23 0.376494 0.575269 0.438247 0.575269 0.438247 0.758065 0.376494 0.758065
23 0.844622 0.569892 0.904382 0.569892 0.904382 0.758065 0.844622 0.758065
7 0.641434 0.666667 0.665339 0.666667 0.665339 0.720430 0.641434 0.720430
22 0.029880 0.709677 0.077689 0.709677 0.077689 0.838710 0.029880 0.838710
22 0.456175 0.731183 0.492032 0.731183 0.492032 0.860215 0.456175 0.860215
22 0.601594 0.736559 0.637450 0.736559 0.637450 0.870968 0.601594 0.870968
22 0.924303 0.758065 0.972112 0.758065 0.972112 0.887097 0.924303 0.887097
18 0.221116 0.526882 0.400398 0.526882 0.400398 0.688172 0.221116 0.688172
18 0.687251 0.801075 0.840637 0.801075 0.840637 0.946237 0.687251 0.946237
