13 0.510676 0.494018 0.543462 0.494018 0.543462 0.531401 0.510676 0.531401 0.510676 0.494018
13 0.735530 0.174715 0.768317 0.174715 0.768317 0.212098 0.735530 0.212098 0.735530 0.174715
13 0.734607 0.493689 0.767393 0.493689 0.767393 0.531073 0.734607 0.531073 0.734607 0.493689
13 0.733273 0.819404 0.766060 0.819404 0.766060 0.856787 0.733273 0.856787 0.733273 0.819404
9 0.527080 0.522055 0.527058 0.503364 0.750989 0.503035 0.751011 0.521727 
9 0.743726 0.193369 0.760120 0.193444 0.757863 0.838133 0.741470 0.838058 
9 0.745532 0.187555 0.758315 0.199258 0.533460 0.518561 0.520678 0.506858 
9 0.520606 0.518457 0.533532 0.506961 0.756130 0.832347 0.743204 0.843843 
3 0.888446 0.510181 0.868808 0.644362 0.812022 0.764002 0.724243 0.856137 0.614982 0.910782 0.496079 0.922015 0.380420 0.888620 0.280537 0.814216 0.207255 0.706864 0.168515 0.578199 0.168515 0.442163 0.207255 0.313498 0.280537 0.206146 0.380420 0.131742 0.496079 0.098347 0.614982 0.109580 0.724243 0.164225 0.812022 0.256360 0.868808 0.376000 0.888446 0.510181
12 0.658601 0.405117 0.768330 0.405117 0.768330 0.532375 0.658601 0.532375
22 0.774835 0.445994 0.864513 0.445994 0.864513 0.562945 0.774835 0.562945
19 0.634978 0.577182 0.700663 0.577182 0.700663 0.687262 0.634978 0.687262
22 0.746661 0.836638 0.834053 0.836638 0.834053 0.951331 0.746661 0.951331
22 0.732820 0.053073 0.833981 0.053073 0.833981 0.170890 0.732820 0.170890
22 0.393240 0.462620 0.485318 0.462620 0.485318 0.584210 0.393240 0.584210
