13 0.476345 0.148509 0.507474 0.148509 0.507474 0.185206 0.476345 0.185206 0.476345 0.148509
13 0.189572 0.389393 0.220700 0.389393 0.220700 0.426091 0.189572 0.426091 0.189572 0.389393
13 0.762915 0.390985 0.794043 0.390985 0.794043 0.427682 0.762915 0.427682 0.762915 0.390985
13 0.299161 0.785080 0.330289 0.785080 0.330289 0.821777 0.299161 0.821777 0.299161 0.785080
13 0.654339 0.784509 0.685467 0.784509 0.685467 0.821206 0.654339 0.821206 0.654339 0.784509
9 0.314736 0.812603 0.314714 0.794254 0.669892 0.793683 0.669914 0.812031 
9 0.771079 0.406496 0.785879 0.412171 0.677303 0.805695 0.662502 0.800019 
9 0.487372 0.174310 0.496447 0.159404 0.783017 0.401880 0.773941 0.416787 
9 0.209652 0.415214 0.200620 0.400270 0.487394 0.159385 0.496425 0.174329 
9 0.197738 0.410589 0.212534 0.404894 0.322123 0.800581 0.307327 0.806276 
22 0.455836 0.013594 0.537569 0.013594 0.537569 0.140958 0.455836 0.140958
22 0.087970 0.326243 0.190366 0.326243 0.190366 0.458712 0.087970 0.458712
22 0.801469 0.326844 0.901801 0.326844 0.901801 0.457427 0.801469 0.457427
22 0.265595 0.817174 0.330255 0.817174 0.330255 0.940024 0.265595 0.940024
22 0.633417 0.816397 0.721610 0.816397 0.721610 0.939937 0.633417 0.939937
19 0.065554 0.542874 0.231934 0.542874 0.231934 0.662180 0.065554 0.662180
19 0.757861 0.544818 0.925601 0.544818 0.925601 0.662265 0.757861 0.662265
