13 0.167319 0.399503 0.220300 0.399503 0.220300 0.431631 0.167319 0.431631 0.167319 0.399503
13 0.752384 0.399761 0.805365 0.399761 0.805365 0.431889 0.752384 0.431889 0.752384 0.399761
13 0.464939 0.046436 0.517919 0.046436 0.517919 0.078564 0.464939 0.078564 0.464939 0.046436
13 0.463147 0.399462 0.516128 0.399462 0.516128 0.431591 0.463147 0.431591 0.463147 0.399462
13 0.168667 0.758712 0.221647 0.758712 0.221647 0.790841 0.168667 0.790841 0.168667 0.758712
13 0.750559 0.758811 0.803539 0.758811 0.803539 0.790939 0.750559 0.790939 0.750559 0.758811
9 0.195154 0.782808 0.195161 0.766744 0.777053 0.766843 0.777045 0.782907 
9 0.765629 0.415800 0.792119 0.415850 0.790294 0.774900 0.763804 0.774850 
9 0.180565 0.415585 0.207055 0.415549 0.208402 0.774758 0.181912 0.774795 
9 0.193800 0.423599 0.193819 0.407535 0.778884 0.407793 0.778865 0.423857 
9 0.478184 0.062475 0.504674 0.062525 0.502882 0.415551 0.476393 0.415502 
9 0.479635 0.058844 0.503222 0.066156 0.205603 0.419223 0.182016 0.411911 
9 0.479550 0.066054 0.503307 0.058946 0.790753 0.412271 0.766996 0.419379 
12 0.462445 0.326846 0.638866 0.326846 0.638866 0.428034 0.462445 0.428034
12 0.630735 0.397248 0.807945 0.397248 0.807945 0.505477 0.630735 0.505477
12 0.166662 0.680862 0.346353 0.680862 0.346353 0.792204 0.166662 0.792204
19 0.438148 0.806330 0.555574 0.806330 0.555574 0.903507 0.438148 0.903507
19 0.039642 0.554232 0.151540 0.554232 0.151540 0.650436 0.039642 0.650436
19 0.359480 0.224992 0.462463 0.224992 0.462463 0.320609 0.359480 0.320609
