13 0.297259 0.067627 0.323149 0.067627 0.323149 0.086540 0.297259 0.086540 0.297259 0.067627
13 0.154402 0.375960 0.180292 0.375960 0.180292 0.394873 0.154402 0.394873 0.154402 0.375960
13 0.785150 0.376933 0.811040 0.376933 0.811040 0.395845 0.785150 0.395845 0.785150 0.376933
13 0.153150 0.588044 0.179040 0.588044 0.179040 0.606956 0.153150 0.606956 0.153150 0.588044
13 0.784857 0.587980 0.810747 0.587980 0.810747 0.606892 0.784857 0.606892 0.784857 0.587980
13 0.642565 0.896794 0.668455 0.896794 0.668455 0.915706 0.642565 0.915706 0.642565 0.896794
9 0.305962 0.080654 0.314446 0.073512 0.802338 0.382818 0.793853 0.389960 
9 0.167333 0.390145 0.167361 0.380689 0.798109 0.381661 0.798082 0.391117 
9 0.304073 0.075568 0.316335 0.078599 0.173478 0.386932 0.161216 0.383901 
9 0.166096 0.602228 0.166094 0.592772 0.797801 0.592708 0.797803 0.602164 
9 0.791668 0.595928 0.803937 0.598944 0.661645 0.907758 0.649376 0.904742 
9 0.161865 0.601078 0.170326 0.593922 0.659741 0.902672 0.651280 0.909828 
22 0.070638 0.338307 0.145757 0.338307 0.145757 0.427173 0.070638 0.427173
22 0.813786 0.335744 0.911964 0.335744 0.911964 0.422371 0.813786 0.422371
22 0.212678 0.024473 0.288230 0.024473 0.288230 0.108497 0.212678 0.108497
22 0.058015 0.546317 0.151207 0.546317 0.151207 0.635508 0.058015 0.635508
22 0.820671 0.546740 0.943461 0.546740 0.943461 0.634852 0.820671 0.634852
22 0.682586 0.858682 0.769112 0.858682 0.769112 0.944066 0.682586 0.944066
0 0.260385 0.108816 0.409663 0.108816 0.409663 0.169370 0.260385 0.169370
0 0.555923 0.811686 0.703830 0.811686 0.703830 0.870555 0.555923 0.870555
4 0.213225 0.585765 0.295220 0.585765 0.295220 0.660873 0.213225 0.660873
4 0.666291 0.320712 0.752509 0.320712 0.752509 0.397400 0.666291 0.397400
5 0.478019 0.178201 0.623954 0.178201 0.623954 0.281792 0.478019 0.281792
5 0.337950 0.701105 0.481543 0.701105 0.481543 0.803910 0.337950 0.803910
