13 0.137625 0.815671 0.169245 0.815671 0.169245 0.855671 0.137625 0.855671 0.137625 0.815671
13 0.712697 0.815798 0.744317 0.815798 0.744317 0.855798 0.712697 0.855798 0.712697 0.815798
13 0.422418 0.455844 0.454039 0.455844 0.454039 0.495844 0.422418 0.495844 0.422418 0.455844
13 0.135992 0.103318 0.167613 0.103318 0.167613 0.143318 0.135992 0.143318 0.135992 0.103318
9 0.153433 0.845671 0.153436 0.825671 0.728508 0.825798 0.728505 0.845798 
9 0.143898 0.123347 0.159708 0.123289 0.161340 0.835642 0.145530 0.835700 
9 0.159021 0.842746 0.147848 0.828596 0.432642 0.468769 0.443815 0.482920 
9 0.146279 0.130472 0.157326 0.116164 0.734030 0.828644 0.722983 0.842952 
12 0.387528 0.459897 0.487628 0.459897 0.487628 0.591752 0.387528 0.591752
12 0.134827 0.731145 0.229128 0.731145 0.229128 0.856588 0.134827 0.856588
19 0.303502 0.206585 0.390129 0.206585 0.390129 0.311804 0.303502 0.311804
22 0.062942 0.040764 0.139057 0.040764 0.139057 0.151470 0.062942 0.151470
22 0.742540 0.782073 0.826124 0.782073 0.826124 0.892973 0.742540 0.892973
19 0.575053 0.536627 0.661863 0.536627 0.661863 0.641162 0.575053 0.641162
22 0.059849 0.779888 0.136370 0.779888 0.136370 0.894458 0.059849 0.894458
22 0.442993 0.356426 0.527021 0.356426 0.527021 0.467111 0.442993 0.467111
