13 0.184425 0.855497 0.206047 0.855497 0.206047 0.879887 0.184425 0.879887 0.184425 0.855497
13 0.908817 0.856376 0.930439 0.856376 0.930439 0.880767 0.908817 0.880767 0.908817 0.856376
13 0.789044 0.096376 0.810666 0.096376 0.810666 0.120767 0.789044 0.120767 0.789044 0.096376
13 0.065331 0.095424 0.086953 0.095424 0.086953 0.119814 0.065331 0.119814 0.065331 0.095424
9 0.076136 0.113717 0.076148 0.101521 0.799861 0.102474 0.799849 0.114669 
9 0.794533 0.109639 0.805177 0.107504 0.924950 0.867504 0.914306 0.869639 
9 0.195230 0.873790 0.195242 0.861595 0.919634 0.862474 0.919622 0.874669 
9 0.070819 0.108680 0.081465 0.106558 0.200559 0.866631 0.189913 0.868754 
2 0.415423 0.033782 0.461301 0.033782 0.461301 0.178594 0.415423 0.178594
2 0.532606 0.792271 0.579899 0.792271 0.579899 0.936105 0.532606 0.936105
10 0.092792 0.427622 0.167111 0.427622 0.167111 0.539440 0.092792 0.539440
10 0.816821 0.426691 0.891151 0.426691 0.891151 0.541400 0.816821 0.541400
18 0.203088 0.738065 0.349453 0.738065 0.349453 0.846474 0.203088 0.846474
18 0.728890 0.739044 0.874673 0.739044 0.874673 0.846176 0.728890 0.846176
