13 0.243403 0.657196 0.271572 0.657196 0.271572 0.694233 0.243403 0.694233 0.243403 0.657196
13 0.244068 0.256660 0.272237 0.256660 0.272237 0.293697 0.244068 0.293697 0.244068 0.256660
13 0.246319 0.455563 0.274488 0.455563 0.274488 0.492600 0.246319 0.492600 0.246319 0.455563
13 0.508198 0.454815 0.536367 0.454815 0.536367 0.491852 0.508198 0.491852 0.508198 0.454815
13 0.741506 0.715767 0.769675 0.715767 0.769675 0.752804 0.741506 0.752804 0.741506 0.715767
9 0.251110 0.275158 0.265194 0.275199 0.264530 0.675734 0.250446 0.675694 
9 0.260419 0.483341 0.260388 0.464822 0.522267 0.464074 0.522298 0.482593 
9 0.517720 0.480386 0.526846 0.466281 0.760153 0.727233 0.751027 0.741338 
3 0.826135 0.474910 0.809563 0.605489 0.761641 0.721917 0.687563 0.811579 0.595357 0.864757 0.495014 0.875689 0.397408 0.843191 0.313117 0.770783 0.251273 0.666313 0.218581 0.541102 0.218581 0.408717 0.251273 0.283506 0.313117 0.179036 0.397408 0.106628 0.495014 0.074130 0.595357 0.085062 0.687563 0.138240 0.761641 0.227902 0.809563 0.344331 0.826135 0.474910
12 0.244662 0.365098 0.340025 0.365098 0.340025 0.492647 0.244662 0.492647
1 0.133803 0.250000 0.179577 0.250000 0.179577 0.416667 0.133803 0.416667
1 0.126761 0.518519 0.179577 0.518519 0.179577 0.694444 0.126761 0.694444
8 0.134678 0.247911 0.176116 0.247911 0.176116 0.338203 0.134678 0.338203
8 0.134872 0.604228 0.176190 0.604228 0.176190 0.692839 0.134872 0.692839
19 0.105247 0.409055 0.195961 0.409055 0.195961 0.520786 0.105247 0.520786
19 0.345318 0.362956 0.402283 0.362956 0.402283 0.451199 0.345318 0.451199
22 0.172689 0.685409 0.254950 0.685409 0.254950 0.803797 0.172689 0.803797
22 0.758476 0.715670 0.837702 0.715670 0.837702 0.832563 0.758476 0.832563
22 0.452953 0.504773 0.525547 0.504773 0.525547 0.616506 0.452953 0.616506
19 0.628416 0.476749 0.720300 0.476749 0.720300 0.590094 0.628416 0.590094
22 0.187954 0.130960 0.252811 0.130960 0.252811 0.250324 0.187954 0.250324
