13 0.369681 0.138475 0.382319 0.138475 0.382319 0.165873 0.369681 0.165873 0.369681 0.138475
13 0.943681 0.138475 0.956319 0.138475 0.956319 0.165873 0.943681 0.165873 0.943681 0.138475
13 0.506348 0.471809 0.518986 0.471809 0.518986 0.499206 0.506348 0.499206 0.506348 0.471809
13 0.070348 0.808765 0.082986 0.808765 0.082986 0.836162 0.070348 0.836162 0.070348 0.808765
13 0.644514 0.807557 0.657152 0.807557 0.657152 0.834955 0.644514 0.834955 0.644514 0.807557
9 0.077721 0.828920 0.075612 0.816007 0.948946 0.145717 0.951054 0.158631 
9 0.947731 0.147407 0.952269 0.156941 0.653102 0.826023 0.648565 0.816489 
9 0.076670 0.829313 0.076664 0.815614 0.650830 0.814407 0.650836 0.828105 
9 0.373730 0.147410 0.378270 0.156938 0.078937 0.827228 0.074397 0.817700 
9 0.373640 0.156729 0.378360 0.147619 0.653193 0.816701 0.648474 0.825811 
9 0.376000 0.159023 0.376000 0.145325 0.950000 0.145325 0.950000 0.159023 
22 0.357485 0.016566 0.390972 0.016566 0.390972 0.127896 0.357485 0.127896
22 0.932094 0.015870 0.980778 0.015870 0.980778 0.128751 0.932094 0.128751
16 0.433038 0.167878 0.468115 0.167878 0.468115 0.273454 0.433038 0.273454
16 0.753679 0.167868 0.784767 0.167868 0.784767 0.270331 0.753679 0.270331
16 0.348794 0.201927 0.383300 0.201927 0.383300 0.305938 0.348794 0.305938
16 0.799016 0.290678 0.833852 0.290678 0.833852 0.396403 0.799016 0.396403
22 0.492814 0.321709 0.543707 0.321709 0.543707 0.436537 0.492814 0.436537
16 0.178123 0.590596 0.211757 0.590596 0.211757 0.696662 0.178123 0.696662
16 0.635233 0.651550 0.669817 0.651550 0.669817 0.758285 0.635233 0.758285
16 0.228201 0.708922 0.263116 0.708922 0.263116 0.810791 0.228201 0.810791
16 0.565750 0.706607 0.598963 0.706607 0.598963 0.808174 0.565750 0.808174
22 0.037897 0.843001 0.095516 0.843001 0.095516 0.957725 0.037897 0.957725
22 0.622841 0.841217 0.673896 0.841217 0.673896 0.955821 0.622841 0.955821
