13 0.491075 0.799868 0.504657 0.799868 0.504657 0.818736 0.491075 0.818736 0.491075 0.799868
13 0.367947 0.627762 0.381529 0.627762 0.381529 0.646630 0.367947 0.646630 0.367947 0.627762
13 0.472721 0.483278 0.486303 0.483278 0.486303 0.502146 0.472721 0.502146 0.472721 0.483278
13 0.592025 0.598015 0.605607 0.598015 0.605607 0.616883 0.592025 0.616883 0.592025 0.598015
13 0.175989 0.357917 0.189572 0.357917 0.189572 0.376785 0.175989 0.376785 0.175989 0.357917
13 0.444424 0.283550 0.458006 0.283550 0.458006 0.302418 0.444424 0.302418 0.444424 0.283550
13 0.801572 0.181561 0.815155 0.181561 0.815155 0.200429 0.801572 0.200429 0.801572 0.181561
9 0.377895 0.639481 0.373111 0.632786 0.477120 0.489364 0.481904 0.496060 
9 0.479843 0.495595 0.476121 0.487704 0.808797 0.184925 0.812519 0.192816 
9 0.807876 0.185104 0.813440 0.190513 0.501413 0.809882 0.495849 0.804473 
9 0.501038 0.805975 0.496224 0.812630 0.181903 0.373865 0.186717 0.367211 
9 0.184246 0.376216 0.182844 0.366985 0.809957 0.183193 0.811359 0.192423 
9 0.447121 0.296034 0.453780 0.294184 0.482077 0.490725 0.475417 0.492575 
9 0.478944 0.488188 0.477020 0.497236 0.181819 0.376124 0.183742 0.367077 
9 0.475363 0.492047 0.482131 0.491253 0.501250 0.805718 0.494483 0.806512 
9 0.476782 0.494434 0.480712 0.486741 0.599252 0.603603 0.595321 0.611296 
12 0.443262 0.267534 0.521605 0.267534 0.521605 0.375579 0.443262 0.375579
12 0.551929 0.501409 0.633840 0.501409 0.633840 0.617206 0.551929 0.617206
12 0.369680 0.579706 0.456318 0.579706 0.456318 0.698895 0.369680 0.698895
19 0.140054 0.497391 0.266723 0.497391 0.266723 0.598414 0.140054 0.598414
19 0.528723 0.457539 0.573690 0.457539 0.573690 0.548944 0.528723 0.548944
22 0.304451 0.643816 0.367655 0.643816 0.367655 0.746296 0.304451 0.746296
22 0.383141 0.343092 0.450884 0.343092 0.450884 0.449381 0.383141 0.449381
22 0.611735 0.585799 0.689276 0.585799 0.689276 0.688947 0.611735 0.688947
22 0.122109 0.304949 0.178938 0.304949 0.178938 0.407721 0.122109 0.407721
22 0.415240 0.171143 0.481706 0.171143 0.481706 0.273452 0.415240 0.273452
22 0.461341 0.840793 0.531956 0.840793 0.531956 0.944664 0.461341 0.944664
22 0.831237 0.109867 0.887789 0.109867 0.887789 0.214607 0.831237 0.214607
