13 0.093885 0.934890 0.128972 0.934890 0.128972 0.963258 0.093885 0.963258 0.093885 0.934890
13 0.834544 0.194149 0.869632 0.194149 0.869632 0.222518 0.834544 0.222518 0.834544 0.194149
13 0.253885 0.117760 0.288972 0.117760 0.288972 0.146129 0.253885 0.146129 0.253885 0.117760
9 0.845266 0.203875 0.858910 0.212792 0.118250 0.953533 0.104607 0.944615 
9 0.262765 0.130835 0.280093 0.133053 0.120093 0.950183 0.102765 0.947965 
9 0.270020 0.138945 0.272837 0.124944 0.853497 0.201333 0.850679 0.215333 
12 0.237460 0.115562 0.374436 0.115562 0.374436 0.227467 0.237460 0.227467
18 0.176134 0.649368 0.348556 0.649368 0.348556 0.753631 0.176134 0.753631
19 0.525101 0.039126 0.608195 0.039126 0.608195 0.134146 0.525101 0.134146
19 0.572204 0.538160 0.653807 0.538160 0.653807 0.615671 0.572204 0.615671
19 0.069010 0.453058 0.153890 0.453058 0.153890 0.545731 0.069010 0.545731
