13 0.138487 0.093290 0.152954 0.093290 0.152954 0.116820 0.138487 0.116820 0.138487 0.093290
13 0.138307 0.738235 0.152773 0.738235 0.152773 0.761765 0.138307 0.761765 0.138307 0.738235
13 0.473807 0.391752 0.488273 0.391752 0.488273 0.415281 0.473807 0.415281 0.473807 0.391752
13 0.473265 0.735928 0.487732 0.735928 0.487732 0.759457 0.473265 0.759457 0.473265 0.735928
13 0.857610 0.734609 0.872076 0.734609 0.872076 0.758138 0.857610 0.758138 0.857610 0.734609
9 0.145551 0.755882 0.145529 0.744118 0.864832 0.740491 0.864854 0.752256 
9 0.143982 0.110213 0.147459 0.099897 0.866582 0.741216 0.863104 0.751532 
9 0.142104 0.105052 0.149337 0.105058 0.149157 0.750003 0.141923 0.749997 
9 0.477423 0.403501 0.484657 0.403532 0.484115 0.747707 0.476882 0.747677 
12 0.131508 0.637232 0.211735 0.637232 0.211735 0.768732 0.131508 0.768732
12 0.466577 0.637399 0.545979 0.637399 0.545979 0.768479 0.466577 0.768479
2 0.290920 0.197228 0.350867 0.197228 0.350867 0.327660 0.290920 0.327660
2 0.639647 0.506068 0.695820 0.506068 0.695820 0.638039 0.639647 0.638039
19 0.570543 0.785778 0.804267 0.785778 0.804267 0.927107 0.570543 0.927107
19 0.656902 0.377434 0.897967 0.377434 0.897967 0.508424 0.656902 0.508424
19 0.227989 0.789689 0.435712 0.789689 0.435712 0.928676 0.227989 0.928676
19 0.321489 0.070531 0.530334 0.070531 0.530334 0.198409 0.321489 0.198409
