13 0.692122 0.169537 0.727520 0.169537 0.727520 0.219537 0.692122 0.219537 0.692122 0.169537
13 0.206325 0.486844 0.241723 0.486844 0.241723 0.536844 0.206325 0.536844 0.206325 0.486844
13 0.695835 0.805026 0.731233 0.805026 0.731233 0.855026 0.695835 0.855026 0.695835 0.805026
9 0.221969 0.526007 0.229359 0.503290 0.717981 0.820427 0.710591 0.843144 
9 0.227723 0.521452 0.220324 0.498741 0.709835 0.180559 0.717234 0.203270 
9 0.703447 0.191095 0.721146 0.190985 0.723135 0.831731 0.705436 0.831841 
22 0.721239 0.112500 0.809735 0.112500 0.809735 0.262500 0.721239 0.262500
22 0.092920 0.431250 0.207965 0.431250 0.207965 0.587500 0.092920 0.587500
22 0.712389 0.762500 0.814159 0.762500 0.814159 0.918750 0.712389 0.918750
19 0.238938 0.193750 0.477876 0.193750 0.477876 0.356250 0.238938 0.356250
19 0.725664 0.456250 0.960177 0.456250 0.960177 0.618750 0.725664 0.618750
19 0.238938 0.693750 0.477876 0.693750 0.477876 0.856250 0.238938 0.856250
