13 0.227505 0.468733 0.257025 0.468733 0.257025 0.499267 0.227505 0.499267 0.227505 0.468733
13 0.350157 0.242447 0.379677 0.242447 0.379677 0.272981 0.350157 0.272981 0.350157 0.242447
13 0.409782 0.317064 0.439302 0.317064 0.439302 0.347598 0.409782 0.347598 0.409782 0.317064
13 0.583960 0.173304 0.613481 0.173304 0.613481 0.203839 0.583960 0.203839 0.583960 0.173304
13 0.554301 0.504733 0.583821 0.504733 0.583821 0.535267 0.554301 0.535267 0.554301 0.504733
13 0.228334 0.546750 0.257854 0.546750 0.257854 0.577284 0.228334 0.577284 0.228334 0.546750
13 0.409273 0.694733 0.438793 0.694733 0.438793 0.725267 0.409273 0.725267 0.409273 0.694733
13 0.586897 0.842161 0.616418 0.842161 0.616418 0.872696 0.586897 0.872696 0.586897 0.842161
13 0.349604 0.772733 0.379125 0.772733 0.379125 0.803267 0.349604 0.803267 0.349604 0.772733
9 0.238496 0.567988 0.247692 0.556046 0.606255 0.851458 0.597059 0.863400 
9 0.563270 0.515268 0.574852 0.524732 0.370156 0.792732 0.358574 0.783268 
9 0.359168 0.262501 0.370666 0.252927 0.574809 0.515213 0.563312 0.524787 
9 0.246880 0.489957 0.237650 0.478043 0.594106 0.182614 0.603335 0.194529 
3 0.890111 0.520377 0.872459 0.629790 0.821418 0.727347 0.742517 0.802475 0.644307 0.847034 0.537431 0.856194 0.433470 0.828963 0.343691 0.768293 0.277821 0.680756 0.243000 0.575840 0.243000 0.464914 0.277821 0.359998 0.343691 0.272462 0.433470 0.211791 0.537431 0.184560 0.644307 0.193720 0.742517 0.238279 0.821418 0.313407 0.872459 0.410964 0.890111 0.520377
12 0.361152 0.324227 0.473764 0.324227 0.473764 0.443341 0.361152 0.443341
12 0.361441 0.597779 0.474258 0.597779 0.474258 0.715434 0.361441 0.715434
22 0.461087 0.276496 0.545802 0.276496 0.545802 0.372317 0.461087 0.372317
22 0.143327 0.418293 0.224170 0.418293 0.224170 0.517495 0.143327 0.517495
22 0.133168 0.526492 0.221786 0.526492 0.221786 0.624367 0.133168 0.624367
22 0.584218 0.859537 0.670745 0.859537 0.670745 0.959241 0.584218 0.959241
22 0.602130 0.468394 0.686552 0.468394 0.686552 0.569823 0.602130 0.569823
22 0.463070 0.655178 0.552743 0.655178 0.552743 0.751569 0.463070 0.751569
22 0.585327 0.072837 0.671861 0.072837 0.671861 0.169929 0.585327 0.169929
