13 0.157500 0.119687 0.187020 0.119687 0.187020 0.159291 0.157500 0.159291 0.157500 0.119687
13 0.419819 0.493785 0.449340 0.493785 0.449340 0.533389 0.419819 0.533389 0.419819 0.493785
13 0.863745 0.492698 0.893265 0.492698 0.893265 0.532302 0.863745 0.532302 0.863745 0.492698
13 0.222195 0.848948 0.251715 0.848948 0.251715 0.888552 0.222195 0.888552 0.222195 0.848948
9 0.169557 0.148701 0.174963 0.130276 0.881208 0.503287 0.875801 0.521713 
9 0.231246 0.877100 0.225675 0.858763 0.875719 0.503331 0.881290 0.521669 
9 0.434614 0.523488 0.434544 0.503686 0.877897 0.500864 0.877967 0.520666 
9 0.166885 0.146273 0.177635 0.132705 0.439955 0.506803 0.429204 0.520371 
9 0.425039 0.504777 0.436795 0.516752 0.235576 0.872258 0.223821 0.860283 
22 0.081181 0.069307 0.154982 0.069307 0.154982 0.188119 0.081181 0.188119
16 0.424354 0.381188 0.476015 0.381188 0.476015 0.485149 0.424354 0.485149
22 0.317343 0.460396 0.387454 0.460396 0.387454 0.569307 0.317343 0.569307
22 0.885609 0.450495 0.963100 0.450495 0.963100 0.569307 0.885609 0.569307
16 0.428044 0.524752 0.479705 0.524752 0.479705 0.628713 0.428044 0.628713
22 0.140221 0.801980 0.214022 0.801980 0.214022 0.920792 0.140221 0.920792
