13 0.446209 0.433809 0.478467 0.433809 0.478467 0.465181 0.446209 0.465181 0.446209 0.433809
13 0.395071 0.842092 0.427329 0.842092 0.427329 0.873464 0.395071 0.873464 0.395071 0.842092
13 0.823300 0.612369 0.855558 0.612369 0.855558 0.643742 0.823300 0.643742 0.823300 0.612369
9 0.454332 0.448547 0.470343 0.450443 0.419205 0.858726 0.403195 0.856829 
9 0.458807 0.456547 0.465868 0.442443 0.842959 0.621004 0.835898 0.635107 
3 0.880064 0.450563 0.857281 0.583342 0.791403 0.701733 0.689568 0.792905 0.562811 0.846980 0.424869 0.858096 0.290690 0.825050 0.174814 0.751422 0.089798 0.645192 0.044854 0.517871 0.044854 0.383256 0.089798 0.255934 0.174814 0.149704 0.290690 0.076076 0.424869 0.043030 0.562811 0.054147 0.689568 0.108221 0.791403 0.199393 0.857281 0.317784 0.880064 0.450563
19 0.179595 0.579513 0.404204 0.579513 0.404204 0.686107 0.179595 0.686107
18 0.460971 0.538938 0.618306 0.538938 0.618306 0.652110 0.460971 0.652110
22 0.849790 0.604439 0.950135 0.604439 0.950135 0.715104 0.849790 0.715104
22 0.358727 0.873600 0.449564 0.873600 0.449564 0.981423 0.358727 0.981423
22 0.359289 0.334700 0.457058 0.334700 0.457058 0.445435 0.359289 0.445435
