13 0.114154 0.237449 0.133666 0.237449 0.133666 0.266753 0.114154 0.266753 0.114154 0.237449
13 0.112517 0.824446 0.132029 0.824446 0.132029 0.853750 0.112517 0.853750 0.112517 0.824446
13 0.492568 0.529792 0.512080 0.529792 0.512080 0.559096 0.492568 0.559096 0.492568 0.529792
13 0.869913 0.236777 0.889425 0.236777 0.889425 0.266081 0.869913 0.266081 0.869913 0.236777
13 0.869913 0.825348 0.889425 0.825348 0.889425 0.854652 0.869913 0.854652 0.869913 0.825348
9 0.124512 0.845606 0.120034 0.832589 0.877430 0.244920 0.881908 0.257937 
9 0.121666 0.258606 0.126153 0.245596 0.881913 0.833495 0.877425 0.846505 
9 0.122269 0.846424 0.122277 0.831772 0.879673 0.832674 0.879665 0.847326 
9 0.874791 0.244103 0.884547 0.244103 0.884547 0.847326 0.874791 0.847326 
9 0.119032 0.252070 0.128788 0.252132 0.127151 0.839128 0.117395 0.839067 
9 0.123913 0.259427 0.123907 0.244775 0.879666 0.244103 0.879672 0.258755 
12 0.107006 0.743040 0.182849 0.743040 0.182849 0.857431 0.107006 0.857431
16 0.387733 0.497064 0.435502 0.497064 0.435502 0.595238 0.387733 0.595238
16 0.253093 0.259055 0.299634 0.259055 0.299634 0.354696 0.253093 0.354696
16 0.821032 0.305288 0.868087 0.305288 0.868087 0.405301 0.821032 0.405301
16 0.466230 0.586789 0.539072 0.586789 0.539072 0.688384 0.466230 0.688384
22 0.044972 0.852522 0.108156 0.852522 0.108156 0.964036 0.044972 0.964036
16 0.465446 0.400803 0.533275 0.400803 0.533275 0.501663 0.465446 0.501663
16 0.259726 0.732912 0.307043 0.732912 0.307043 0.830070 0.259726 0.830070
16 0.572352 0.494102 0.645379 0.494102 0.645379 0.594229 0.572352 0.594229
16 0.132915 0.306896 0.178707 0.306896 0.178707 0.407327 0.132915 0.407327
16 0.686555 0.733469 0.734927 0.733469 0.734927 0.828334 0.686555 0.828334
16 0.823845 0.688608 0.869381 0.688608 0.869381 0.787419 0.823845 0.787419
16 0.144263 0.658308 0.190935 0.658308 0.190935 0.754735 0.144263 0.754735
22 0.888636 0.110459 0.955040 0.110459 0.955040 0.223112 0.888636 0.223112
22 0.889586 0.854731 0.956095 0.854731 0.956095 0.967285 0.889586 0.967285
16 0.684590 0.265277 0.727655 0.265277 0.727655 0.362848 0.684590 0.362848
22 0.044095 0.106847 0.126777 0.106847 0.126777 0.221418 0.044095 0.221418
