13 0.232805 0.796847 0.252510 0.796847 0.252510 0.821615 0.232805 0.821615 0.232805 0.796847
13 0.869693 0.797412 0.889398 0.797412 0.889398 0.822180 0.869693 0.822180 0.869693 0.797412
13 0.730230 0.169434 0.749935 0.169434 0.749935 0.194202 0.730230 0.194202 0.730230 0.169434
13 0.092246 0.181023 0.111950 0.181023 0.111950 0.205790 0.092246 0.205790 0.092246 0.181023
9 0.736593 0.177447 0.743572 0.186189 0.246147 0.813602 0.239168 0.804860 
9 0.735338 0.183483 0.744827 0.180153 0.884290 0.808131 0.874801 0.811461 
9 0.242654 0.815423 0.242661 0.803039 0.879549 0.803604 0.879542 0.815988 
9 0.097363 0.195114 0.106833 0.191699 0.247392 0.807523 0.237922 0.810938 
9 0.102169 0.199598 0.102027 0.187215 0.740011 0.175627 0.740154 0.188009 
22 0.742797 0.050213 0.807695 0.050213 0.807695 0.155986 0.742797 0.155986
22 0.036796 0.072838 0.102137 0.072838 0.102137 0.179993 0.036796 0.179993
2 0.391199 0.119265 0.442921 0.119265 0.442921 0.253429 0.391199 0.253429
18 0.537583 0.200337 0.656713 0.200337 0.656713 0.299168 0.537583 0.299168
18 0.341300 0.679562 0.460870 0.679562 0.460870 0.781837 0.341300 0.781837
2 0.538647 0.741049 0.591475 0.741049 0.591475 0.877560 0.538647 0.877560
22 0.169552 0.828012 0.238900 0.828012 0.238900 0.932870 0.169552 0.932870
22 0.872370 0.829647 0.943868 0.829647 0.943868 0.934936 0.872370 0.934936
