13 0.870805 0.168082 0.883708 0.168082 0.883708 0.188490 0.870805 0.188490 0.870805 0.168082
13 0.483320 0.179002 0.496223 0.179002 0.496223 0.199410 0.483320 0.199410 0.483320 0.179002
13 0.340119 0.182449 0.353022 0.182449 0.353022 0.202857 0.340119 0.202857 0.340119 0.182449
13 0.086689 0.189796 0.099592 0.189796 0.099592 0.210204 0.086689 0.210204 0.086689 0.189796
13 0.341760 0.400186 0.354663 0.400186 0.354663 0.420594 0.341760 0.420594 0.341760 0.400186
13 0.483320 0.517415 0.496223 0.517415 0.496223 0.537823 0.483320 0.537823 0.483320 0.517415
13 0.870805 0.830939 0.883708 0.830939 0.883708 0.851347 0.870805 0.851347 0.870805 0.830939
9 0.093197 0.205101 0.093084 0.194899 0.877200 0.173184 0.877313 0.183387 
9 0.874031 0.173184 0.880482 0.173184 0.880482 0.846245 0.874031 0.846245 
9 0.091659 0.204532 0.094622 0.195468 0.878738 0.836611 0.875775 0.845675 
9 0.343345 0.192714 0.349796 0.192592 0.351437 0.410329 0.344986 0.410450 
9 0.486546 0.184104 0.492997 0.184104 0.492997 0.532721 0.486546 0.532721 
22 0.855383 0.067105 0.904595 0.067105 0.904595 0.156230 0.855383 0.156230
22 0.470574 0.079789 0.515843 0.079789 0.515843 0.167740 0.470574 0.167740
19 0.640618 0.076660 0.720095 0.076660 0.720095 0.165725 0.640618 0.165725
19 0.175058 0.093080 0.255747 0.093080 0.255747 0.180088 0.175058 0.180088
22 0.032411 0.143390 0.078364 0.143390 0.078364 0.233706 0.032411 0.233706
10 0.326226 0.197936 0.366758 0.197936 0.366758 0.266687 0.326226 0.266687
10 0.467964 0.196843 0.509631 0.196843 0.509631 0.268151 0.467964 0.268151
19 0.358181 0.259515 0.433237 0.259515 0.433237 0.349522 0.358181 0.349522
19 0.156748 0.325445 0.235671 0.325445 0.235671 0.414242 0.156748 0.414242
19 0.496551 0.314044 0.602099 0.314044 0.602099 0.403774 0.496551 0.403774
22 0.320671 0.434708 0.364824 0.434708 0.364824 0.525694 0.320671 0.525694
19 0.885634 0.453663 0.963321 0.453663 0.963321 0.543263 0.885634 0.543263
22 0.468335 0.559047 0.512358 0.559047 0.512358 0.649623 0.468335 0.649623
22 0.852081 0.863102 0.899722 0.863102 0.899722 0.953678 0.852081 0.953678
19 0.380748 0.083508 0.456496 0.083508 0.456496 0.171666 0.380748 0.171666
22 0.326663 0.083829 0.371984 0.083829 0.371984 0.174588 0.326663 0.174588
10 0.855075 0.205036 0.898783 0.205036 0.898783 0.268758 0.855075 0.268758
