13 0.221716 0.767097 0.247440 0.767097 0.247440 0.792903 0.221716 0.792903 0.221716 0.767097
13 0.676824 0.766437 0.702547 0.766437 0.702547 0.792244 0.676824 0.792244 0.676824 0.766437
13 0.901911 0.767097 0.927634 0.767097 0.927634 0.792903 0.901911 0.792903 0.901911 0.767097
13 0.773414 0.362042 0.799138 0.362042 0.799138 0.387848 0.773414 0.387848 0.773414 0.362042
13 0.591305 0.497097 0.617028 0.497097 0.617028 0.522903 0.591305 0.522903 0.591305 0.497097
13 0.440651 0.363201 0.466374 0.363201 0.466374 0.389007 0.440651 0.389007 0.440651 0.363201
13 0.551667 0.163015 0.577391 0.163015 0.577391 0.188822 0.551667 0.188822 0.551667 0.163015
13 0.136381 0.082335 0.162104 0.082335 0.162104 0.108141 0.136381 0.108141 0.136381 0.082335
13 0.164898 0.309954 0.190621 0.309954 0.190621 0.335760 0.164898 0.335760 0.164898 0.309954
9 0.142861 0.096038 0.155624 0.094438 0.240959 0.779200 0.228197 0.780800 
9 0.558890 0.172818 0.570169 0.179019 0.240218 0.783100 0.228938 0.776900 
9 0.238376 0.785206 0.230780 0.774794 0.782478 0.369739 0.790074 0.380151 
9 0.234578 0.786452 0.234578 0.773548 0.914773 0.773548 0.914773 0.786452 
22 0.035637 0.263683 0.135384 0.263683 0.135384 0.382320 0.035637 0.382320
22 0.296964 0.288171 0.417979 0.288171 0.417979 0.406557 0.296964 0.406557
22 0.558656 0.556178 0.645592 0.556178 0.645592 0.671986 0.558656 0.671986
22 0.641880 0.824838 0.731658 0.824838 0.731658 0.942434 0.641880 0.942434
22 0.129500 0.794021 0.233881 0.794021 0.233881 0.926500 0.129500 0.926500
0 0.204289 0.589025 0.325618 0.589025 0.325618 0.659372 0.204289 0.659372
0 0.370357 0.653405 0.446025 0.653405 0.446025 0.789605 0.370357 0.789605
