13 0.591575 0.898850 0.611231 0.898850 0.611231 0.924007 0.591575 0.924007 0.591575 0.898850
13 0.903118 0.900074 0.922774 0.900074 0.922774 0.925232 0.903118 0.925232 0.903118 0.900074
13 0.893233 0.641707 0.912889 0.641707 0.912889 0.666864 0.893233 0.666864 0.893233 0.641707
13 0.697868 0.565925 0.717524 0.565925 0.717524 0.591082 0.697868 0.591082 0.697868 0.565925
13 0.291159 0.406670 0.310815 0.406670 0.310815 0.431827 0.291159 0.431827 0.291159 0.406670
13 0.084879 0.326605 0.104535 0.326605 0.104535 0.351762 0.084879 0.351762 0.084879 0.326605
13 0.091134 0.076652 0.110790 0.076652 0.110790 0.101809 0.091134 0.101809 0.091134 0.076652
13 0.399930 0.076809 0.419586 0.076809 0.419586 0.101966 0.399930 0.101966 0.399930 0.076809
9 0.097085 0.093096 0.104838 0.085366 0.605280 0.907563 0.597527 0.915294 
9 0.093275 0.345200 0.096138 0.333167 0.904493 0.648269 0.901630 0.660302 
9 0.405887 0.093263 0.413628 0.085513 0.916817 0.908778 0.909076 0.916528 
20 0.159106 0.082627 0.215743 0.082627 0.215743 0.167316 0.159106 0.167316
20 0.468675 0.082438 0.543989 0.082438 0.543989 0.169359 0.468675 0.169359
0 0.359283 0.445940 0.409742 0.445940 0.409742 0.532847 0.359283 0.532847
0 0.765984 0.605705 0.816832 0.605705 0.816832 0.693515 0.765984 0.693515
