13 0.081835 0.368754 0.108591 0.368754 0.108591 0.397531 0.081835 0.397531 0.081835 0.368754
13 0.480183 0.057792 0.506939 0.057792 0.506939 0.086569 0.480183 0.086569 0.480183 0.057792
13 0.490042 0.515816 0.516797 0.515816 0.516797 0.544593 0.490042 0.544593 0.490042 0.515816
13 0.876250 0.369897 0.903006 0.369897 0.903006 0.398674 0.876250 0.398674 0.876250 0.369897
13 0.799968 0.626131 0.826724 0.626131 0.826724 0.654908 0.799968 0.654908 0.799968 0.626131
13 0.725984 0.870123 0.752740 0.870123 0.752740 0.898900 0.725984 0.898900 0.725984 0.870123
13 0.233543 0.870724 0.260298 0.870724 0.260298 0.899501 0.233543 0.899501 0.233543 0.870724
9 0.099142 0.388965 0.091284 0.377321 0.489632 0.066358 0.497490 0.078003 
9 0.489608 0.077984 0.497514 0.066377 0.893581 0.378482 0.885674 0.390089 
9 0.883263 0.382074 0.895993 0.386498 0.745727 0.886723 0.732997 0.882299 
9 0.505636 0.536992 0.501203 0.523416 0.887411 0.377498 0.891845 0.391073 
9 0.501318 0.537034 0.505521 0.523374 0.815448 0.633690 0.811245 0.647349 
9 0.497981 0.534393 0.508857 0.526015 0.744800 0.880322 0.733924 0.888700 
9 0.246928 0.892307 0.246913 0.877919 0.739354 0.877317 0.739369 0.891706 
9 0.088851 0.385367 0.101574 0.380919 0.253282 0.882889 0.240559 0.887337 
12 0.735961 0.532662 0.843966 0.532662 0.843966 0.651132 0.735961 0.651132
19 0.558004 0.310443 0.765781 0.310443 0.765781 0.415994 0.558004 0.415994
22 0.893704 0.283258 0.981377 0.283258 0.981377 0.390951 0.893704 0.390951
22 0.410510 0.424866 0.495836 0.424866 0.495836 0.530504 0.410510 0.530504
22 0.818223 0.625601 0.901314 0.625601 0.901314 0.734178 0.818223 0.734178
22 0.711283 0.889930 0.806450 0.889930 0.806450 1.001283 0.711283 1.001283
