13 0.184931 0.904488 0.202437 0.904488 0.202437 0.935738 0.184931 0.935738 0.184931 0.904488
13 0.447914 0.901042 0.465419 0.901042 0.465419 0.932292 0.447914 0.932292 0.447914 0.901042
13 0.447581 0.609077 0.465086 0.609077 0.465086 0.640327 0.447581 0.640327 0.447581 0.609077
13 0.839581 0.170522 0.857086 0.170522 0.857086 0.201772 0.839581 0.201772 0.839581 0.170522
13 0.447544 0.170552 0.465049 0.170552 0.465049 0.201802 0.447544 0.201802 0.447544 0.170552
9 0.196012 0.926729 0.191357 0.913497 0.846006 0.179531 0.850661 0.192763 
9 0.451920 0.186184 0.460673 0.186170 0.461043 0.916660 0.452290 0.916674 
9 0.456296 0.193990 0.456296 0.178365 0.848333 0.178335 0.848334 0.193960 
9 0.193716 0.927925 0.193652 0.912300 0.456635 0.908854 0.456699 0.924479 
12 0.445394 0.164574 0.508219 0.164574 0.508219 0.275616 0.445394 0.275616
12 0.405723 0.824712 0.466544 0.824712 0.466544 0.937752 0.405723 0.937752
19 0.243336 0.649120 0.351331 0.649120 0.351331 0.744983 0.243336 0.744983
22 0.470081 0.599477 0.522544 0.599477 0.522544 0.696689 0.470081 0.696689
19 0.634482 0.434184 0.769036 0.434184 0.769036 0.534166 0.634482 0.534166
22 0.468714 0.862454 0.518213 0.862454 0.518213 0.964418 0.468714 0.964418
22 0.128325 0.866532 0.178096 0.866532 0.178096 0.968052 0.128325 0.968052
19 0.407189 0.375389 0.445145 0.375389 0.445145 0.472147 0.407189 0.472147
22 0.395691 0.092637 0.447939 0.092637 0.447939 0.194773 0.395691 0.194773
22 0.866475 0.094609 0.919005 0.094609 0.919005 0.201735 0.866475 0.201735
19 0.468256 0.714118 0.507993 0.714118 0.507993 0.812749 0.468256 0.812749
