13 0.058687 0.094437 0.099296 0.094437 0.099296 0.125445 0.058687 0.125445 0.058687 0.094437
13 0.293818 0.935214 0.334427 0.935214 0.334427 0.966221 0.293818 0.966221 0.293818 0.935214
13 0.905914 0.603684 0.946523 0.603684 0.946523 0.634692 0.905914 0.634692 0.905914 0.603684
9 0.319996 0.957040 0.308249 0.944395 0.920345 0.612866 0.932092 0.625511 
9 0.072712 0.116032 0.085271 0.103850 0.932498 0.613097 0.919939 0.625279 
9 0.069063 0.111560 0.088920 0.108322 0.324051 0.949099 0.304194 0.952336 
18 0.627158 0.566385 0.833567 0.566385 0.833567 0.676868 0.627158 0.676868
18 0.311332 0.744905 0.517779 0.744905 0.517779 0.858956 0.311332 0.858956
19 0.509638 0.265165 0.604236 0.265165 0.604236 0.349610 0.509638 0.349610
19 0.063843 0.481514 0.159304 0.481514 0.159304 0.587041 0.063843 0.587041
