13 0.648340 0.132704 0.661476 0.132704 0.661476 0.161795 0.648340 0.161795 0.648340 0.132704
13 0.873146 0.132704 0.886282 0.132704 0.886282 0.161795 0.873146 0.161795 0.873146 0.132704
13 0.069414 0.271072 0.082551 0.271072 0.082551 0.300163 0.069414 0.300163 0.069414 0.271072
13 0.367333 0.271917 0.380469 0.271917 0.380469 0.301008 0.367333 0.301008 0.367333 0.271917
13 0.648509 0.569647 0.661646 0.569647 0.661646 0.598738 0.648509 0.598738 0.648509 0.569647
13 0.978104 0.568482 0.991240 0.568482 0.991240 0.597572 0.978104 0.597572 0.978104 0.568482
13 0.069414 0.851475 0.082551 0.851475 0.082551 0.880566 0.069414 0.880566 0.069414 0.851475
13 0.508056 0.852236 0.521192 0.852236 0.521192 0.881327 0.508056 0.881327 0.508056 0.852236
9 0.075980 0.873293 0.075985 0.858748 0.514627 0.859509 0.514621 0.874055 
9 0.371008 0.289904 0.376794 0.283022 0.517517 0.863341 0.511731 0.870223 
9 0.075978 0.292890 0.075987 0.278345 0.373905 0.279190 0.373897 0.293736 
9 0.072698 0.278345 0.079267 0.278345 0.079267 0.873293 0.072698 0.873293 
9 0.655083 0.591465 0.655072 0.576920 0.984667 0.575754 0.984678 0.590300 
9 0.876816 0.150672 0.882611 0.143827 0.987570 0.579604 0.981775 0.586450 
9 0.654908 0.154522 0.654908 0.139977 0.879714 0.139977 0.879714 0.154522 
9 0.651624 0.147256 0.658192 0.147244 0.658362 0.584186 0.651793 0.584199 
19 0.700550 0.018924 0.756796 0.018924 0.756796 0.127966 0.700550 0.127966
2 0.761495 0.073682 0.791535 0.073682 0.791535 0.217531 0.761495 0.217531
12 0.644851 0.123590 0.704348 0.123590 0.704348 0.254527 0.644851 0.254527
4 0.838395 0.133952 0.898693 0.133952 0.898693 0.241637 0.838395 0.241637
2 0.220219 0.206855 0.252370 0.206855 0.252370 0.356735 0.220219 0.356735
12 0.063838 0.259421 0.124906 0.259421 0.124906 0.392493 0.063838 0.392493
4 0.319547 0.269377 0.400254 0.269377 0.400254 0.405214 0.319547 0.405214
19 0.613159 0.307737 0.647208 0.307737 0.647208 0.420348 0.613159 0.420348
2 0.906644 0.329663 0.963608 0.329663 0.963608 0.426248 0.906644 0.426248
12 0.645302 0.472618 0.704599 0.472618 0.704599 0.604302 0.645302 0.604302
0 0.942827 0.501355 0.971868 0.501355 0.971868 0.596427 0.942827 0.596427
19 0.012806 0.515234 0.064523 0.515234 0.064523 0.625667 0.012806 0.625667
2 0.418065 0.546102 0.477806 0.546102 0.477806 0.644129 0.418065 0.644129
19 0.788573 0.593242 0.845197 0.593242 0.845197 0.705067 0.788573 0.705067
12 0.063693 0.756529 0.124830 0.756529 0.124830 0.890950 0.063693 0.890950
0 0.460656 0.761884 0.497266 0.761884 0.497266 0.880130 0.460656 0.880130
19 0.447542 0.419532 0.571300 0.419532 0.571300 0.538028 0.447542 0.538028
19 0.240764 0.883483 0.366025 0.883483 0.366025 0.994310 0.240764 0.994310
