13 0.917786 0.064195 0.932881 0.064195 0.932881 0.092767 0.917786 0.092767 0.917786 0.064195
13 0.777068 0.133718 0.792163 0.133718 0.792163 0.162290 0.777068 0.162290 0.777068 0.133718
13 0.822869 0.468705 0.837964 0.468705 0.837964 0.497276 0.822869 0.497276 0.822869 0.468705
13 0.094897 0.470946 0.109992 0.470946 0.109992 0.499518 0.094897 0.499518 0.094897 0.470946
13 0.770072 0.830651 0.785166 0.830651 0.785166 0.859222 0.770072 0.859222 0.770072 0.830651
13 0.914119 0.905244 0.929214 0.905244 0.929214 0.933816 0.914119 0.933816 0.914119 0.905244
9 0.103398 0.492143 0.101491 0.478321 0.924380 0.071570 0.926287 0.085392 
9 0.101427 0.492110 0.103462 0.478354 0.922684 0.912652 0.920649 0.926408 
9 0.826779 0.481089 0.834054 0.484892 0.781257 0.846838 0.773982 0.843036 
9 0.780962 0.149794 0.788269 0.146214 0.834070 0.481201 0.826763 0.484780 
19 0.818196 0.242376 0.886943 0.242376 0.886943 0.359385 0.818196 0.359385
22 0.034424 0.405721 0.087204 0.405721 0.087204 0.524567 0.034424 0.524567
22 0.838310 0.416843 0.885145 0.416843 0.885145 0.532247 0.838310 0.532247
19 0.817299 0.626153 0.886847 0.626153 0.886847 0.744458 0.817299 0.744458
12 0.702867 0.130228 0.810883 0.130228 0.810883 0.334171 0.702867 0.334171
12 0.695968 0.649319 0.805264 0.649319 0.805264 0.855987 0.695968 0.855987
