13 0.073411 0.296861 0.085478 0.296861 0.085478 0.318600 0.073411 0.318600 0.073411 0.296861
13 0.143133 0.750677 0.155200 0.750677 0.155200 0.772416 0.143133 0.772416 0.143133 0.750677
13 0.196694 0.598659 0.208760 0.598659 0.208760 0.620399 0.196694 0.620399 0.196694 0.598659
13 0.283300 0.347564 0.295367 0.347564 0.295367 0.369303 0.283300 0.369303 0.283300 0.347564
13 0.347906 0.162734 0.359973 0.162734 0.359973 0.184473 0.347906 0.184473 0.347906 0.162734
13 0.391916 0.035006 0.403982 0.035006 0.403982 0.056745 0.391916 0.056745 0.391916 0.035006
13 0.489118 0.837433 0.501185 0.837433 0.501185 0.859172 0.489118 0.859172 0.489118 0.837433
13 0.541300 0.687926 0.553367 0.687926 0.553367 0.709665 0.541300 0.709665 0.541300 0.687926
13 0.630633 0.431902 0.642700 0.431902 0.642700 0.453641 0.630633 0.453641 0.630633 0.431902
13 0.737300 0.124673 0.749367 0.124673 0.749367 0.146412 0.737300 0.146412 0.737300 0.124673
13 0.872755 0.488583 0.884821 0.488583 0.884821 0.510322 0.872755 0.510322 0.872755 0.488583
13 0.973967 0.513227 0.986033 0.513227 0.986033 0.534966 0.973967 0.534966 0.973967 0.513227
9 0.079046 0.313118 0.079843 0.302344 0.980399 0.518709 0.979601 0.529483 
9 0.395392 0.042991 0.400505 0.048760 0.151723 0.764431 0.146610 0.758662 
9 0.740778 0.132654 0.745889 0.138430 0.497707 0.851190 0.492596 0.845414 
18 0.328726 0.232061 0.539908 0.232061 0.539908 0.358021 0.328726 0.358021
18 0.362955 0.443861 0.602582 0.443861 0.602582 0.575389 0.362955 0.575389
22 0.600271 0.314350 0.649242 0.314350 0.649242 0.416540 0.600271 0.416540
22 0.198146 0.358992 0.250964 0.358992 0.250964 0.463538 0.198146 0.463538
20 0.100862 0.778967 0.149088 0.778967 0.149088 0.872613 0.100862 0.872613
22 0.125551 0.542565 0.171651 0.542565 0.171651 0.650838 0.125551 0.650838
22 0.856174 0.353566 0.913923 0.353566 0.913923 0.466838 0.856174 0.466838
22 0.568277 0.658875 0.624624 0.658875 0.624624 0.767315 0.568277 0.767315
22 0.276934 0.059895 0.341730 0.059895 0.341730 0.168679 0.276934 0.168679
20 0.016229 0.255790 0.059162 0.255790 0.059162 0.348915 0.016229 0.348915
20 0.440742 0.842755 0.489579 0.842755 0.489579 0.973848 0.440742 0.973848
