13 0.179208 0.831034 0.221093 0.831034 0.221093 0.855649 0.179208 0.855649 0.179208 0.831034
13 0.177209 0.168703 0.219094 0.168703 0.219094 0.193318 0.177209 0.193318 0.177209 0.168703
13 0.756042 0.168621 0.797927 0.168621 0.797927 0.193236 0.756042 0.193236 0.756042 0.168621
9 0.767663 0.178125 0.786306 0.183732 0.209472 0.846145 0.190829 0.840538 
9 0.187680 0.181022 0.208622 0.181000 0.210622 0.843331 0.189679 0.843352 
9 0.198154 0.187165 0.198149 0.174857 0.776982 0.174775 0.776987 0.187082 
12 0.171072 0.163970 0.330267 0.163970 0.330267 0.258451 0.171072 0.258451
19 0.301471 0.051860 0.699660 0.051860 0.699660 0.160653 0.301471 0.160653
18 0.476873 0.195798 0.691978 0.195798 0.691978 0.286663 0.476873 0.286663
19 0.524969 0.488312 0.620928 0.488312 0.620928 0.556238 0.524969 0.556238
22 0.104903 0.868420 0.237260 0.868420 0.237260 0.959077 0.104903 0.959077
22 0.820260 0.100722 0.960841 0.100722 0.960841 0.190717 0.820260 0.190717
22 0.060491 0.100518 0.182531 0.100518 0.182531 0.190052 0.060491 0.190052
