13 0.187851 0.818731 0.213410 0.818731 0.213410 0.853514 0.187851 0.853514 0.187851 0.818731
13 0.379715 0.818471 0.405274 0.818471 0.405274 0.853253 0.379715 0.853253 0.379715 0.818471
13 0.848865 0.819139 0.874424 0.819139 0.874424 0.853922 0.848865 0.853922 0.848865 0.819139
13 0.494008 0.365905 0.519567 0.365905 0.519567 0.400688 0.494008 0.400688 0.494008 0.365905
13 0.348565 0.179752 0.374124 0.179752 0.374124 0.214534 0.348565 0.214534 0.348565 0.179752
9 0.355299 0.194327 0.367390 0.199959 0.206676 0.838938 0.194585 0.833306 
9 0.356970 0.203482 0.365719 0.190804 0.866019 0.830192 0.857270 0.842869 
9 0.200627 0.844818 0.200633 0.827427 0.861648 0.827835 0.861642 0.845226 
9 0.500744 0.380470 0.512830 0.386123 0.398538 0.838688 0.386452 0.833036 
10 0.412854 0.549766 0.477265 0.549766 0.477265 0.662378 0.412854 0.662378
10 0.243296 0.458462 0.307835 0.458462 0.307835 0.575462 0.243296 0.575462
22 0.300387 0.095557 0.371469 0.095557 0.371469 0.193845 0.300387 0.193845
22 0.336236 0.854575 0.400160 0.854575 0.400160 0.954573 0.336236 0.954573
22 0.498686 0.261151 0.565821 0.261151 0.565821 0.359714 0.498686 0.359714
22 0.103228 0.782842 0.167837 0.782842 0.167837 0.883122 0.103228 0.883122
22 0.872890 0.783013 0.936068 0.783013 0.936068 0.881887 0.872890 0.881887
