13 0.120566 0.785058 0.139524 0.785058 0.139524 0.809227 0.120566 0.809227 0.120566 0.785058
13 0.690600 0.785562 0.709558 0.785562 0.709558 0.809732 0.690600 0.809732 0.690600 0.785562
13 0.119819 0.279344 0.138776 0.279344 0.138776 0.303513 0.119819 0.303513 0.119819 0.279344
13 0.270273 0.132970 0.289230 0.132970 0.289230 0.157140 0.270273 0.157140 0.270273 0.132970
13 0.844632 0.641249 0.863589 0.641249 0.863589 0.665418 0.844632 0.665418 0.844632 0.641249
13 0.844264 0.134289 0.863221 0.134289 0.863221 0.158458 0.844264 0.158458 0.844264 0.134289
9 0.124558 0.291440 0.134037 0.291417 0.134784 0.797131 0.125306 0.797154 
9 0.126591 0.296389 0.132004 0.286468 0.702786 0.792687 0.697373 0.802607 
9 0.130042 0.803185 0.130048 0.791101 0.700082 0.791605 0.700076 0.803689 
9 0.277049 0.150019 0.282454 0.140091 0.856813 0.648370 0.851408 0.658297 
9 0.279743 0.151097 0.279760 0.139013 0.853751 0.140331 0.853734 0.152416 
9 0.849003 0.146379 0.858482 0.146368 0.858850 0.653328 0.849371 0.653339 
22 0.184700 0.023328 0.271055 0.023328 0.271055 0.126672 0.184700 0.126672
22 0.853570 0.025956 0.916245 0.025956 0.916245 0.130036 0.853570 0.130036
5 0.562424 0.080309 0.634785 0.080309 0.634785 0.214702 0.562424 0.214702
12 0.759598 0.124148 0.868349 0.124148 0.868349 0.263715 0.759598 0.263715
22 0.049377 0.214465 0.111471 0.214465 0.111471 0.315700 0.049377 0.315700
2 0.801002 0.341406 0.902166 0.341406 0.902166 0.405949 0.801002 0.405949
2 0.080086 0.531782 0.181146 0.531782 0.181146 0.595103 0.080086 0.595103
22 0.854401 0.663078 0.917914 0.663078 0.917914 0.766692 0.854401 0.766692
12 0.112534 0.674941 0.222934 0.674941 0.222934 0.815420 0.112534 0.815420
5 0.346027 0.730222 0.418769 0.730222 0.418769 0.862495 0.346027 0.862495
22 0.049643 0.815298 0.115990 0.815298 0.115990 0.920135 0.049643 0.920135
22 0.707646 0.811706 0.772894 0.811706 0.772894 0.916900 0.707646 0.916900
