13 0.888123 0.112332 0.907877 0.112332 0.907877 0.144078 0.888123 0.144078 0.888123 0.112332
13 0.518123 0.275794 0.537877 0.275794 0.537877 0.307540 0.518123 0.307540 0.518123 0.275794
13 0.560123 0.421856 0.579877 0.421856 0.579877 0.453602 0.560123 0.453602 0.560123 0.421856
13 0.152981 0.436050 0.172734 0.436050 0.172734 0.467796 0.152981 0.467796 0.152981 0.436050
13 0.049123 0.481990 0.068877 0.481990 0.068877 0.513736 0.049123 0.513736 0.049123 0.481990
13 0.224873 0.741339 0.244627 0.741339 0.244627 0.773085 0.224873 0.773085 0.224873 0.741339
13 0.129123 0.828144 0.148877 0.828144 0.148877 0.859890 0.129123 0.859890 0.129123 0.828144
9 0.141509 0.850853 0.136491 0.837181 0.896034 0.117085 0.901052 0.130757 
9 0.060323 0.505510 0.057677 0.490217 0.896601 0.115280 0.899247 0.130573 
3 0.573511 0.501429 0.562304 0.609368 0.529896 0.705609 0.479801 0.779725 0.417446 0.823683 0.349588 0.832719 0.283581 0.805856 0.226578 0.746003 0.184756 0.659646 0.162647 0.556145 0.162647 0.446714 0.184756 0.343212 0.226578 0.256856 0.283581 0.197003 0.349588 0.170139 0.417446 0.179176 0.479801 0.223134 0.529896 0.297249 0.562304 0.393491 0.573511 0.501429
18 0.698765 0.063492 0.780247 0.063492 0.780247 0.162698 0.698765 0.162698
22 0.906173 0.071429 0.960494 0.071429 0.960494 0.166667 0.906173 0.166667
22 0.506173 0.170635 0.562963 0.170635 0.562963 0.265873 0.506173 0.265873
7 0.753086 0.198413 0.777778 0.198413 0.777778 0.238095 0.753086 0.238095
22 0.113580 0.357143 0.162963 0.357143 0.162963 0.452381 0.113580 0.452381
22 0.580247 0.412698 0.624691 0.412698 0.624691 0.503968 0.580247 0.503968
18 0.081481 0.599206 0.167901 0.599206 0.167901 0.702381 0.081481 0.702381
22 0.209877 0.777778 0.251852 0.777778 0.251852 0.873016 0.209877 0.873016
