13 0.679697 0.133990 0.697838 0.133990 0.697838 0.158758 0.679697 0.158758 0.679697 0.133990
13 0.084911 0.417067 0.103052 0.417067 0.103052 0.441834 0.084911 0.441834 0.084911 0.417067
13 0.422450 0.796378 0.440591 0.796378 0.440591 0.821146 0.422450 0.821146 0.422450 0.796378
13 0.926973 0.796188 0.945113 0.796188 0.945113 0.820955 0.926973 0.820955 0.926973 0.796188
9 0.431521 0.814954 0.431519 0.802570 0.936042 0.802379 0.936044 0.814763 
9 0.684727 0.149186 0.692808 0.143561 0.940083 0.805759 0.932003 0.811384 
9 0.684761 0.143473 0.692774 0.149274 0.435527 0.811663 0.427513 0.805861 
9 0.091099 0.434231 0.096863 0.424670 0.434402 0.803981 0.428638 0.813543 
9 0.095474 0.435297 0.092489 0.423604 0.687275 0.140527 0.690260 0.152221 
22 0.658893 0.024193 0.727417 0.024193 0.727417 0.128836 0.658893 0.128836
19 0.330792 0.167962 0.408745 0.167962 0.408745 0.268661 0.330792 0.268661
22 0.007571 0.369038 0.076265 0.369038 0.076265 0.474891 0.007571 0.474891
19 0.814992 0.389004 0.892370 0.389004 0.892370 0.488372 0.814992 0.488372
19 0.482190 0.415948 0.534435 0.415948 0.534435 0.515441 0.482190 0.515441
19 0.195090 0.638377 0.272531 0.638377 0.272531 0.737172 0.195090 0.737172
22 0.388720 0.826570 0.461786 0.826570 0.461786 0.932889 0.388720 0.932889
22 0.897173 0.825861 0.970964 0.825861 0.970964 0.932827 0.897173 0.932827
19 0.647979 0.856453 0.728526 0.856453 0.728526 0.958392 0.647979 0.958392
