13 0.337348 0.214028 0.352762 0.214028 0.352762 0.238719 0.337348 0.238719 0.337348 0.214028
13 0.767293 0.238131 0.782707 0.238131 0.782707 0.262822 0.767293 0.262822 0.767293 0.238131
13 0.060799 0.352330 0.076214 0.352330 0.076214 0.377021 0.060799 0.377021 0.060799 0.352330
13 0.139371 0.740901 0.154785 0.740901 0.154785 0.765592 0.139371 0.765592 0.139371 0.740901
13 0.458776 0.756885 0.474191 0.756885 0.474191 0.781576 0.458776 0.781576 0.458776 0.756885
13 0.872650 0.757450 0.888064 0.757450 0.888064 0.782142 0.872650 0.782142 0.872650 0.757450
9 0.066442 0.369887 0.070571 0.359463 0.468548 0.764019 0.464419 0.774443 
9 0.146958 0.759417 0.147198 0.747077 0.466604 0.763061 0.466363 0.775401 
9 0.064840 0.366577 0.072173 0.362773 0.150744 0.751345 0.143412 0.755149 
9 0.344920 0.232543 0.345190 0.220205 0.775135 0.244307 0.774865 0.256645 
9 0.771335 0.252384 0.778665 0.248568 0.884022 0.767888 0.876692 0.771704 
9 0.342992 0.231588 0.347118 0.221160 0.882420 0.764582 0.878294 0.775010 
22 0.286388 0.108275 0.331719 0.108275 0.331719 0.215488 0.286388 0.215488
22 0.788459 0.137845 0.841867 0.137845 0.841867 0.242704 0.788459 0.242704
22 0.015567 0.231691 0.071389 0.231691 0.071389 0.336216 0.015567 0.336216
19 0.874484 0.398146 0.923479 0.398146 0.923479 0.500960 0.874484 0.500960
19 0.044014 0.527232 0.090234 0.527232 0.090234 0.626481 0.044014 0.626481
22 0.107136 0.779208 0.161040 0.779208 0.161040 0.886687 0.107136 0.886687
19 0.277196 0.784626 0.326176 0.784626 0.326176 0.886242 0.277196 0.886242
22 0.477759 0.788893 0.531448 0.788893 0.531448 0.895781 0.477759 0.895781
22 0.877102 0.791340 0.933239 0.791340 0.933239 0.899750 0.877102 0.899750
19 0.505785 0.030940 0.623775 0.030940 0.623775 0.213643 0.505785 0.213643
18 0.637999 0.273674 0.761802 0.273674 0.761802 0.381778 0.637999 0.381778
18 0.140425 0.625665 0.263855 0.625665 0.263855 0.729969 0.140425 0.729969
