13 0.117115 0.174615 0.134814 0.174615 0.134814 0.206488 0.117115 0.206488 0.117115 0.174615
13 0.536248 0.174709 0.553948 0.174709 0.553948 0.206581 0.536248 0.206581 0.536248 0.174709
13 0.874181 0.176287 0.891880 0.176287 0.891880 0.208160 0.874181 0.208160 0.874181 0.176287
13 0.534484 0.785269 0.552183 0.785269 0.552183 0.817141 0.534484 0.817141 0.534484 0.785269
13 0.117484 0.784967 0.135183 0.784967 0.135183 0.816840 0.117484 0.816840 0.117484 0.784967
13 0.874150 0.785570 0.891850 0.785570 0.891850 0.817442 0.874150 0.817442 0.874150 0.785570
9 0.126331 0.808872 0.126335 0.792935 0.883002 0.793538 0.882998 0.809474 
9 0.878606 0.192223 0.887455 0.192224 0.887425 0.801507 0.878575 0.801505 
9 0.125959 0.198520 0.125970 0.182584 0.883036 0.184255 0.883025 0.200192 
9 0.121540 0.190560 0.130390 0.190543 0.130758 0.800895 0.121909 0.800912 
9 0.540673 0.190603 0.549523 0.190686 0.547758 0.801246 0.538909 0.801163 
9 0.541963 0.196268 0.548233 0.185022 0.886135 0.795883 0.879865 0.807129 
22 0.103549 0.069786 0.157019 0.069786 0.157019 0.170132 0.103549 0.170132
22 0.519608 0.070446 0.566945 0.070446 0.566945 0.173053 0.519608 0.173053
22 0.845817 0.069408 0.913071 0.069408 0.913071 0.172587 0.845817 0.172587
12 0.113647 0.167884 0.180052 0.167884 0.180052 0.287292 0.113647 0.287292
12 0.113500 0.696792 0.180759 0.696792 0.180759 0.820836 0.113500 0.820836
12 0.531134 0.696841 0.599105 0.696841 0.599105 0.820518 0.531134 0.820518
22 0.105732 0.820000 0.159274 0.820000 0.159274 0.931857 0.105732 0.931857
22 0.518529 0.820680 0.574867 0.820680 0.574867 0.934079 0.518529 0.934079
22 0.849159 0.819402 0.912236 0.819402 0.912236 0.935336 0.849159 0.935336
