13 0.189389 0.188091 0.219240 0.188091 0.219240 0.221705 0.189389 0.221705 0.189389 0.188091
13 0.686489 0.186663 0.716339 0.186663 0.716339 0.220276 0.686489 0.220276 0.686489 0.186663
13 0.442628 0.466543 0.472478 0.466543 0.472478 0.500156 0.442628 0.500156 0.442628 0.466543
13 0.190752 0.747426 0.220603 0.747426 0.220603 0.781040 0.190752 0.781040 0.190752 0.747426
13 0.684078 0.748061 0.713929 0.748061 0.713929 0.781674 0.684078 0.781674 0.684078 0.748061
9 0.205669 0.772636 0.205686 0.755829 0.699012 0.756464 0.698995 0.773271 
9 0.693951 0.203429 0.708877 0.203510 0.706466 0.764908 0.691541 0.764827 
9 0.204334 0.213301 0.204296 0.196495 0.701395 0.195066 0.701433 0.211873 
9 0.196852 0.204921 0.211777 0.204875 0.213140 0.764210 0.198215 0.764256 
9 0.452185 0.489188 0.462921 0.477512 0.704372 0.759030 0.693636 0.770705 
3 0.806108 0.483772 0.786980 0.612845 0.731671 0.727931 0.646173 0.816559 0.539751 0.869124 0.423939 0.879930 0.311285 0.847806 0.213999 0.776234 0.142621 0.672969 0.104888 0.549201 0.104888 0.418343 0.142621 0.294576 0.213999 0.191311 0.311285 0.119738 0.423939 0.087615 0.539751 0.098421 0.646173 0.150986 0.731671 0.239613 0.786980 0.354699 0.806108 0.483772
19 0.422530 0.587227 0.548183 0.587227 0.548183 0.716372 0.422530 0.716372
