13 0.130024 0.749766 0.141404 0.749766 0.141404 0.767948 0.130024 0.767948 0.130024 0.749766
13 0.635382 0.748052 0.646761 0.748052 0.646761 0.766234 0.635382 0.766234 0.635382 0.748052
13 0.826056 0.749004 0.837436 0.749004 0.837436 0.767186 0.826056 0.767186 0.826056 0.749004
13 0.826056 0.189004 0.837436 0.189004 0.837436 0.207186 0.826056 0.207186 0.826056 0.189004
13 0.636453 0.188052 0.647833 0.188052 0.647833 0.206234 0.636453 0.206234 0.636453 0.188052
13 0.130421 0.187100 0.141801 0.187100 0.141801 0.205281 0.130421 0.205281 0.130421 0.187100
9 0.135716 0.763403 0.135712 0.754312 0.831744 0.753550 0.831748 0.762641 
9 0.828901 0.193550 0.834591 0.193550 0.834591 0.762641 0.828901 0.762641 
9 0.136106 0.200736 0.136116 0.191645 0.831751 0.193550 0.831741 0.202641 
9 0.133266 0.196185 0.138956 0.196196 0.138559 0.758862 0.132869 0.758852 
9 0.639298 0.197129 0.644988 0.197157 0.643916 0.757157 0.638226 0.757129 
12 0.123309 0.176953 0.188425 0.176953 0.188425 0.281813 0.123309 0.281813
12 0.588040 0.177217 0.652383 0.177217 0.652383 0.281695 0.588040 0.281695
12 0.779349 0.177116 0.844085 0.177116 0.844085 0.281546 0.779349 0.281546
12 0.123399 0.670027 0.188919 0.670027 0.188919 0.775063 0.123399 0.775063
12 0.588027 0.670065 0.653218 0.670065 0.653218 0.774595 0.588027 0.774595
12 0.779343 0.670101 0.843905 0.670101 0.843905 0.774778 0.779343 0.774778
22 0.088800 0.779031 0.142187 0.779031 0.142187 0.877739 0.088800 0.877739
19 0.853679 0.422200 0.914863 0.422200 0.914863 0.514593 0.853679 0.514593
22 0.616368 0.779411 0.670034 0.779411 0.670034 0.879527 0.616368 0.879527
22 0.614000 0.072191 0.669731 0.072191 0.669731 0.170879 0.614000 0.170879
22 0.084632 0.073706 0.140093 0.073706 0.140093 0.171531 0.084632 0.171531
19 0.353555 0.071223 0.421082 0.071223 0.421082 0.167388 0.353555 0.167388
22 0.817058 0.780514 0.874094 0.780514 0.874094 0.878626 0.817058 0.878626
22 0.817199 0.071525 0.875221 0.071525 0.875221 0.171028 0.817199 0.171028
19 0.717555 0.789560 0.759511 0.789560 0.759511 0.866640 0.717555 0.866640
