13 0.436473 0.178442 0.462032 0.178442 0.462032 0.208860 0.436473 0.208860 0.436473 0.178442
13 0.720394 0.176219 0.745953 0.176219 0.745953 0.206638 0.720394 0.206638 0.720394 0.176219
13 0.581543 0.514859 0.607102 0.514859 0.607102 0.545277 0.581543 0.545277 0.581543 0.514859
13 0.436259 0.855648 0.461818 0.855648 0.461818 0.886066 0.436259 0.886066 0.436259 0.855648
9 0.442862 0.193648 0.455642 0.193654 0.455428 0.870860 0.442649 0.870854 
9 0.449294 0.201255 0.449210 0.186046 0.733131 0.183824 0.733215 0.199033 
9 0.727453 0.188040 0.738894 0.194817 0.454759 0.874245 0.443318 0.867469 
3 0.910023 0.528826 0.892670 0.652588 0.842491 0.762938 0.764924 0.847919 0.668374 0.898321 0.563304 0.908683 0.461100 0.877881 0.372838 0.809254 0.308082 0.710237 0.273849 0.591562 0.273849 0.466089 0.308082 0.347414 0.372838 0.248398 0.461100 0.179770 0.563304 0.148968 0.668374 0.159330 0.764924 0.209732 0.842491 0.294713 0.892670 0.405063 0.910023 0.528826
12 0.431040 0.172813 0.540473 0.172813 0.540473 0.301317 0.431040 0.301317
7 0.403718 0.514482 0.445166 0.514482 0.445166 0.554164 0.403718 0.554164
19 0.494457 0.025594 0.680250 0.025594 0.680250 0.141436 0.494457 0.141436
19 0.026252 0.396033 0.204323 0.396033 0.204323 0.520151 0.026252 0.520151
1 0.201278 0.456274 0.440895 0.456274 0.440895 0.562738 0.201278 0.562738
