13 0.523818 0.742702 0.537611 0.742702 0.537611 0.767625 0.523818 0.767625 0.523818 0.742702
13 0.049770 0.741756 0.063563 0.741756 0.063563 0.766678 0.049770 0.766678 0.049770 0.741756
13 0.147270 0.260631 0.161063 0.260631 0.161063 0.285553 0.147270 0.285553 0.147270 0.260631
13 0.590603 0.537740 0.604397 0.537740 0.604397 0.562662 0.590603 0.562662 0.590603 0.537740
13 0.664385 0.176603 0.678179 0.176603 0.678179 0.201525 0.664385 0.201525 0.664385 0.176603
13 0.946881 0.538543 0.960674 0.538543 0.960674 0.563465 0.946881 0.563465 0.946881 0.538543
9 0.056663 0.760447 0.056670 0.747986 0.530718 0.748933 0.530710 0.761394 
9 0.152173 0.278176 0.156160 0.268009 0.532708 0.750080 0.528721 0.760247 
9 0.150929 0.270950 0.157405 0.275235 0.059905 0.756359 0.053429 0.752075 
9 0.668047 0.186906 0.674517 0.191222 0.600735 0.552358 0.594265 0.548043 
9 0.597496 0.556431 0.597504 0.543970 0.953782 0.544773 0.953773 0.557235 
9 0.669287 0.194146 0.673277 0.183981 0.955772 0.545922 0.951783 0.556086 
0 0.651299 0.222703 0.712150 0.222703 0.712150 0.281827 0.651299 0.281827
0 0.128546 0.318661 0.206864 0.318661 0.206864 0.389482 0.128546 0.389482
4 0.067381 0.643695 0.122543 0.643695 0.122543 0.763555 0.067381 0.763555
4 0.605350 0.466594 0.648734 0.466594 0.648734 0.561191 0.605350 0.561191
23 0.888518 0.480880 0.927562 0.480880 0.927562 0.564795 0.888518 0.564795
23 0.446358 0.661700 0.494951 0.661700 0.494951 0.767649 0.446358 0.767649
19 0.808054 0.230512 0.875635 0.230512 0.875635 0.343165 0.808054 0.343165
19 0.019444 0.417853 0.083020 0.417853 0.083020 0.528164 0.019444 0.528164
19 0.466508 0.277429 0.619635 0.277429 0.619635 0.403051 0.466508 0.403051
19 0.733883 0.563254 0.799857 0.563254 0.799857 0.672782 0.733883 0.672782
19 0.334906 0.376062 0.407523 0.376062 0.407523 0.487275 0.334906 0.487275
19 0.241818 0.768235 0.314894 0.768235 0.314894 0.881541 0.241818 0.881541
