13 0.097444 0.796321 0.121984 0.796321 0.121984 0.817541 0.097444 0.817541 0.097444 0.796321
13 0.316301 0.798796 0.340841 0.798796 0.340841 0.820016 0.316301 0.820016 0.316301 0.798796
13 0.722675 0.798225 0.747215 0.798225 0.747215 0.819445 0.722675 0.819445 0.722675 0.798225
13 0.315077 0.056222 0.339617 0.056222 0.339617 0.077442 0.315077 0.077442 0.315077 0.056222
9 0.321401 0.065524 0.333293 0.068139 0.115660 0.808238 0.103769 0.805623 
9 0.109693 0.812236 0.109736 0.801626 0.734967 0.803530 0.734923 0.814140 
9 0.321805 0.069108 0.332888 0.064555 0.740487 0.806559 0.729403 0.811111 
9 0.321212 0.066839 0.333482 0.066824 0.334706 0.809398 0.322436 0.809414 
1 0.337423 0.381963 0.598160 0.381963 0.598160 0.522546 0.337423 0.522546
12 0.245885 0.739008 0.345061 0.739008 0.345061 0.822192 0.245885 0.822192
1 0.506135 0.851459 0.751534 0.851459 0.751534 0.901857 0.506135 0.901857
1 0.095092 0.854111 0.340491 0.854111 0.340491 0.899204 0.095092 0.899204
7 0.341559 0.484053 0.379470 0.484053 0.379470 0.517985 0.341559 0.517985
8 0.091805 0.856060 0.163516 0.856060 0.163516 0.896017 0.091805 0.896017
8 0.680556 0.856461 0.754834 0.856461 0.754834 0.896516 0.680556 0.896516
19 0.585240 0.353415 0.919570 0.353415 0.919570 0.438779 0.585240 0.438779
19 0.337982 0.834434 0.509779 0.834434 0.509779 0.911041 0.337982 0.911041
