13 0.074556 0.681013 0.088070 0.681013 0.088070 0.698034 0.074556 0.698034 0.074556 0.681013
13 0.234721 0.472204 0.248234 0.472204 0.248234 0.489225 0.234721 0.489225 0.234721 0.472204
13 0.484152 0.144142 0.497666 0.144142 0.497666 0.161164 0.484152 0.161164 0.484152 0.144142
13 0.483647 0.787680 0.497161 0.787680 0.497161 0.804701 0.483647 0.804701 0.483647 0.787680
13 0.484152 0.888632 0.497666 0.888632 0.497666 0.905653 0.484152 0.905653 0.484152 0.888632
13 0.742675 0.472204 0.756189 0.472204 0.756189 0.489225 0.742675 0.489225 0.742675 0.472204
13 0.895516 0.665775 0.909029 0.665775 0.909029 0.682796 0.895516 0.682796 0.895516 0.665775
9 0.488473 0.149705 0.493345 0.155602 0.083749 0.692472 0.078877 0.686575 
9 0.487531 0.148398 0.494287 0.148398 0.494287 0.901398 0.487531 0.901398 
9 0.488512 0.155652 0.493306 0.149654 0.904670 0.671287 0.899876 0.677285 
9 0.239081 0.483714 0.243873 0.477715 0.492800 0.793191 0.488008 0.799190 
9 0.492752 0.799250 0.488056 0.793131 0.747083 0.477655 0.751780 0.483773 
12 0.232627 0.423374 0.320199 0.423374 0.320199 0.533984 0.232627 0.533984
12 0.668056 0.422480 0.755570 0.422480 0.755570 0.532583 0.668056 0.532583
1 0.319257 0.227660 0.474662 0.227660 0.474662 0.331915 0.319257 0.331915
1 0.508446 0.236170 0.662162 0.236170 0.662162 0.319149 0.508446 0.319149
7 0.443268 0.230754 0.472309 0.230754 0.472309 0.268605 0.443268 0.268605
7 0.509176 0.239275 0.538351 0.239275 0.538351 0.278680 0.509176 0.278680
19 0.286386 0.634186 0.360674 0.634186 0.360674 0.722196 0.286386 0.722196
22 0.148974 0.400172 0.228300 0.400172 0.228300 0.494330 0.148974 0.494330
22 0.461796 0.041369 0.532584 0.041369 0.532584 0.135123 0.461796 0.135123
18 0.152675 0.153396 0.419782 0.153396 0.419782 0.261089 0.152675 0.261089
22 0.766055 0.402536 0.830816 0.402536 0.830816 0.495201 0.766055 0.495201
22 0.395540 0.768729 0.464251 0.768729 0.464251 0.866172 0.395540 0.866172
19 0.622887 0.634148 0.696790 0.634148 0.696790 0.722517 0.622887 0.722517
18 0.598273 0.153427 0.854607 0.153427 0.854607 0.261576 0.598273 0.261576
