13 0.333765 0.121139 0.356557 0.121139 0.356557 0.153528 0.333765 0.153528 0.333765 0.121139
13 0.080050 0.488500 0.102842 0.488500 0.102842 0.520888 0.080050 0.520888 0.080050 0.488500
13 0.891200 0.488806 0.913992 0.488806 0.913992 0.521194 0.891200 0.521194 0.891200 0.488806
13 0.333362 0.850472 0.356154 0.850472 0.356154 0.882861 0.333362 0.882861 0.333362 0.850472
9 0.087406 0.510404 0.095486 0.498984 0.348798 0.860957 0.340718 0.872376 
9 0.341095 0.131662 0.349228 0.143005 0.095513 0.510366 0.087379 0.499022 
9 0.342762 0.144678 0.347560 0.129989 0.904995 0.497655 0.900197 0.512345 
9 0.347123 0.874033 0.342393 0.859300 0.900231 0.497633 0.904961 0.512367 
5 0.560837 0.230776 0.649643 0.230776 0.649643 0.390348 0.560837 0.390348
2 0.173201 0.259327 0.267457 0.259327 0.267457 0.394401 0.173201 0.394401
2 0.173833 0.620421 0.265874 0.620421 0.265874 0.753373 0.173833 0.753373
5 0.560488 0.623025 0.650231 0.623025 0.650231 0.779207 0.560488 0.779207
