13 0.129716 0.156900 0.151279 0.156900 0.151279 0.186863 0.129716 0.186863 0.129716 0.156900
13 0.129716 0.805169 0.151279 0.805169 0.151279 0.835132 0.129716 0.835132 0.129716 0.805169
13 0.128952 0.483687 0.150516 0.483687 0.150516 0.513650 0.128952 0.513650 0.128952 0.483687
13 0.858166 0.806230 0.879729 0.806230 0.879729 0.836193 0.858166 0.836193 0.858166 0.806230
13 0.857402 0.485809 0.878966 0.485809 0.878966 0.515772 0.857402 0.515772 0.857402 0.485809
13 0.859693 0.157961 0.881257 0.157961 0.881257 0.187924 0.859693 0.187924 0.859693 0.157961
9 0.144361 0.822285 0.133580 0.822260 0.134343 0.173991 0.145125 0.174016 
9 0.139728 0.181494 0.139740 0.166513 0.871244 0.167574 0.871233 0.182555 
9 0.866611 0.176076 0.877393 0.176175 0.874338 0.821261 0.863557 0.821162 
9 0.869706 0.812660 0.869717 0.827641 0.138976 0.828702 0.138965 0.813721 
3 1.101271 0.498668 1.088683 0.603487 1.052284 0.696947 0.996017 0.768920 0.925980 0.811607 0.849763 0.820383 0.775624 0.794296 0.711599 0.736173 0.664625 0.652312 0.639793 0.551802 0.639793 0.445535 0.664625 0.345025 0.711599 0.261164 0.775624 0.203041 0.849763 0.176954 0.925980 0.185730 0.996017 0.228417 1.052284 0.300390 1.088683 0.393850 1.101271 0.498668
3 0.370706 0.500790 0.358150 0.605344 0.321843 0.698567 0.265718 0.770358 0.195858 0.812937 0.119834 0.821690 0.045883 0.795669 -0.017980 0.737693 -0.064835 0.654045 -0.089605 0.553790 -0.089605 0.447791 -0.064835 0.347535 -0.017980 0.263887 0.045883 0.205912 0.119834 0.179890 0.195858 0.188644 0.265718 0.231223 0.321843 0.303014 0.358150 0.396237 0.370706 0.500790
19 0.898069 0.443606 0.977254 0.443606 0.977254 0.549377 0.898069 0.549377
19 0.032986 0.443772 0.113192 0.443772 0.113192 0.548026 0.032986 0.548026
19 0.462068 0.053689 0.550977 0.053689 0.550977 0.158776 0.462068 0.158776
19 0.462530 0.841534 0.550599 0.841534 0.550599 0.948284 0.462530 0.948284
