13 0.465476 0.038368 0.498810 0.038368 0.498810 0.069256 0.465476 0.069256 0.465476 0.038368
13 0.090365 0.168786 0.123698 0.168786 0.123698 0.199674 0.090365 0.199674 0.090365 0.168786
13 0.846574 0.170880 0.879907 0.170880 0.879907 0.201768 0.846574 0.201768 0.846574 0.170880
13 0.470139 0.186429 0.503472 0.186429 0.503472 0.217317 0.470139 0.217317 0.470139 0.186429
13 0.177083 0.324672 0.210417 0.324672 0.210417 0.355560 0.177083 0.355560 0.177083 0.324672
13 0.755836 0.322898 0.789170 0.322898 0.789170 0.353786 0.755836 0.353786 0.755836 0.322898
13 0.465476 0.842183 0.498810 0.842183 0.498810 0.873071 0.465476 0.873071 0.465476 0.842183
9 0.097999 0.187854 0.112802 0.180758 0.491722 0.859460 0.476919 0.866557 
9 0.852937 0.184117 0.867736 0.191221 0.491720 0.863870 0.476921 0.856766 
9 0.474535 0.044745 0.491202 0.044745 0.491202 0.868712 0.474535 0.868712 
9 0.482935 0.208712 0.490676 0.195035 0.781077 0.336185 0.773335 0.349862 
9 0.194902 0.344521 0.187212 0.330819 0.477572 0.190908 0.485262 0.204610 
19 0.220833 0.158301 0.329167 0.158301 0.329167 0.247104 0.220833 0.247104
2 0.312500 0.235521 0.362500 0.235521 0.362500 0.301158 0.312500 0.301158
2 0.595833 0.223938 0.666667 0.223938 0.666667 0.316602 0.595833 0.316602
22 0.495833 0.250965 0.587500 0.250965 0.587500 0.339768 0.495833 0.339768
22 0.787500 0.289575 0.870833 0.289575 0.870833 0.378378 0.787500 0.378378
12 0.179167 0.297297 0.300000 0.297297 0.300000 0.409266 0.179167 0.409266
12 0.670833 0.297297 0.787500 0.297297 0.787500 0.409266 0.670833 0.409266
22 0.083333 0.316602 0.175000 0.316602 0.175000 0.409266 0.083333 0.409266
22 0.437500 0.868726 0.529167 0.868726 0.529167 0.961390 0.437500 0.961390
19 0.516667 0.119691 0.820833 0.119691 0.820833 0.212355 0.516667 0.212355
0 0.441667 0.791506 0.487500 0.791506 0.487500 0.826255 0.441667 0.826255
0 0.475000 0.783784 0.525000 0.783784 0.525000 0.818533 0.475000 0.818533
