13 0.674762 0.109846 0.697046 0.109846 0.697046 0.135487 0.674762 0.135487 0.674762 0.109846
13 0.400239 0.290751 0.422523 0.290751 0.422523 0.316392 0.400239 0.316392 0.400239 0.290751
13 0.489536 0.472374 0.511820 0.472374 0.511820 0.498015 0.489536 0.498015 0.489536 0.472374
13 0.702954 0.472132 0.725238 0.472132 0.725238 0.497773 0.702954 0.497773 0.702954 0.472132
13 0.857974 0.472454 0.880258 0.472454 0.880258 0.498095 0.857974 0.498095 0.857974 0.472454
13 0.124845 0.471370 0.147129 0.471370 0.147129 0.497011 0.124845 0.497011 0.124845 0.471370
13 0.399306 0.654118 0.421590 0.654118 0.421590 0.679759 0.399306 0.679759 0.399306 0.654118
13 0.674803 0.836822 0.697087 0.836822 0.697087 0.862463 0.674803 0.862463 0.674803 0.836822
9 0.138750 0.489756 0.133223 0.478625 0.683140 0.117101 0.688668 0.128233 
9 0.681088 0.125889 0.690720 0.119445 0.873932 0.482053 0.864300 0.488497 
9 0.864294 0.482065 0.873938 0.488484 0.690768 0.852853 0.681123 0.846433 
9 0.133201 0.489742 0.138773 0.478639 0.688731 0.844092 0.683159 0.855194 
9 0.135980 0.490601 0.135993 0.477780 0.714103 0.478542 0.714090 0.491363 
9 0.406532 0.306728 0.416229 0.300415 0.505527 0.482038 0.495830 0.488351 
9 0.495841 0.482015 0.505516 0.488374 0.415285 0.670118 0.405610 0.663759 
22 0.718252 0.052197 0.792161 0.052197 0.792161 0.158010 0.718252 0.158010
22 0.354250 0.188044 0.424529 0.188044 0.424529 0.294101 0.354250 0.294101
22 0.505084 0.351760 0.583493 0.351760 0.583493 0.459892 0.505084 0.459892
22 0.032490 0.430891 0.104565 0.430891 0.104565 0.542991 0.032490 0.542991
22 0.884270 0.428393 0.959846 0.428393 0.959846 0.538575 0.884270 0.538575
22 0.337104 0.679928 0.413382 0.679928 0.413382 0.789355 0.337104 0.789355
22 0.708335 0.811853 0.806259 0.811853 0.806259 0.919334 0.708335 0.919334
