13 0.599927 0.200261 0.620493 0.200261 0.620493 0.226405 0.599927 0.226405 0.599927 0.200261
13 0.367495 0.452833 0.388061 0.452833 0.388061 0.478977 0.367495 0.478977 0.367495 0.452833
13 0.940168 0.704071 0.960733 0.704071 0.960733 0.730215 0.940168 0.730215 0.940168 0.704071
13 0.428387 0.832203 0.448952 0.832203 0.448952 0.858347 0.428387 0.858347 0.428387 0.832203
9 0.381118 0.470873 0.374437 0.460937 0.606870 0.208365 0.613551 0.218302 
9 0.606309 0.217591 0.614111 0.209076 0.954351 0.712885 0.946549 0.721400 
9 0.439663 0.851687 0.437676 0.838862 0.949457 0.710730 0.951444 0.723556 
9 0.372740 0.467211 0.382815 0.464598 0.443707 0.843968 0.433632 0.846581 
3 0.679534 0.462538 0.662979 0.588652 0.615110 0.701100 0.541113 0.787696 0.449007 0.839056 0.348773 0.849614 0.251274 0.818227 0.167074 0.748295 0.105298 0.647397 0.072641 0.526467 0.072641 0.398609 0.105298 0.277679 0.167074 0.176781 0.251274 0.106849 0.348773 0.075462 0.449007 0.086021 0.541113 0.137380 0.615110 0.223976 0.662979 0.336424 0.679534 0.462538
22 0.260133 0.398407 0.341711 0.398407 0.341711 0.517220 0.260133 0.517220
18 0.412641 0.432806 0.506394 0.432806 0.506394 0.541054 0.412641 0.541054
18 0.721451 0.610240 0.857620 0.610240 0.857620 0.721534 0.721451 0.721534
