13 0.343740 0.098206 0.374628 0.098206 0.374628 0.145544 0.343740 0.145544 0.343740 0.098206
13 0.932548 0.097702 0.963436 0.097702 0.963436 0.145040 0.932548 0.145040 0.932548 0.097702
13 0.480826 0.478055 0.511714 0.478055 0.511714 0.525393 0.480826 0.525393 0.480826 0.478055
13 0.030244 0.860001 0.061132 0.860001 0.061132 0.907338 0.030244 0.907338 0.030244 0.860001
13 0.618941 0.861180 0.649829 0.861180 0.649829 0.908517 0.618941 0.908517 0.618941 0.861180
9 0.043392 0.890985 0.035935 0.870258 0.942001 0.104731 0.949457 0.125459 
9 0.355733 0.126929 0.355733 0.103261 0.942630 0.103261 0.942630 0.126929 
9 0.349836 0.109697 0.362870 0.122393 0.046181 0.886020 0.033147 0.873324 
9 0.938582 0.111621 0.951636 0.124268 0.637426 0.885995 0.624372 0.873348 
9 0.348974 0.122719 0.362491 0.111270 0.638897 0.877747 0.625380 0.889195 
9 0.039044 0.893406 0.039044 0.869737 0.633378 0.869737 0.633378 0.893406 
19 0.355212 0.284024 0.409266 0.284024 0.409266 0.384615 0.355212 0.384615
19 0.111969 0.355030 0.200772 0.355030 0.200772 0.479290 0.111969 0.479290
12 0.393822 0.390533 0.505792 0.390533 0.505792 0.562130 0.393822 0.562130
19 0.305019 0.662722 0.393822 0.662722 0.393822 0.786982 0.305019 0.786982
