13 0.168970 0.536806 0.185197 0.536806 0.185197 0.554623 0.168970 0.554623 0.168970 0.536806
13 0.429386 0.171091 0.445614 0.171091 0.445614 0.188909 0.429386 0.188909 0.429386 0.171091
13 0.809595 0.516806 0.825822 0.516806 0.825822 0.534623 0.809595 0.534623 0.809595 0.516806
13 0.755775 0.710456 0.772002 0.710456 0.772002 0.728274 0.755775 0.728274 0.755775 0.710456
9 0.434304 0.177256 0.440696 0.182744 0.180279 0.548458 0.173887 0.542971 
9 0.177199 0.550167 0.176968 0.541262 0.817593 0.521262 0.817824 0.530167 
9 0.176028 0.550015 0.178139 0.541413 0.764945 0.715064 0.762833 0.723666 
3 0.813193 0.522039 0.795905 0.635793 0.745915 0.737219 0.668639 0.815327 0.572453 0.861653 0.467778 0.871177 0.365959 0.842866 0.278028 0.779789 0.213515 0.688780 0.179411 0.579703 0.179411 0.464376 0.213515 0.355299 0.278028 0.264290 0.365959 0.201213 0.467778 0.172902 0.572453 0.182426 0.668639 0.228752 0.745915 0.306860 0.795905 0.408286 0.813193 0.522039
22 0.775180 0.697559 0.854722 0.697559 0.854722 0.795490 0.775180 0.795490
22 0.383434 0.074141 0.460623 0.074141 0.460623 0.168672 0.383434 0.168672
22 0.837909 0.474912 0.914573 0.474912 0.914573 0.571309 0.837909 0.571309
22 0.083763 0.502583 0.157289 0.502583 0.157289 0.601641 0.083763 0.601641
