13 0.094770 0.715957 0.108563 0.715957 0.108563 0.748610 0.094770 0.748610 0.094770 0.715957
13 0.422497 0.714525 0.436290 0.714525 0.436290 0.747178 0.422497 0.747178 0.422497 0.714525
13 0.421437 0.271075 0.435230 0.271075 0.435230 0.303728 0.421437 0.303728 0.421437 0.271075
13 0.707952 0.272149 0.721745 0.272149 0.721745 0.304802 0.707952 0.304802 0.707952 0.272149
13 0.707043 0.714525 0.720836 0.714525 0.720836 0.747178 0.707043 0.747178 0.707043 0.714525
13 0.894770 0.713707 0.908563 0.713707 0.908563 0.746360 0.894770 0.746360 0.894770 0.713707
9 0.101671 0.740447 0.101663 0.724120 0.901663 0.721870 0.901671 0.738197 
9 0.103386 0.739359 0.099947 0.725208 0.426614 0.280326 0.430053 0.294478 
9 0.424885 0.287448 0.431782 0.287355 0.432842 0.730806 0.425946 0.730898 
9 0.711400 0.288436 0.718297 0.288515 0.717388 0.730892 0.710491 0.730812 
9 0.428328 0.295565 0.428339 0.279238 0.714854 0.280312 0.714843 0.296639 
9 0.712412 0.294252 0.717285 0.282698 0.904103 0.724257 0.899230 0.735811 
12 0.388069 0.632109 0.436889 0.632109 0.436889 0.750374 0.388069 0.750374
12 0.704690 0.632354 0.753974 0.632354 0.753974 0.752572 0.704690 0.752572
10 0.541063 0.238488 0.590043 0.238488 0.590043 0.331473 0.541063 0.331473
10 0.541301 0.683274 0.590458 0.683274 0.590458 0.775356 0.541301 0.775356
1 0.093103 0.812245 0.248276 0.812245 0.248276 0.877551 0.093103 0.877551
1 0.277586 0.800000 0.436207 0.800000 0.436207 0.877551 0.277586 0.877551
8 0.092161 0.813681 0.131792 0.813681 0.131792 0.866533 0.092161 0.866533
8 0.399153 0.815718 0.437511 0.815718 0.437511 0.864362 0.399153 0.864362
22 0.411763 0.166696 0.453427 0.166696 0.453427 0.270374 0.411763 0.270374
22 0.908946 0.680207 0.948004 0.680207 0.948004 0.788014 0.908946 0.788014
22 0.693291 0.167065 0.736119 0.167065 0.736119 0.269763 0.693291 0.269763
19 0.433046 0.454461 0.462117 0.454461 0.462117 0.535254 0.433046 0.535254
19 0.222603 0.428923 0.252018 0.428923 0.252018 0.527947 0.222603 0.527947
19 0.544002 0.156027 0.578789 0.156027 0.578789 0.245932 0.544002 0.245932
22 0.058359 0.681325 0.095780 0.681325 0.095780 0.787193 0.058359 0.787193
19 0.245856 0.794847 0.275063 0.794847 0.275063 0.895051 0.245856 0.895051
19 0.552165 0.763719 0.583325 0.763719 0.583325 0.860494 0.552165 0.860494
18 0.184450 0.599201 0.249218 0.599201 0.249218 0.718823 0.184450 0.718823
18 0.787773 0.615164 0.851478 0.615164 0.851478 0.722020 0.787773 0.722020
