13 0.332130 0.044427 0.349635 0.044427 0.349635 0.069042 0.332130 0.069042 0.332130 0.044427
13 0.431835 0.161319 0.449341 0.161319 0.449341 0.185934 0.431835 0.185934 0.431835 0.161319
13 0.716276 0.497488 0.733782 0.497488 0.733782 0.522104 0.716276 0.522104 0.716276 0.497488
13 0.025800 0.774631 0.043306 0.774631 0.043306 0.799246 0.025800 0.799246 0.025800 0.774631
13 0.236311 0.775447 0.253817 0.775447 0.253817 0.800063 0.236311 0.800063 0.236311 0.775447
13 0.658539 0.774945 0.676045 0.774945 0.676045 0.799560 0.658539 0.799560 0.658539 0.774945
13 0.948564 0.773407 0.966070 0.773407 0.966070 0.798022 0.948564 0.798022 0.948564 0.773407
9 0.338066 0.061444 0.343700 0.052025 0.960134 0.781005 0.954500 0.790424 
9 0.034557 0.793093 0.034549 0.780785 0.957313 0.779560 0.957321 0.791868 
3 0.724272 0.551942 0.709672 0.674975 0.667452 0.784676 0.602189 0.869157 0.520954 0.919262 0.432550 0.929563 0.346558 0.898942 0.272296 0.830719 0.217812 0.732285 0.189009 0.614309 0.189009 0.489574 0.217812 0.371598 0.272296 0.273165 0.346558 0.204941 0.432550 0.174321 0.520954 0.184621 0.602189 0.234727 0.667452 0.319207 0.709672 0.428908 0.724272 0.551942
18 0.591940 0.609126 0.698838 0.609126 0.698838 0.712895 0.591940 0.712895
18 0.764859 0.669207 0.852728 0.669207 0.852728 0.771175 0.764859 0.771175
18 0.048598 0.373893 0.187304 0.373893 0.187304 0.480214 0.048598 0.480214
