13 0.706241 0.075009 0.730483 0.075009 0.730483 0.100815 0.706241 0.100815 0.706241 0.075009
13 0.262789 0.201573 0.287032 0.201573 0.287032 0.227379 0.262789 0.227379 0.262789 0.201573
13 0.262072 0.704240 0.286315 0.704240 0.286315 0.730046 0.262072 0.730046 0.262072 0.704240
13 0.707177 0.701683 0.731419 0.701683 0.731419 0.727490 0.707177 0.727490 0.707177 0.701683
13 0.707413 0.872811 0.731655 0.872811 0.731655 0.898618 0.707413 0.898618 0.707413 0.872811
9 0.268850 0.214466 0.280971 0.214486 0.280254 0.717153 0.268133 0.717133 
9 0.276480 0.220708 0.273341 0.208245 0.716793 0.081681 0.719932 0.094144 
9 0.712302 0.087922 0.724423 0.087902 0.725595 0.885704 0.713473 0.885724 
9 0.272163 0.723222 0.276224 0.711064 0.721565 0.879636 0.717504 0.891793 
9 0.274226 0.723594 0.274161 0.710691 0.719266 0.708135 0.719331 0.721038 
19 0.031918 0.388101 0.244487 0.388101 0.244487 0.496740 0.031918 0.496740
19 0.741827 0.306089 0.957993 0.306089 0.957993 0.410782 0.741827 0.410782
19 0.740847 0.762514 0.951574 0.762514 0.951574 0.867969 0.740847 0.867969
19 0.322266 0.817588 0.534853 0.817588 0.534853 0.925612 0.322266 0.925612
12 0.589443 0.579354 0.735392 0.579354 0.735392 0.734580 0.589443 0.734580
