13 0.435682 0.065337 0.468604 0.065337 0.468604 0.092641 0.435682 0.092641 0.435682 0.065337
13 0.434968 0.802896 0.467889 0.802896 0.467889 0.830200 0.434968 0.830200 0.434968 0.802896
13 0.782058 0.803445 0.814979 0.803445 0.814979 0.830749 0.782058 0.830749 0.782058 0.803445
13 0.092111 0.803884 0.125032 0.803884 0.125032 0.831187 0.092111 0.831187 0.092111 0.803884
9 0.444473 0.081465 0.459813 0.076513 0.806189 0.814621 0.790848 0.819572 
9 0.108578 0.824361 0.108565 0.810710 0.798512 0.810271 0.798525 0.823923 
9 0.444464 0.076532 0.459822 0.081446 0.116250 0.819993 0.100893 0.815079 
9 0.443912 0.078983 0.460373 0.078994 0.459659 0.816554 0.443198 0.816543 
19 0.701796 0.259342 0.927934 0.259342 0.927934 0.368039 0.701796 0.368039
19 0.335006 0.847680 0.562687 0.847680 0.562687 0.953893 0.335006 0.953893
12 0.430954 0.672199 0.622695 0.672199 0.622695 0.830098 0.430954 0.830098
1 0.460905 0.313993 0.679012 0.313993 0.679012 0.436860 0.460905 0.436860
7 0.466800 0.364181 0.566714 0.364181 0.566714 0.436280 0.466800 0.436280
