13 0.896702 0.092687 0.909817 0.092687 0.909817 0.114786 0.896702 0.114786 0.896702 0.092687
13 0.344290 0.208950 0.357405 0.208950 0.357405 0.231050 0.344290 0.231050 0.344290 0.208950
13 0.235816 0.474665 0.248930 0.474665 0.248930 0.496764 0.235816 0.496764 0.235816 0.474665
13 0.489036 0.474665 0.502151 0.474665 0.502151 0.496764 0.489036 0.496764 0.489036 0.474665
13 0.741465 0.474030 0.754580 0.474030 0.754580 0.496129 0.741465 0.496129 0.741465 0.474030
13 0.633443 0.737522 0.646557 0.737522 0.646557 0.759621 0.633443 0.759621 0.633443 0.737522
13 0.079883 0.854665 0.092998 0.854665 0.092998 0.876764 0.079883 0.876764 0.079883 0.854665
9 0.348437 0.223745 0.353258 0.216255 0.642411 0.744827 0.637589 0.752316 
9 0.900558 0.100605 0.905961 0.106868 0.642701 0.751703 0.637299 0.745440 
9 0.088029 0.870548 0.084853 0.860881 0.901671 0.098903 0.904847 0.108570 
9 0.348149 0.216862 0.353546 0.223138 0.089139 0.868852 0.083742 0.862577 
9 0.242375 0.491239 0.242370 0.480189 0.748020 0.479555 0.748025 0.490604 
22 0.186393 0.425147 0.229021 0.425147 0.229021 0.526765 0.186393 0.526765
22 0.025832 0.853185 0.071337 0.853185 0.071337 0.958806 0.025832 0.958806
22 0.463402 0.525818 0.513006 0.525818 0.513006 0.625869 0.463402 0.625869
22 0.609226 0.767874 0.659516 0.767874 0.659516 0.873963 0.609226 0.873963
22 0.775171 0.426858 0.820261 0.426858 0.820261 0.529688 0.775171 0.529688
22 0.911118 0.047438 0.962691 0.047438 0.962691 0.149909 0.911118 0.149909
22 0.320792 0.090123 0.373195 0.090123 0.373195 0.196242 0.320792 0.196242
2 0.268599 0.619241 0.311681 0.619241 0.311681 0.730987 0.268599 0.730987
2 0.678419 0.235427 0.722131 0.235427 0.722131 0.347852 0.678419 0.347852
