13 0.530209 0.133302 0.552807 0.133302 0.552807 0.159446 0.530209 0.159446 0.530209 0.133302
13 0.392737 0.491983 0.415336 0.491983 0.415336 0.518127 0.392737 0.518127 0.392737 0.491983
13 0.054471 0.532642 0.077070 0.532642 0.077070 0.558786 0.054471 0.558786 0.054471 0.532642
13 0.661143 0.733277 0.683742 0.733277 0.683742 0.759421 0.661143 0.759421 0.661143 0.733277
13 0.474431 0.874995 0.497030 0.874995 0.497030 0.901139 0.474431 0.901139 0.474431 0.874995
9 0.069089 0.551004 0.062453 0.540424 0.538190 0.141084 0.544826 0.151664 
9 0.536030 0.147974 0.546986 0.144774 0.677920 0.744749 0.666964 0.747949 
9 0.488830 0.893532 0.482632 0.882602 0.669343 0.740884 0.675542 0.751814 
9 0.062517 0.551057 0.069025 0.540372 0.488985 0.882725 0.482477 0.893410 
3 0.741089 0.504465 0.722712 0.631871 0.669571 0.745471 0.587425 0.832954 0.485175 0.884840 0.373903 0.895506 0.265667 0.863797 0.172194 0.793149 0.103615 0.691218 0.067362 0.569049 0.067362 0.439882 0.103615 0.317713 0.172194 0.215781 0.265667 0.145133 0.373903 0.113425 0.485175 0.124091 0.587425 0.175977 0.669571 0.263460 0.722712 0.377060 0.741089 0.504465
18 0.402013 0.269814 0.548865 0.269814 0.548865 0.383148 0.402013 0.383148
18 0.751347 0.337431 0.941359 0.337431 0.941359 0.451679 0.751347 0.451679
18 0.593821 0.823782 0.685797 0.823782 0.685797 0.930902 0.593821 0.930902
18 0.452266 0.730810 0.548971 0.730810 0.548971 0.839913 0.452266 0.839913
18 0.152364 0.486464 0.299745 0.486464 0.299745 0.598596 0.152364 0.598596
18 0.093006 0.097062 0.194271 0.097062 0.194271 0.211964 0.093006 0.211964
