13 0.354291 0.038933 0.370008 0.038933 0.370008 0.058210 0.354291 0.058210 0.354291 0.038933
13 0.396559 0.038154 0.412277 0.038154 0.412277 0.057431 0.396559 0.057431 0.396559 0.038154
13 0.327188 0.234361 0.342905 0.234361 0.342905 0.253639 0.327188 0.253639 0.327188 0.234361
13 0.500638 0.235037 0.516355 0.235037 0.516355 0.254314 0.500638 0.254314 0.500638 0.235037
13 0.752266 0.235441 0.767983 0.235441 0.767983 0.254718 0.752266 0.254718 0.752266 0.235441
13 0.193076 0.233219 0.208793 0.233219 0.208793 0.252496 0.193076 0.252496 0.193076 0.233219
13 0.102733 0.408139 0.118450 0.408139 0.118450 0.427416 0.102733 0.427416 0.102733 0.408139
13 0.301137 0.408219 0.316854 0.408219 0.316854 0.427496 0.301137 0.427496 0.301137 0.408219
13 0.593388 0.408139 0.609105 0.408139 0.609105 0.427416 0.593388 0.427416 0.593388 0.408139
13 0.840272 0.408647 0.855989 0.408647 0.855989 0.427924 0.840272 0.427924 0.840272 0.408647
13 0.017842 0.705790 0.033559 0.705790 0.033559 0.725067 0.017842 0.725067 0.017842 0.705790
13 0.258497 0.704647 0.274214 0.704647 0.274214 0.723924 0.258497 0.723924 0.258497 0.704647
13 0.750085 0.704647 0.765802 0.704647 0.765802 0.723924 0.750085 0.723924 0.750085 0.704647
13 0.939805 0.704647 0.955522 0.704647 0.955522 0.723924 0.939805 0.723924 0.939805 0.704647
13 0.880417 0.946725 0.896134 0.946725 0.896134 0.966002 0.880417 0.966002 0.880417 0.946725
13 0.221113 0.954933 0.236831 0.954933 0.236831 0.974210 0.221113 0.974210 0.221113 0.954933
9 0.200922 0.247676 0.200947 0.238038 0.760137 0.240260 0.760112 0.249899 
9 0.110590 0.422597 0.110594 0.412959 0.848133 0.413466 0.848129 0.423105 
9 0.025705 0.720248 0.025697 0.710609 0.947660 0.709466 0.947668 0.719105 
9 0.358281 0.047725 0.366018 0.049417 0.232840 0.965417 0.225104 0.963725 
9 0.401128 0.050428 0.407708 0.045157 0.891565 0.953728 0.884986 0.958999 
22 0.274959 0.143150 0.327854 0.143150 0.327854 0.226298 0.274959 0.226298
22 0.512204 0.144459 0.565730 0.144459 0.565730 0.230042 0.512204 0.230042
0 0.310984 0.233870 0.425544 0.233870 0.425544 0.355906 0.310984 0.355906
19 0.569121 0.278603 0.640246 0.278603 0.640246 0.361940 0.569121 0.361940
16 0.385615 0.316101 0.429542 0.316101 0.429542 0.396791 0.385615 0.396791
22 0.229647 0.428309 0.284033 0.428309 0.284033 0.512680 0.229647 0.512680
0 0.285717 0.406091 0.402085 0.406091 0.402085 0.535288 0.285717 0.535288
22 0.655549 0.432202 0.707813 0.432202 0.707813 0.515594 0.655549 0.515594
16 0.361757 0.493861 0.411509 0.493861 0.411509 0.576066 0.361757 0.576066
19 0.194221 0.527145 0.270125 0.527145 0.270125 0.610006 0.194221 0.610006
22 0.206743 0.613632 0.259609 0.613632 0.259609 0.696779 0.206743 0.696779
22 0.758388 0.611279 0.816774 0.611279 0.816774 0.695653 0.758388 0.695653
0 0.243547 0.697799 0.355611 0.697799 0.355611 0.828730 0.243547 0.828730
19 0.261440 0.281324 0.309058 0.281324 0.309058 0.362840 0.261440 0.362840
16 0.315962 0.789504 0.366240 0.789504 0.366240 0.873081 0.315962 0.873081
