13 0.494933 0.150350 0.516496 0.150350 0.516496 0.171684 0.494933 0.171684 0.494933 0.150350
13 0.745702 0.240094 0.767265 0.240094 0.767265 0.261427 0.745702 0.261427 0.745702 0.240094
13 0.494933 0.534531 0.516496 0.534531 0.516496 0.555864 0.494933 0.555864 0.494933 0.534531
13 0.833894 0.728419 0.855457 0.728419 0.855457 0.749752 0.833894 0.749752 0.833894 0.728419
13 0.196647 0.784249 0.218210 0.784249 0.218210 0.805582 0.196647 0.805582 0.196647 0.784249
9 0.500323 0.155684 0.511105 0.155684 0.511105 0.550531 0.500323 0.550531 
9 0.210911 0.798987 0.203946 0.790844 0.502232 0.541126 0.509197 0.549269 
9 0.752361 0.247324 0.760606 0.254197 0.509837 0.548634 0.501592 0.541761 
9 0.503016 0.549815 0.508413 0.540581 0.847374 0.734469 0.841977 0.743703 
3 0.895873 0.547414 0.874725 0.672797 0.813572 0.784592 0.719041 0.870686 0.601376 0.921748 0.473328 0.932245 0.348773 0.901040 0.241208 0.831514 0.162290 0.731201 0.120570 0.610972 0.120570 0.483856 0.162290 0.363627 0.241208 0.263314 0.348773 0.193788 0.473328 0.162583 0.601376 0.173080 0.719041 0.224142 0.813572 0.310236 0.874725 0.422031 0.895873 0.547414
22 0.470477 0.046377 0.548038 0.046377 0.548038 0.138679 0.470477 0.138679
22 0.745863 0.134302 0.824485 0.134302 0.824485 0.226618 0.745863 0.226618
18 0.521416 0.303531 0.652313 0.303531 0.652313 0.392584 0.521416 0.392584
22 0.402971 0.449451 0.474821 0.449451 0.474821 0.541215 0.402971 0.541215
18 0.577356 0.479867 0.709848 0.479867 0.709848 0.569882 0.577356 0.569882
22 0.856788 0.734794 0.927449 0.734794 0.927449 0.828221 0.856788 0.828221
22 0.107116 0.788366 0.178787 0.788366 0.178787 0.880566 0.107116 0.880566
18 0.430728 0.613123 0.602364 0.613123 0.602364 0.706061 0.430728 0.706061
