13 0.143347 0.892106 0.160225 0.892106 0.160225 0.916058 0.143347 0.916058 0.143347 0.892106
13 0.498695 0.886046 0.515573 0.886046 0.515573 0.909998 0.498695 0.909998 0.498695 0.886046
13 0.499005 0.465387 0.515883 0.465387 0.515883 0.489339 0.499005 0.489339 0.499005 0.465387
13 0.923877 0.465983 0.940754 0.465983 0.940754 0.489935 0.923877 0.489935 0.923877 0.465983
13 0.027314 0.465357 0.044192 0.465357 0.044192 0.489309 0.027314 0.489309 0.027314 0.465357
13 0.500778 0.048024 0.517655 0.048024 0.517655 0.071976 0.500778 0.071976 0.500778 0.048024
13 0.853844 0.047804 0.870722 0.047804 0.870722 0.071756 0.853844 0.071756 0.853844 0.047804
9 0.154495 0.908673 0.149077 0.899491 0.859574 0.055189 0.864992 0.064371 
9 0.035751 0.483321 0.035755 0.471345 0.932318 0.471971 0.932314 0.483947 
9 0.504997 0.059979 0.513436 0.060021 0.511353 0.898043 0.502915 0.898001 
20 0.532101 0.042379 0.579517 0.042379 0.579517 0.125123 0.532101 0.125123
16 0.515463 0.307951 0.562483 0.307951 0.562483 0.407514 0.515463 0.407514
20 0.888011 0.354203 0.932661 0.354203 0.932661 0.444616 0.888011 0.444616
16 0.607717 0.359320 0.654855 0.359320 0.654855 0.458457 0.607717 0.458457
16 0.375633 0.353384 0.425783 0.353384 0.425783 0.456086 0.375633 0.456086
12 0.426230 0.360701 0.519895 0.360701 0.519895 0.496619 0.426230 0.496619
16 0.351475 0.493307 0.403380 0.493307 0.403380 0.591540 0.351475 0.591540
16 0.518212 0.497299 0.568998 0.497299 0.568998 0.598016 0.518212 0.598016
16 0.445774 0.559651 0.494741 0.559651 0.494741 0.660205 0.445774 0.660205
