13 0.087157 0.797675 0.102843 0.797675 0.102843 0.824611 0.087157 0.824611 0.087157 0.797675
13 0.328407 0.415461 0.344093 0.415461 0.344093 0.442397 0.328407 0.442397 0.328407 0.415461
13 0.496667 0.152246 0.512353 0.152246 0.512353 0.179182 0.496667 0.179182 0.496667 0.152246
13 0.664032 0.416532 0.679718 0.416532 0.679718 0.443468 0.664032 0.443468 0.664032 0.416532
13 0.497157 0.527756 0.512843 0.527756 0.512843 0.554693 0.497157 0.554693 0.497157 0.527756
13 0.905824 0.798246 0.921510 0.798246 0.921510 0.825182 0.905824 0.825182 0.905824 0.798246
9 0.096408 0.817428 0.093592 0.804858 0.670467 0.423715 0.673283 0.436285 
9 0.501856 0.170671 0.507164 0.160757 0.916321 0.806757 0.911012 0.816671 
9 0.334838 0.435211 0.337662 0.422646 0.915079 0.805432 0.912254 0.817996 
9 0.097652 0.816104 0.092348 0.806182 0.501858 0.160753 0.507162 0.170675 
22 0.474526 0.031157 0.551458 0.031157 0.551458 0.145359 0.474526 0.145359
2 0.390571 0.228726 0.457623 0.228726 0.457623 0.346608 0.390571 0.346608
2 0.549144 0.228508 0.615726 0.228508 0.615726 0.346675 0.549144 0.346675
22 0.280705 0.321165 0.333130 0.321165 0.333130 0.433098 0.280705 0.433098
22 0.687627 0.325334 0.743124 0.325334 0.743124 0.439324 0.687627 0.439324
22 0.478497 0.577984 0.529243 0.577984 0.529243 0.691180 0.478497 0.691180
0 0.168248 0.670347 0.202352 0.670347 0.202352 0.757167 0.168248 0.757167
0 0.806318 0.673567 0.840014 0.673567 0.840014 0.755697 0.806318 0.755697
22 0.026880 0.831004 0.082927 0.831004 0.082927 0.947218 0.026880 0.947218
22 0.925032 0.834198 0.983802 0.834198 0.983802 0.949409 0.925032 0.949409
