13 0.044909 0.192916 0.077298 0.192916 0.077298 0.248088 0.044909 0.248088 0.044909 0.192916
13 0.814176 0.190605 0.846565 0.190605 0.846565 0.245777 0.814176 0.245777 0.814176 0.190605
13 0.813866 0.783587 0.846255 0.783587 0.846255 0.838759 0.813866 0.838759 0.813866 0.783587
13 0.043006 0.783752 0.075394 0.783752 0.075394 0.838924 0.043006 0.838924 0.043006 0.783752
9 0.057775 0.233076 0.064432 0.207928 0.833389 0.798599 0.826732 0.823747 
9 0.057578 0.227713 0.057565 0.200127 0.828901 0.199072 0.828914 0.226658 
9 0.059201 0.825131 0.059199 0.797545 0.830060 0.797380 0.830062 0.824966 
9 0.820191 0.212935 0.836385 0.212796 0.838158 0.811103 0.821964 0.811243 
9 0.048855 0.212792 0.065050 0.212938 0.063192 0.809796 0.046998 0.809650 
19 0.388664 0.041379 0.485830 0.041379 0.485830 0.186207 0.388664 0.186207
12 0.744939 0.186207 0.846154 0.186207 0.846154 0.358621 0.744939 0.358621
19 0.850202 0.441379 0.943320 0.441379 0.943320 0.586207 0.850202 0.586207
19 0.384615 0.544828 0.445344 0.544828 0.445344 0.655172 0.384615 0.655172
12 0.040486 0.662069 0.137652 0.662069 0.137652 0.834483 0.040486 0.834483
