13 0.509104 0.018810 0.526610 0.018810 0.526610 0.044047 0.509104 0.044047 0.509104 0.018810
13 0.698093 0.023453 0.715598 0.023453 0.715598 0.048690 0.698093 0.048690 0.698093 0.023453
13 0.384104 0.250239 0.401610 0.250239 0.401610 0.275475 0.384104 0.275475 0.384104 0.250239
13 0.697596 0.250239 0.715102 0.250239 0.715102 0.275475 0.697596 0.275475 0.697596 0.250239
13 0.040087 0.250239 0.057593 0.250239 0.057593 0.275475 0.040087 0.275475 0.040087 0.250239
13 0.898844 0.251055 0.916349 0.251055 0.916349 0.276292 0.898844 0.276292 0.898844 0.251055
13 0.039395 0.473477 0.056901 0.473477 0.056901 0.498714 0.039395 0.498714 0.039395 0.473477
13 0.263225 0.472217 0.280731 0.472217 0.280731 0.497453 0.263225 0.497453 0.263225 0.472217
13 0.697596 0.472144 0.715102 0.472144 0.715102 0.497380 0.697596 0.497380 0.697596 0.472144
13 0.899448 0.474239 0.916954 0.474239 0.916954 0.499475 0.899448 0.499475 0.899448 0.474239
13 0.039610 0.697739 0.057116 0.697739 0.057116 0.722975 0.039610 0.722975 0.039610 0.697739
13 0.144025 0.697586 0.161531 0.697586 0.161531 0.722822 0.144025 0.722822 0.144025 0.697586
13 0.697596 0.695953 0.715102 0.695953 0.715102 0.721190 0.697596 0.721190 0.697596 0.695953
13 0.899448 0.697096 0.916954 0.697096 0.916954 0.722333 0.899448 0.722333 0.899448 0.697096
13 0.046803 0.875953 0.064308 0.875953 0.064308 0.901190 0.046803 0.901190 0.046803 0.875953
13 0.698730 0.887382 0.716236 0.887382 0.716236 0.912618 0.698730 0.912618 0.698730 0.887382
9 0.514402 0.027556 0.521312 0.035301 0.059010 0.892444 0.052101 0.884699 
9 0.048837 0.269166 0.048843 0.256548 0.907599 0.257364 0.907593 0.269983 
9 0.702469 0.036078 0.711222 0.036065 0.711859 0.899993 0.703107 0.900007 
9 0.048145 0.492404 0.048151 0.479786 0.908204 0.480548 0.908198 0.493166 
9 0.048365 0.716666 0.048361 0.704048 0.908199 0.703405 0.908203 0.716023 
5 0.289309 0.320380 0.372976 0.320380 0.372976 0.435074 0.289309 0.435074
2 0.660748 0.352712 0.748538 0.352712 0.748538 0.414126 0.660748 0.414126
19 0.746912 0.329123 0.795210 0.329123 0.795210 0.429107 0.746912 0.429107
2 0.665254 0.548172 0.752878 0.548172 0.752878 0.605059 0.665254 0.605059
5 0.171301 0.536391 0.255344 0.536391 0.255344 0.650175 0.171301 0.650175
19 0.039409 0.313542 0.284512 0.313542 0.284512 0.430630 0.039409 0.430630
19 0.262577 0.536774 0.465139 0.536774 0.465139 0.642880 0.262577 0.642880
19 0.745284 0.504389 0.969879 0.504389 0.969879 0.682160 0.745284 0.682160
