13 0.294305 0.140762 0.314206 0.140762 0.314206 0.162095 0.294305 0.162095 0.294305 0.140762
13 0.112874 0.392970 0.132774 0.392970 0.132774 0.414303 0.112874 0.414303 0.112874 0.392970
13 0.859972 0.397126 0.879873 0.397126 0.879873 0.418459 0.859972 0.418459 0.859972 0.397126
13 0.485214 0.499983 0.505115 0.499983 0.505115 0.521316 0.485214 0.521316 0.485214 0.499983
13 0.820901 0.709333 0.840801 0.709333 0.840801 0.730667 0.820901 0.730667 0.820901 0.709333
9 0.121536 0.408788 0.124112 0.398485 0.496453 0.505498 0.493876 0.515801 
9 0.492663 0.515259 0.497666 0.506039 0.833353 0.715390 0.828349 0.724610 
9 0.496398 0.515816 0.493930 0.505483 0.868689 0.402626 0.871157 0.412959 
9 0.299933 0.154069 0.308578 0.148788 0.499487 0.508009 0.490842 0.513289 
3 0.883201 0.511100 0.862188 0.646092 0.801425 0.766456 0.707498 0.859148 0.590584 0.914123 0.463354 0.925425 0.339594 0.891828 0.232716 0.816973 0.154301 0.708973 0.112848 0.579530 0.112848 0.442671 0.154301 0.313228 0.232716 0.205227 0.339594 0.130373 0.463354 0.096776 0.590584 0.108078 0.707498 0.163053 0.801425 0.255745 0.862188 0.376108 0.883201 0.511100
22 0.230438 0.055462 0.302560 0.055462 0.302560 0.146231 0.230438 0.146231
22 0.037500 0.347696 0.102875 0.347696 0.102875 0.438923 0.037500 0.438923
22 0.888009 0.350808 0.956698 0.350808 0.956698 0.442266 0.888009 0.442266
18 0.285130 0.357998 0.407282 0.357998 0.407282 0.447891 0.285130 0.447891
18 0.587106 0.484664 0.710090 0.484664 0.710090 0.572709 0.587106 0.572709
22 0.838235 0.700323 0.904468 0.700323 0.904468 0.793905 0.838235 0.793905
