13 0.418437 0.119215 0.437530 0.119215 0.437530 0.139833 0.418437 0.139833 0.418437 0.119215
13 0.660487 0.337743 0.679580 0.337743 0.679580 0.358361 0.660487 0.358361 0.660487 0.337743
13 0.830665 0.338262 0.849758 0.338262 0.849758 0.358881 0.830665 0.358881 0.830665 0.338262
13 0.419025 0.461119 0.438118 0.461119 0.438118 0.481738 0.419025 0.481738 0.419025 0.461119
13 0.105092 0.504611 0.124185 0.504611 0.124185 0.525230 0.105092 0.525230 0.105092 0.504611
13 0.347596 0.721119 0.366689 0.721119 0.366689 0.741738 0.347596 0.741738 0.347596 0.721119
13 0.516027 0.721754 0.535120 0.721754 0.535120 0.742373 0.516027 0.742373 0.516027 0.721754
13 0.107443 0.844929 0.126537 0.844929 0.126537 0.865547 0.107443 0.865547 0.107443 0.844929
9 0.424922 0.133478 0.431045 0.125569 0.673095 0.344097 0.666972 0.352007 
9 0.670020 0.353207 0.670047 0.342897 0.840225 0.343417 0.840198 0.353726 
9 0.429843 0.476397 0.427300 0.466460 0.838940 0.343603 0.841483 0.353540 
9 0.423210 0.129533 0.432757 0.129514 0.433345 0.471419 0.423798 0.471438 
9 0.111597 0.518893 0.117680 0.510948 0.360184 0.727456 0.354101 0.735401 
9 0.357126 0.736583 0.357160 0.726274 0.525590 0.726909 0.525557 0.737218 
9 0.118273 0.860203 0.115707 0.850273 0.524290 0.727099 0.526857 0.737028 
9 0.109865 0.514959 0.119412 0.514882 0.121763 0.855200 0.112217 0.855277 
22 0.336086 0.480994 0.420083 0.480994 0.420083 0.581312 0.336086 0.581312
22 0.340167 0.613563 0.414032 0.613563 0.414032 0.709224 0.340167 0.709224
22 0.548775 0.675456 0.624726 0.675456 0.624726 0.773348 0.548775 0.773348
22 0.045090 0.871227 0.112119 0.871227 0.112119 0.969290 0.045090 0.969290
22 0.061307 0.406785 0.125820 0.406785 0.125820 0.501206 0.061307 0.501206
22 0.378930 0.023091 0.458434 0.023091 0.458434 0.116677 0.378930 0.116677
22 0.653515 0.227038 0.750057 0.227038 0.750057 0.325883 0.653515 0.325883
22 0.864048 0.289924 0.956569 0.289924 0.956569 0.388754 0.864048 0.388754
