13 0.187951 0.765791 0.212341 0.765791 0.212341 0.807028 0.187951 0.807028 0.187951 0.765791
13 0.555190 0.765482 0.579580 0.765482 0.579580 0.806719 0.555190 0.806719 0.555190 0.765482
13 0.713882 0.168880 0.738273 0.168880 0.738273 0.210117 0.713882 0.210117 0.713882 0.168880
13 0.346446 0.169156 0.370837 0.169156 0.370837 0.210393 0.346446 0.210393 0.346446 0.169156
9 0.200149 0.796719 0.200143 0.776100 0.567382 0.775791 0.567388 0.796410 
9 0.720516 0.185270 0.731639 0.193726 0.572946 0.790329 0.561824 0.781872 
9 0.358644 0.200084 0.358639 0.179465 0.726075 0.179189 0.726080 0.199807 
9 0.353079 0.185551 0.364204 0.193998 0.205708 0.790633 0.194584 0.782185 
19 0.262625 0.806490 0.507647 0.806490 0.507647 0.950476 0.262625 0.950476
19 0.669689 0.418399 0.915485 0.418399 0.915485 0.555069 0.669689 0.555069
19 0.054719 0.369712 0.266911 0.369712 0.266911 0.500278 0.054719 0.500278
19 0.507350 0.018788 0.592063 0.018788 0.592063 0.161703 0.507350 0.161703
