13 0.125190 0.611157 0.152776 0.611157 0.152776 0.639129 0.125190 0.639129 0.125190 0.611157
13 0.189597 0.165174 0.217183 0.165174 0.217183 0.193146 0.189597 0.193146 0.189597 0.165174
13 0.858257 0.826014 0.885844 0.826014 0.885844 0.853986 0.858257 0.853986 0.858257 0.826014
9 0.137068 0.631861 0.140898 0.618425 0.873966 0.833282 0.870135 0.846718 
9 0.198576 0.184167 0.208203 0.174152 0.876864 0.834992 0.867237 0.845008 
9 0.196566 0.178146 0.210214 0.180173 0.145807 0.626156 0.132159 0.624130 
22 0.124697 0.051728 0.218408 0.051728 0.218408 0.155571 0.124697 0.155571
22 0.033078 0.621850 0.124611 0.621850 0.124611 0.725689 0.033078 0.725689
19 0.437237 0.755971 0.509425 0.755971 0.509425 0.854726 0.437237 0.854726
19 0.090646 0.343453 0.156103 0.343453 0.156103 0.423808 0.090646 0.423808
22 0.842586 0.861770 0.939275 0.861770 0.939275 0.968100 0.842586 0.968100
19 0.524045 0.379105 0.622895 0.379105 0.622895 0.476691 0.524045 0.476691
18 0.491687 0.615413 0.634664 0.615413 0.634664 0.721171 0.491687 0.721171
