13 0.126416 0.814392 0.145601 0.814392 0.145601 0.844021 0.126416 0.844021 0.126416 0.814392
13 0.596786 0.814392 0.615971 0.814392 0.615971 0.844021 0.596786 0.844021 0.596786 0.814392
13 0.827445 0.815773 0.846629 0.815773 0.846629 0.845403 0.827445 0.845403 0.827445 0.815773
13 0.943185 0.815899 0.962370 0.815899 0.962370 0.845529 0.943185 0.845529 0.943185 0.815899
13 0.942260 0.639471 0.961444 0.639471 0.961444 0.669101 0.942260 0.669101 0.942260 0.639471
13 0.828432 0.636614 0.847617 0.636614 0.847617 0.666243 0.828432 0.666243 0.828432 0.636614
13 0.827260 0.460042 0.846444 0.460042 0.846444 0.489672 0.827260 0.489672 0.827260 0.460042
13 0.597404 0.458519 0.616588 0.458519 0.616588 0.488148 0.597404 0.488148 0.597404 0.458519
13 0.597630 0.088614 0.616815 0.088614 0.616815 0.118243 0.597630 0.118243 0.597630 0.088614
13 0.126622 0.088360 0.145806 0.088360 0.145806 0.117989 0.126622 0.117989 0.126622 0.088360
9 0.136002 0.836614 0.136014 0.821799 0.952784 0.823307 0.952772 0.838122 
9 0.947056 0.654346 0.956648 0.654226 0.957574 0.830654 0.947982 0.830774 
9 0.832056 0.474863 0.841648 0.474851 0.841833 0.830582 0.832241 0.830594 
9 0.602426 0.103415 0.612018 0.103442 0.611175 0.829220 0.601582 0.829193 
9 0.131418 0.103171 0.141010 0.103178 0.140804 0.829210 0.131212 0.829203 
9 0.136212 0.110582 0.136216 0.095767 0.607224 0.096021 0.607221 0.110836 
9 0.606975 0.480741 0.607016 0.465926 0.836872 0.467450 0.836831 0.482264 
9 0.837947 0.658835 0.838103 0.644022 0.951930 0.646879 0.951774 0.661692 
22 0.566848 0.843906 0.636572 0.843906 0.636572 0.954531 0.566848 0.954531
22 0.910837 0.844883 0.988312 0.844883 0.988312 0.955112 0.910837 0.955112
21 0.683453 0.600000 0.752998 0.600000 0.752998 0.718519 0.683453 0.718519
22 0.100933 0.846586 0.160926 0.846586 0.160926 0.954209 0.100933 0.954209
21 0.335731 0.400000 0.405276 0.400000 0.405276 0.514815 0.335731 0.514815
22 0.802332 0.846204 0.857610 0.846204 0.857610 0.957185 0.802332 0.957185
21 0.865707 0.692593 0.930456 0.692593 0.930456 0.803704 0.865707 0.803704
