13 0.029816 0.787606 0.038755 0.787606 0.038755 0.809584 0.029816 0.809584 0.029816 0.787606
13 0.225531 0.788191 0.234469 0.788191 0.234469 0.810169 0.225531 0.810169 0.225531 0.788191
13 0.782197 0.786435 0.791136 0.786435 0.791136 0.808413 0.782197 0.808413 0.782197 0.786435
13 0.596483 0.218519 0.605422 0.218519 0.605422 0.240497 0.596483 0.240497 0.596483 0.218519
9 0.034287 0.804089 0.034284 0.793100 0.786665 0.791929 0.786668 0.802918 
9 0.599211 0.232951 0.602694 0.226065 0.788408 0.793981 0.784925 0.800867 
9 0.231184 0.803841 0.228816 0.794520 0.599769 0.224848 0.602136 0.234168 
1 0.587709 0.247253 0.678212 0.247253 0.678212 0.354396 0.587709 0.354396
1 0.737430 0.645604 0.824581 0.645604 0.824581 0.780220 0.737430 0.780220
7 0.589401 0.308894 0.611982 0.308894 0.611982 0.354419 0.589401 0.354419
7 0.739900 0.722554 0.759434 0.722554 0.759434 0.773334 0.739900 0.773334
18 0.644106 0.114195 0.835792 0.114195 0.835792 0.252746 0.644106 0.252746
18 0.827417 0.630611 0.972490 0.630611 0.972490 0.766123 0.827417 0.766123
18 0.166047 0.648664 0.252849 0.648664 0.252849 0.764887 0.166047 0.764887
22 0.790083 0.810036 0.833056 0.810036 0.833056 0.926901 0.790083 0.926901
22 0.194705 0.812364 0.238432 0.812364 0.238432 0.927272 0.194705 0.927272
22 0.579311 0.081848 0.621768 0.081848 0.621768 0.197632 0.579311 0.197632
