13 0.872439 0.151024 0.887337 0.151024 0.887337 0.167726 0.872439 0.167726 0.872439 0.151024
13 0.397579 0.194774 0.412477 0.194774 0.412477 0.211476 0.397579 0.211476 0.397579 0.194774
13 0.766294 0.541649 0.781192 0.541649 0.781192 0.558351 0.766294 0.558351 0.766294 0.541649
13 0.095903 0.613524 0.110801 0.613524 0.110801 0.630226 0.095903 0.630226 0.095903 0.613524
13 0.439479 0.735399 0.454376 0.735399 0.454376 0.752101 0.439479 0.752101 0.439479 0.735399
13 0.693669 0.826024 0.708566 0.826024 0.708566 0.842726 0.693669 0.842726 0.693669 0.826024
9 0.876318 0.158187 0.883459 0.160563 0.704688 0.835563 0.697547 0.833187 
9 0.102226 0.625855 0.104478 0.617895 0.702243 0.830395 0.699992 0.838355 
3 0.782866 0.461901 0.768753 0.556719 0.727942 0.641262 0.664856 0.706369 0.586332 0.744984 0.500878 0.752922 0.417755 0.729324 0.345971 0.676746 0.293304 0.600886 0.265462 0.509966 0.265462 0.413836 0.293304 0.322915 0.345971 0.247056 0.417755 0.194478 0.500878 0.170880 0.586332 0.178818 0.664856 0.217433 0.727942 0.282539 0.768753 0.367083 0.782866 0.461901
22 0.328044 0.101380 0.402371 0.101380 0.402371 0.192266 0.328044 0.192266
22 0.787751 0.510910 0.862086 0.510910 0.862086 0.603707 0.787751 0.603707
18 0.566431 0.606986 0.682131 0.606986 0.682131 0.701455 0.566431 0.701455
22 0.380691 0.749944 0.453683 0.749944 0.453683 0.841261 0.380691 0.841261
22 0.693942 0.830142 0.766344 0.830142 0.766344 0.921233 0.693942 0.921233
