13 0.100066 0.835626 0.116260 0.835626 0.116260 0.861516 0.100066 0.861516 0.100066 0.835626
13 0.775066 0.835626 0.791260 0.835626 0.791260 0.861516 0.775066 0.861516 0.775066 0.835626
13 0.209760 0.487055 0.225954 0.487055 0.225954 0.512945 0.209760 0.512945 0.209760 0.487055
13 0.319046 0.137912 0.335240 0.137912 0.335240 0.163802 0.319046 0.163802 0.319046 0.137912
13 0.884363 0.485785 0.900557 0.485785 0.900557 0.511675 0.884363 0.511675 0.884363 0.485785
9 0.108163 0.855044 0.108163 0.842099 0.783163 0.842099 0.783163 0.855044 
9 0.216400 0.506039 0.219314 0.493961 0.784620 0.842533 0.781706 0.854610 
9 0.217862 0.506472 0.217852 0.493528 0.892456 0.492258 0.892465 0.505203 
9 0.325689 0.156898 0.328597 0.144817 0.893915 0.492690 0.891006 0.504771 
9 0.323524 0.147954 0.330761 0.153760 0.111782 0.851474 0.104545 0.845669 
22 0.263224 0.027325 0.321080 0.027325 0.321080 0.135130 0.263224 0.135130
0 0.734773 0.400437 0.767719 0.400437 0.767719 0.510297 0.734773 0.510297
22 0.145958 0.433467 0.198768 0.433467 0.198768 0.541408 0.145958 0.541408
10 0.505200 0.453758 0.559041 0.453758 0.559041 0.544677 0.505200 0.544677
22 0.904339 0.444997 0.958252 0.444997 0.958252 0.557095 0.904339 0.557095
0 0.629812 0.751715 0.662668 0.751715 0.662668 0.860258 0.629812 0.860258
10 0.404403 0.800931 0.457596 0.800931 0.457596 0.892566 0.404403 0.892566
22 0.793583 0.794241 0.845958 0.794241 0.845958 0.907736 0.793583 0.907736
22 0.027779 0.822266 0.083683 0.822266 0.083683 0.931348 0.027779 0.931348
