13 0.489063 0.177730 0.507163 0.177730 0.507163 0.205127 0.489063 0.205127 0.489063 0.177730
13 0.335395 0.409793 0.353494 0.409793 0.353494 0.437191 0.335395 0.437191 0.335395 0.409793
13 0.642129 0.410587 0.660229 0.410587 0.660229 0.437984 0.642129 0.437984 0.642129 0.410587
13 0.489063 0.641427 0.507163 0.641427 0.507163 0.668825 0.489063 0.668825 0.489063 0.641427
13 0.027680 0.872397 0.045779 0.872397 0.045779 0.899794 0.027680 0.899794 0.027680 0.872397
13 0.946999 0.872016 0.965099 0.872016 0.965099 0.899413 0.946999 0.899413 0.946999 0.872016
9 0.039921 0.890951 0.033539 0.881239 0.494922 0.186572 0.501304 0.196285 
9 0.494911 0.196268 0.501315 0.186589 0.959251 0.880875 0.952847 0.890554 
9 0.341252 0.428345 0.347637 0.418639 0.501306 0.650273 0.494920 0.659979 
9 0.501307 0.659978 0.494920 0.650274 0.647986 0.419434 0.654373 0.429138 
22 0.461722 0.056026 0.527180 0.056026 0.527180 0.168449 0.461722 0.168449
19 0.586172 0.547760 0.641066 0.547760 0.641066 0.658453 0.586172 0.658453
19 0.356750 0.548159 0.411358 0.548159 0.411358 0.657876 0.356750 0.657876
22 0.463444 0.682858 0.525062 0.682858 0.525062 0.798378 0.463444 0.798378
12 0.335111 0.331165 0.457814 0.331165 0.457814 0.511012 0.335111 0.511012
12 0.537240 0.330964 0.659666 0.330964 0.659666 0.512819 0.537240 0.512819
