13 0.492902 0.067097 0.518461 0.067097 0.518461 0.092903 0.492902 0.092903 0.492902 0.067097
13 0.069607 0.491587 0.095166 0.491587 0.095166 0.517393 0.069607 0.517393 0.069607 0.491587
13 0.910516 0.491587 0.936075 0.491587 0.936075 0.517393 0.910516 0.517393 0.910516 0.491587
13 0.487931 0.913168 0.513490 0.913168 0.513490 0.938975 0.487931 0.938975 0.487931 0.913168
9 0.086889 0.509067 0.077884 0.499912 0.501179 0.075423 0.510185 0.084577 
9 0.501148 0.084547 0.510215 0.075453 0.927829 0.499943 0.918762 0.509036 
9 0.505201 0.930661 0.496219 0.921482 0.918804 0.499901 0.927786 0.509079 
9 0.077872 0.509056 0.086900 0.499924 0.505224 0.921505 0.496196 0.930638 
9 0.082386 0.510941 0.082386 0.498038 0.923295 0.498038 0.923295 0.510941 
19 0.717919 0.179965 0.800165 0.179965 0.800165 0.267010 0.717919 0.267010
18 0.644510 0.521506 0.799835 0.521506 0.799835 0.626790 0.644510 0.626790
19 0.722803 0.722700 0.803296 0.722700 0.803296 0.808475 0.722803 0.808475
12 0.417786 0.062541 0.589981 0.062541 0.589981 0.237640 0.417786 0.237640
12 0.411763 0.763980 0.583461 0.763980 0.583461 0.941615 0.411763 0.941615
19 0.388490 0.342178 0.616807 0.342178 0.616807 0.486361 0.388490 0.486361
