13 0.110553 0.801614 0.125791 0.801614 0.125791 0.825638 0.110553 0.825638 0.110553 0.801614
13 0.756316 0.802054 0.771554 0.802054 0.771554 0.826078 0.756316 0.826078 0.756316 0.802054
13 0.885915 0.173043 0.901153 0.173043 0.901153 0.197067 0.885915 0.197067 0.885915 0.173043
13 0.110738 0.172274 0.125977 0.172274 0.125977 0.196298 0.110738 0.196298 0.110738 0.172274
9 0.118355 0.190292 0.118360 0.178280 0.893536 0.179049 0.893532 0.191061 
9 0.889911 0.183199 0.897157 0.186910 0.767559 0.815921 0.760312 0.812210 
9 0.118170 0.819632 0.118173 0.807620 0.763937 0.808060 0.763934 0.820072 
9 0.114548 0.184283 0.122167 0.184289 0.121981 0.813629 0.114362 0.813624 
12 0.104799 0.163401 0.198289 0.163401 0.198289 0.306478 0.104799 0.306478
12 0.105810 0.687994 0.196762 0.687994 0.196762 0.828854 0.105810 0.828854
22 0.051445 0.057781 0.113066 0.057781 0.113066 0.166643 0.051445 0.166643
22 0.905915 0.070797 0.958610 0.070797 0.958610 0.180502 0.905915 0.180502
22 0.754008 0.823671 0.811533 0.823671 0.811533 0.936824 0.754008 0.936824
22 0.055444 0.816891 0.115116 0.816891 0.115116 0.926432 0.055444 0.926432
18 0.606984 0.201612 0.861869 0.201612 0.861869 0.327230 0.606984 0.327230
18 0.635677 0.681850 0.765851 0.681850 0.765851 0.786707 0.635677 0.786707
