13 0.277997 0.113858 0.293776 0.113858 0.293776 0.140260 0.277997 0.140260 0.277997 0.113858
13 0.168272 0.503282 0.184051 0.503282 0.184051 0.529685 0.168272 0.529685 0.168272 0.503282
13 0.640976 0.504446 0.656755 0.504446 0.656755 0.530848 0.640976 0.530848 0.640976 0.504446
13 0.083285 0.801084 0.099065 0.801084 0.099065 0.827487 0.083285 0.827487 0.083285 0.801084
13 0.917784 0.801084 0.933563 0.801084 0.933563 0.827487 0.917784 0.827487 0.917784 0.801084
9 0.282322 0.124231 0.289451 0.129886 0.094740 0.817113 0.087611 0.811458 
9 0.091175 0.820886 0.091175 0.807685 0.925673 0.807685 0.925673 0.820886 
9 0.283755 0.132613 0.288017 0.121504 0.927804 0.808731 0.923542 0.819840 
9 0.176156 0.523084 0.176168 0.509883 0.648871 0.511046 0.648860 0.524248 
22 0.218064 0.048951 0.269349 0.048951 0.269349 0.160478 0.218064 0.160478
19 0.466607 0.205266 0.544762 0.205266 0.544762 0.313069 0.466607 0.313069
19 0.129560 0.276898 0.203593 0.276898 0.203593 0.386769 0.129560 0.386769
22 0.102920 0.449159 0.155544 0.449159 0.155544 0.560533 0.102920 0.560533
22 0.683978 0.441922 0.734632 0.441922 0.734632 0.552992 0.683978 0.552992
19 0.783780 0.555819 0.857355 0.555819 0.857355 0.664878 0.783780 0.664878
19 0.074911 0.596160 0.119795 0.596160 0.119795 0.700315 0.074911 0.700315
22 0.041017 0.838814 0.094092 0.838814 0.094092 0.949089 0.041017 0.949089
22 0.914195 0.836968 0.965772 0.836968 0.965772 0.948789 0.914195 0.948789
