13 0.492472 0.192712 0.506194 0.192712 0.506194 0.221081 0.492472 0.221081 0.492472 0.192712
13 0.401472 0.340988 0.415194 0.340988 0.415194 0.369357 0.401472 0.369357 0.401472 0.340988
13 0.582836 0.341928 0.596558 0.341928 0.596558 0.370297 0.582836 0.370297 0.582836 0.341928
13 0.492028 0.573747 0.505750 0.573747 0.505750 0.602115 0.492028 0.602115 0.492028 0.573747
13 0.081472 0.872022 0.095194 0.872022 0.095194 0.900391 0.081472 0.900391 0.081472 0.872022
13 0.491472 0.872022 0.505194 0.872022 0.505194 0.900391 0.491472 0.900391 0.491472 0.872022
13 0.902694 0.872252 0.916417 0.872252 0.916417 0.900621 0.902694 0.900621 0.902694 0.872252
9 0.090476 0.891746 0.086191 0.880667 0.497191 0.201357 0.501476 0.212436 
9 0.497188 0.212431 0.501478 0.201362 0.911701 0.880902 0.907410 0.891971 
9 0.088333 0.893299 0.088334 0.879115 0.909556 0.879345 0.909555 0.893529 
9 0.089471 0.892898 0.087196 0.879516 0.497752 0.581240 0.500026 0.594622 
9 0.497751 0.594622 0.500027 0.581240 0.910693 0.879746 0.908418 0.893127 
9 0.405660 0.359617 0.411006 0.350727 0.501562 0.583486 0.496216 0.592376 
9 0.495458 0.587904 0.502319 0.587958 0.501764 0.886234 0.494903 0.886180 
9 0.587031 0.351649 0.592363 0.360576 0.501555 0.592394 0.496223 0.583468 
12 0.368309 0.339496 0.443062 0.339496 0.443062 0.493377 0.368309 0.493377
12 0.523416 0.284066 0.597617 0.284066 0.597617 0.437006 0.523416 0.437006
12 0.488717 0.777667 0.551048 0.777667 0.551048 0.908959 0.488717 0.908959
0 0.802508 0.799347 0.832635 0.799347 0.832635 0.907947 0.802508 0.907947
0 0.777894 0.692224 0.819718 0.692224 0.819718 0.809967 0.777894 0.809967
4 0.187897 0.779468 0.231721 0.779468 0.231721 0.902858 0.187897 0.902858
4 0.142558 0.739722 0.187695 0.739722 0.187695 0.844118 0.142558 0.844118
22 0.024534 0.838380 0.077582 0.838380 0.077582 0.966997 0.024534 0.966997
22 0.475609 0.049486 0.523994 0.049486 0.523994 0.178866 0.475609 0.178866
22 0.922377 0.830221 0.971401 0.830221 0.971401 0.964657 0.922377 0.964657
