13 0.031581 0.270368 0.053086 0.270368 0.053086 0.307927 0.031581 0.307927 0.031581 0.270368
13 0.414247 0.271918 0.435753 0.271918 0.435753 0.309477 0.414247 0.309477 0.414247 0.271918
13 0.928025 0.274050 0.949530 0.274050 0.949530 0.311609 0.928025 0.311609 0.928025 0.274050
13 0.357581 0.822998 0.379086 0.822998 0.379086 0.860557 0.357581 0.860557 0.357581 0.822998
9 0.038589 0.295885 0.046078 0.282410 0.372078 0.835040 0.364589 0.848515 
9 0.042321 0.298537 0.042346 0.279758 0.938790 0.283440 0.938765 0.302219 
9 0.370928 0.850001 0.365739 0.833554 0.936183 0.284606 0.941372 0.301053 
9 0.419708 0.289038 0.430292 0.292357 0.373625 0.843437 0.363042 0.840118 
19 0.184165 0.093742 0.287201 0.093742 0.287201 0.253444 0.184165 0.253444
19 0.605776 0.091303 0.708943 0.091303 0.708943 0.250329 0.605776 0.250329
19 0.651080 0.602875 0.758925 0.602875 0.758925 0.765555 0.651080 0.765555
19 0.116787 0.582108 0.177761 0.582108 0.177761 0.702715 0.116787 0.702715
0 0.309052 0.697075 0.389366 0.697075 0.389366 0.785345 0.309052 0.785345
0 0.377040 0.647015 0.463207 0.647015 0.463207 0.776742 0.377040 0.776742
