13 0.117026 0.172393 0.143963 0.172393 0.143963 0.200464 0.117026 0.200464 0.117026 0.172393
13 0.520792 0.173192 0.547728 0.173192 0.547728 0.201262 0.520792 0.201262 0.520792 0.173192
13 0.873345 0.549393 0.900281 0.549393 0.900281 0.577464 0.873345 0.577464 0.873345 0.549393
13 0.521812 0.923709 0.548749 0.923709 0.548749 0.951779 0.521812 0.951779 0.521812 0.923709
9 0.130482 0.193446 0.130507 0.179411 0.534273 0.180209 0.534247 0.194244 
9 0.527526 0.187237 0.540994 0.187217 0.542015 0.937734 0.528547 0.937754 
9 0.124623 0.189864 0.136366 0.182993 0.541152 0.934309 0.529409 0.941180 
9 0.882000 0.558520 0.891626 0.568337 0.540093 0.942653 0.530468 0.932836 
9 0.529442 0.192130 0.539078 0.182324 0.891631 0.558526 0.881995 0.568332 
12 0.447075 0.165449 0.551002 0.165449 0.551002 0.275452 0.447075 0.275452
12 0.775902 0.496436 0.899555 0.496436 0.899555 0.626197 0.775902 0.626197
19 0.405930 0.467679 0.508229 0.467679 0.508229 0.567908 0.405930 0.567908
19 0.288258 0.058288 0.361341 0.058288 0.361341 0.157714 0.288258 0.157714
19 0.750068 0.744145 0.817490 0.744145 0.817490 0.826684 0.750068 0.826684
19 0.204855 0.509197 0.269728 0.509197 0.269728 0.591344 0.204855 0.591344
18 0.214174 0.211157 0.354141 0.211157 0.354141 0.318632 0.214174 0.318632
18 0.556428 0.692104 0.691992 0.692104 0.691992 0.795661 0.556428 0.795661
