13 0.139807 0.472042 0.159658 0.472042 0.159658 0.495231 0.139807 0.495231 0.139807 0.472042
13 0.463204 0.721951 0.483056 0.721951 0.483056 0.745139 0.463204 0.745139 0.463204 0.721951
13 0.672264 0.886025 0.692115 0.886025 0.692115 0.909213 0.672264 0.909213 0.672264 0.886025
13 0.457354 0.227834 0.477205 0.227834 0.477205 0.251023 0.457354 0.251023 0.457354 0.227834
13 0.674464 0.059175 0.694315 0.059175 0.694315 0.082363 0.674464 0.082363 0.674464 0.059175
13 0.798898 0.291263 0.818749 0.291263 0.818749 0.314451 0.798898 0.314451 0.798898 0.291263
9 0.146983 0.488462 0.152482 0.478811 0.684939 0.892793 0.679440 0.902445 
9 0.152469 0.488472 0.146996 0.478800 0.681652 0.065933 0.687126 0.075605 
3 0.859483 0.481257 0.845796 0.577069 0.806218 0.662499 0.745037 0.728288 0.668884 0.767307 0.586011 0.775329 0.505399 0.751483 0.435783 0.698354 0.384707 0.621699 0.357706 0.529826 0.357706 0.432689 0.384707 0.340815 0.435783 0.264160 0.505399 0.211031 0.586011 0.187186 0.668884 0.195207 0.745037 0.234227 0.806218 0.300016 0.845796 0.385445 0.859483 0.481257
22 0.821720 0.209052 0.889986 0.209052 0.889986 0.300798 0.821720 0.300798
22 0.064418 0.437251 0.136005 0.437251 0.136005 0.529924 0.064418 0.529924
22 0.404976 0.737267 0.475169 0.737267 0.475169 0.827692 0.404976 0.827692
22 0.405356 0.147560 0.473386 0.147560 0.473386 0.237564 0.405356 0.237564
18 0.370382 0.433305 0.506932 0.433305 0.506932 0.526266 0.370382 0.526266
