13 0.068930 0.153000 0.088207 0.153000 0.088207 0.177390 0.068930 0.177390 0.068930 0.153000
13 0.499933 0.155717 0.519210 0.155717 0.519210 0.180107 0.499933 0.180107 0.499933 0.155717
13 0.499585 0.502970 0.518862 0.502970 0.518862 0.527360 0.499585 0.527360 0.499585 0.502970
13 0.499562 0.851424 0.518839 0.851424 0.518839 0.875814 0.499562 0.875814 0.499562 0.851424
13 0.932292 0.851138 0.951569 0.851138 0.951569 0.875528 0.932292 0.875528 0.932292 0.851138
9 0.504753 0.167908 0.514391 0.167916 0.514020 0.863623 0.504381 0.863615 
9 0.078544 0.171292 0.078593 0.159097 0.509596 0.161815 0.509548 0.174010 
9 0.075973 0.170333 0.081164 0.160057 0.944526 0.858195 0.939335 0.868471 
9 0.509203 0.869717 0.509198 0.857521 0.941928 0.857236 0.941933 0.869431 
22 0.041690 0.036891 0.119962 0.036891 0.119962 0.140078 0.041690 0.140078
22 0.495449 0.039269 0.572846 0.039269 0.572846 0.144353 0.495449 0.144353
12 0.435974 0.146109 0.523015 0.146109 0.523015 0.256843 0.435974 0.256843
2 0.458146 0.308843 0.554659 0.308843 0.554659 0.368188 0.458146 0.368188
22 0.522565 0.417148 0.593739 0.417148 0.593739 0.521228 0.522565 0.521228
2 0.458154 0.658894 0.554163 0.658894 0.554163 0.715988 0.458154 0.715988
12 0.493167 0.769033 0.580575 0.769033 0.580575 0.881488 0.493167 0.881488
22 0.439766 0.876988 0.517457 0.876988 0.517457 0.980483 0.439766 0.980483
22 0.913048 0.879891 0.980968 0.879891 0.980968 0.980959 0.913048 0.980959
