13 0.560891 0.186395 0.581351 0.186395 0.581351 0.213605 0.560891 0.213605 0.560891 0.186395
13 0.109699 0.271100 0.130159 0.271100 0.130159 0.298311 0.109699 0.298311 0.109699 0.271100
13 0.111474 0.742025 0.131934 0.742025 0.131934 0.769236 0.111474 0.769236 0.111474 0.742025
13 0.376687 0.742025 0.397147 0.742025 0.397147 0.769236 0.376687 0.769236 0.376687 0.742025
13 0.581484 0.741315 0.601945 0.741315 0.601945 0.768526 0.581484 0.768526 0.581484 0.741315
13 0.913705 0.740680 0.934165 0.740680 0.934165 0.767891 0.913705 0.767891 0.913705 0.740680
9 0.115845 0.288801 0.124013 0.280610 0.391001 0.751535 0.382833 0.759726 
9 0.121704 0.762433 0.121704 0.748828 0.386917 0.748828 0.386917 0.762433 
9 0.114814 0.284740 0.125044 0.284672 0.126819 0.755596 0.116589 0.755664 
9 0.567217 0.204395 0.575025 0.195605 0.927839 0.749890 0.920031 0.758681 
9 0.591722 0.761723 0.591707 0.748118 0.923928 0.747483 0.923942 0.761088 
9 0.566012 0.200335 0.576230 0.199665 0.596823 0.754585 0.586606 0.755256 
22 0.539544 0.062265 0.607742 0.062265 0.607742 0.173765 0.539544 0.173765
22 0.089798 0.132009 0.156864 0.132009 0.156864 0.247820 0.089798 0.247820
0 0.570060 0.293581 0.645408 0.293581 0.645408 0.354219 0.570060 0.354219
0 0.114882 0.388626 0.191442 0.388626 0.191442 0.445147 0.114882 0.445147
19 0.772797 0.391464 0.871772 0.391464 0.871772 0.501411 0.772797 0.501411
19 0.274138 0.422108 0.370745 0.422108 0.370745 0.533440 0.274138 0.533440
19 0.455648 0.439888 0.555286 0.439888 0.555286 0.550820 0.455648 0.550820
19 0.011606 0.483063 0.099278 0.483063 0.099278 0.593449 0.011606 0.593449
22 0.073564 0.776748 0.141813 0.776748 0.141813 0.890911 0.073564 0.890911
22 0.367868 0.774897 0.434248 0.774897 0.434248 0.889445 0.367868 0.889445
22 0.552951 0.776633 0.645118 0.776633 0.645118 0.890228 0.552951 0.890228
19 0.717756 0.778905 0.814760 0.778905 0.814760 0.891265 0.717756 0.891265
22 0.895879 0.777396 0.965540 0.777396 0.965540 0.891144 0.895879 0.891144
19 0.199230 0.779896 0.296518 0.779896 0.296518 0.891815 0.199230 0.891815
