13 0.434679 0.208286 0.446764 0.208286 0.446764 0.222964 0.434679 0.222964 0.434679 0.208286
13 0.197566 0.458286 0.209651 0.458286 0.209651 0.472964 0.197566 0.472964 0.197566 0.458286
13 0.501690 0.542661 0.513774 0.542661 0.513774 0.557339 0.501690 0.557339 0.501690 0.542661
13 0.656844 0.587661 0.668929 0.587661 0.668929 0.602339 0.656844 0.602339 0.656844 0.587661
13 0.542927 0.752036 0.555011 0.752036 0.555011 0.766714 0.542927 0.766714 0.542927 0.752036
9 0.202926 0.469200 0.204291 0.462050 0.663569 0.591425 0.662204 0.598575 
9 0.201875 0.468631 0.205341 0.462619 0.550702 0.756369 0.547236 0.762381 
9 0.437785 0.216488 0.443658 0.214762 0.551906 0.758512 0.546033 0.760238 
9 0.438260 0.217752 0.443184 0.213498 0.665348 0.592873 0.660425 0.597127 
3 0.673937 0.503209 0.661059 0.596950 0.623821 0.680533 0.566257 0.744900 0.494606 0.783077 0.416632 0.790925 0.340786 0.767594 0.275285 0.715614 0.227228 0.640616 0.201823 0.550728 0.201823 0.455690 0.227228 0.365802 0.275285 0.290804 0.340786 0.238823 0.416632 0.215493 0.494606 0.223341 0.566257 0.261517 0.623821 0.325884 0.661059 0.409467 0.673937 0.503209
22 0.402186 0.118997 0.463440 0.118997 0.463440 0.202016 0.402186 0.202016
7 0.466659 0.295531 0.489646 0.295531 0.489646 0.325416 0.466659 0.325416
22 0.126807 0.408371 0.185639 0.408371 0.185639 0.492056 0.126807 0.492056
7 0.264485 0.492324 0.291982 0.492324 0.291982 0.518165 0.264485 0.518165
7 0.603888 0.545109 0.630132 0.545109 0.630132 0.572169 0.603888 0.572169
18 0.104372 0.570942 0.175840 0.570942 0.175840 0.651290 0.104372 0.651290
22 0.665431 0.572749 0.726627 0.572749 0.726627 0.656857 0.665431 0.656857
7 0.509944 0.696919 0.533029 0.696919 0.533029 0.723307 0.509944 0.723307
22 0.536524 0.766616 0.598096 0.766616 0.598096 0.849614 0.536524 0.849614
18 0.510163 0.131561 0.743307 0.131561 0.743307 0.227808 0.510163 0.227808
18 0.699488 0.395529 0.934534 0.395529 0.934534 0.496376 0.699488 0.496376
18 0.259592 0.803004 0.494989 0.803004 0.494989 0.903395 0.259592 0.903395
