13 0.133736 0.248861 0.166389 0.248861 0.166389 0.280607 0.133736 0.280607 0.133736 0.248861
13 0.458861 0.249916 0.491515 0.249916 0.491515 0.281662 0.458861 0.281662 0.458861 0.249916
13 0.786531 0.248016 0.819184 0.248016 0.819184 0.279762 0.786531 0.279762 0.786531 0.248016
13 0.458861 0.455472 0.491515 0.455472 0.491515 0.487218 0.458861 0.487218 0.458861 0.455472
13 0.729092 0.730296 0.761745 0.730296 0.761745 0.762042 0.729092 0.762042 0.729092 0.730296
9 0.150073 0.272671 0.150051 0.256798 0.802846 0.255952 0.802868 0.271825 
9 0.467025 0.257853 0.483351 0.257853 0.483351 0.479282 0.467025 0.479282 
9 0.469287 0.476829 0.481089 0.465861 0.751319 0.740684 0.739518 0.751653 
3 0.861920 0.469011 0.840781 0.592174 0.779653 0.701991 0.685161 0.786560 0.567545 0.836718 0.439551 0.847029 0.315047 0.816377 0.207527 0.748082 0.128641 0.649545 0.086939 0.531444 0.086939 0.406578 0.128641 0.288478 0.207527 0.189941 0.315047 0.121646 0.439551 0.090993 0.567545 0.101305 0.685161 0.151463 0.779653 0.236032 0.840781 0.345849 0.861920 0.469011
19 0.390067 0.121455 0.527759 0.121455 0.527759 0.244875 0.390067 0.244875
19 0.345162 0.309863 0.438862 0.309863 0.438862 0.431442 0.345162 0.431442
19 0.487715 0.618126 0.579990 0.618126 0.579990 0.720819 0.487715 0.720819
12 0.456364 0.245966 0.592704 0.245966 0.592704 0.377734 0.456364 0.377734
