13 0.221447 0.253976 0.244839 0.253976 0.244839 0.277097 0.221447 0.277097 0.221447 0.253976
13 0.786106 0.353498 0.809498 0.353498 0.809498 0.376619 0.786106 0.376619 0.786106 0.353498
13 0.468304 0.498044 0.491696 0.498044 0.491696 0.521165 0.468304 0.521165 0.468304 0.498044
13 0.584018 0.828364 0.607410 0.828364 0.607410 0.851485 0.584018 0.851485 0.584018 0.828364
9 0.232116 0.271227 0.234169 0.259846 0.798829 0.359368 0.796776 0.370749 
9 0.792412 0.362817 0.803193 0.367300 0.601105 0.842166 0.590324 0.837683 
9 0.228181 0.268597 0.238104 0.262477 0.600676 0.836865 0.590753 0.842984 
3 0.829162 0.511190 0.810150 0.623803 0.755176 0.724213 0.670195 0.801539 0.564418 0.847401 0.449307 0.856829 0.337336 0.828802 0.240638 0.766356 0.169693 0.676260 0.132189 0.568275 0.132189 0.454105 0.169693 0.346121 0.240638 0.256024 0.337336 0.193579 0.449307 0.165552 0.564418 0.174980 0.670195 0.220842 0.755176 0.298167 0.810150 0.398577 0.829162 0.511190
18 0.337251 0.325540 0.490275 0.325540 0.490275 0.424759 0.337251 0.424759
18 0.449490 0.042566 0.645750 0.042566 0.645750 0.141416 0.449490 0.141416
22 0.806980 0.255088 0.890516 0.255088 0.890516 0.362609 0.806980 0.362609
22 0.519288 0.449913 0.613146 0.449913 0.613146 0.556661 0.519288 0.556661
22 0.114985 0.159403 0.207350 0.159403 0.207350 0.263975 0.114985 0.263975
22 0.571905 0.857749 0.653231 0.857749 0.653231 0.963853 0.571905 0.963853
