13 0.263310 0.891969 0.279942 0.891969 0.279942 0.919460 0.263310 0.919460 0.263310 0.891969
13 0.438483 0.890897 0.455115 0.890897 0.455115 0.918389 0.438483 0.918389 0.438483 0.890897
13 0.797528 0.890699 0.814160 0.890699 0.814160 0.918190 0.797528 0.918190 0.797528 0.890699
13 0.924210 0.580540 0.940842 0.580540 0.940842 0.608031 0.924210 0.608031 0.924210 0.580540
13 0.925556 0.319270 0.942188 0.319270 0.942188 0.346762 0.925556 0.346762 0.925556 0.319270
13 0.723213 0.059868 0.739845 0.059868 0.739845 0.087359 0.723213 0.087359 0.723213 0.059868
13 0.749469 0.317683 0.766101 0.317683 0.766101 0.345174 0.749469 0.345174 0.749469 0.317683
13 0.770777 0.579638 0.787409 0.579638 0.787409 0.607129 0.770777 0.607129 0.770777 0.579638
13 0.410542 0.579969 0.427174 0.579969 0.427174 0.607460 0.410542 0.607460 0.410542 0.579969
13 0.389062 0.318585 0.405694 0.318585 0.405694 0.346077 0.389062 0.346077 0.389062 0.318585
13 0.363656 0.061810 0.380288 0.061810 0.380288 0.089301 0.363656 0.089301 0.363656 0.061810
13 0.189730 0.067599 0.206362 0.067599 0.206362 0.095090 0.189730 0.095090 0.189730 0.067599
13 0.212791 0.317969 0.229423 0.317969 0.229423 0.345460 0.212791 0.345460 0.212791 0.317969
13 0.235120 0.580540 0.251752 0.580540 0.251752 0.608031 0.235120 0.608031 0.235120 0.580540
13 0.043779 0.579905 0.060411 0.579905 0.060411 0.607396 0.043779 0.607396 0.043779 0.579905
13 0.041348 0.317683 0.057980 0.317683 0.057980 0.345174 0.041348 0.345174 0.041348 0.317683
9 0.367860 0.076570 0.376085 0.074541 0.450912 0.903629 0.442687 0.905657 
9 0.193933 0.082348 0.202159 0.080341 0.275740 0.904711 0.267513 0.906717 
9 0.052094 0.600524 0.052097 0.586778 0.932528 0.587413 0.932524 0.601159 
9 0.049660 0.338301 0.049669 0.324556 0.933876 0.326143 0.933867 0.339889 
9 0.727415 0.074619 0.735642 0.072608 0.809957 0.903439 0.801731 0.905450 
20 0.763410 0.069771 0.804708 0.069771 0.804708 0.160035 0.763410 0.160035
20 0.229358 0.071008 0.280637 0.071008 0.280637 0.181713 0.229358 0.181713
20 0.401821 0.071296 0.449823 0.071296 0.449823 0.184615 0.401821 0.184615
20 0.890370 0.197502 0.936295 0.197502 0.936295 0.288277 0.890370 0.288277
18 0.419299 0.353073 0.519861 0.353073 0.519861 0.465372 0.419299 0.465372
20 0.895085 0.464050 0.936036 0.464050 0.936036 0.563275 0.895085 0.563275
18 0.605487 0.353462 0.738866 0.353462 0.738866 0.471158 0.605487 0.471158
0 0.158704 0.578608 0.259005 0.578608 0.259005 0.733586 0.158704 0.733586
0 0.333923 0.578508 0.433342 0.578508 0.433342 0.734513 0.333923 0.734513
