13 0.854749 0.374187 0.876254 0.374187 0.876254 0.397242 0.854749 0.397242 0.854749 0.374187
13 0.548725 0.429512 0.570230 0.429512 0.570230 0.452566 0.548725 0.452566 0.548725 0.429512
13 0.174450 0.492369 0.195956 0.492369 0.195956 0.515423 0.174450 0.515423 0.174450 0.492369
13 0.606860 0.790377 0.628365 0.790377 0.628365 0.813432 0.606860 0.813432 0.606860 0.790377
9 0.186063 0.509586 0.184343 0.498207 0.864642 0.380025 0.866362 0.391404 
9 0.860970 0.382612 0.870033 0.388816 0.622144 0.805007 0.613081 0.798803 
9 0.554180 0.442020 0.564776 0.440058 0.622910 0.800924 0.612314 0.802886 
9 0.182296 0.508744 0.188110 0.499048 0.620520 0.797056 0.614705 0.806753 
3 0.869147 0.444731 0.850536 0.564296 0.796720 0.670904 0.713530 0.753004 0.609981 0.801697 0.497295 0.811707 0.387683 0.781949 0.293023 0.715649 0.223573 0.619991 0.186858 0.505340 0.186858 0.384121 0.223573 0.269471 0.293023 0.173812 0.387683 0.107512 0.497295 0.077755 0.609981 0.087765 0.713530 0.136458 0.796720 0.218557 0.850536 0.325165 0.869147 0.444731
22 0.509175 0.321783 0.594653 0.321783 0.594653 0.419410 0.509175 0.419410
22 0.892432 0.324903 0.965249 0.324903 0.965249 0.425867 0.892432 0.425867
12 0.485217 0.428081 0.582138 0.428081 0.582138 0.531105 0.485217 0.531105
22 0.053144 0.450788 0.150932 0.450788 0.150932 0.551375 0.053144 0.551375
22 0.582564 0.827667 0.672397 0.827667 0.672397 0.926492 0.582564 0.926492
