13 0.219145 0.851725 0.246172 0.851725 0.246172 0.884378 0.219145 0.884378 0.219145 0.851725
13 0.787865 0.852764 0.814892 0.852764 0.814892 0.885417 0.787865 0.885417 0.787865 0.852764
13 0.218283 0.166011 0.245310 0.166011 0.245310 0.198664 0.218283 0.198664 0.218283 0.166011
13 0.786757 0.165442 0.813784 0.165442 0.813784 0.198095 0.786757 0.198095 0.786757 0.165442
9 0.232648 0.876215 0.232669 0.859889 0.801389 0.860928 0.801368 0.877254 
9 0.793514 0.181785 0.807028 0.181753 0.808135 0.869075 0.794622 0.869107 
9 0.231802 0.190501 0.231791 0.174174 0.800265 0.173605 0.800276 0.189932 
9 0.225040 0.182350 0.238553 0.182325 0.239415 0.868040 0.225902 0.868064 
22 0.123333 0.120279 0.208536 0.120279 0.208536 0.253362 0.123333 0.253362
22 0.825691 0.119486 0.911749 0.119486 0.911749 0.254790 0.825691 0.254790
2 0.731778 0.481494 0.871795 0.481494 0.871795 0.560054 0.731778 0.560054
22 0.115876 0.800862 0.207021 0.800862 0.207021 0.933189 0.115876 0.933189
2 0.481327 0.779477 0.548091 0.779477 0.548091 0.947358 0.481327 0.947358
22 0.824691 0.798877 0.911974 0.798877 0.911974 0.930419 0.824691 0.930419
2 0.480809 0.094137 0.547645 0.094137 0.547645 0.261698 0.480809 0.261698
12 0.209472 0.151543 0.363618 0.151543 0.363618 0.336299 0.209472 0.336299
12 0.668490 0.149549 0.821605 0.149549 0.821605 0.335990 0.668490 0.335990
2 0.163981 0.481684 0.304588 0.481684 0.304588 0.560240 0.163981 0.560240
12 0.208442 0.705322 0.364595 0.705322 0.364595 0.892747 0.208442 0.892747
12 0.667926 0.706641 0.822501 0.706641 0.822501 0.891683 0.667926 0.891683
