13 0.240024 0.097268 0.275580 0.097268 0.275580 0.125738 0.240024 0.125738 0.240024 0.097268
13 0.243386 0.267620 0.278942 0.267620 0.278942 0.296090 0.243386 0.296090 0.243386 0.267620
13 0.240889 0.491728 0.276444 0.491728 0.276444 0.520198 0.240889 0.520198 0.240889 0.491728
13 0.664550 0.617603 0.700106 0.617603 0.700106 0.646073 0.664550 0.646073 0.664550 0.617603
13 0.869411 0.676650 0.904967 0.676650 0.904967 0.705120 0.869411 0.705120 0.869411 0.676650
13 0.239841 0.731178 0.275397 0.731178 0.275397 0.759648 0.239841 0.759648 0.239841 0.731178
13 0.239365 0.889435 0.274921 0.889435 0.274921 0.917905 0.239365 0.917905 0.239365 0.889435
9 0.248913 0.111498 0.266691 0.111508 0.266032 0.903674 0.248254 0.903665 
9 0.255601 0.512644 0.261732 0.499283 0.890255 0.684204 0.884123 0.697566 
22 0.051314 0.207505 0.212486 0.207505 0.212486 0.334653 0.051314 0.334653
22 0.077179 0.433487 0.209581 0.433487 0.209581 0.557633 0.077179 0.557633
22 0.079702 0.671485 0.211601 0.671485 0.211601 0.796746 0.079702 0.796746
22 0.674491 0.475664 0.790339 0.475664 0.790339 0.597981 0.674491 0.597981
18 0.294267 0.373637 0.592189 0.373637 0.592189 0.493570 0.294267 0.493570
18 0.292129 0.605454 0.518032 0.605454 0.518032 0.726274 0.292129 0.726274
