13 0.196037 0.133909 0.212198 0.133909 0.212198 0.173710 0.196037 0.173710 0.196037 0.133909
13 0.867409 0.135837 0.883571 0.135837 0.883571 0.175638 0.867409 0.175638 0.867409 0.135837
13 0.696919 0.287477 0.713081 0.287477 0.713081 0.327278 0.696919 0.327278 0.696919 0.287477
13 0.272845 0.661338 0.289007 0.661338 0.289007 0.701139 0.272845 0.701139 0.272845 0.661338
13 0.105623 0.810245 0.121785 0.810245 0.121785 0.850046 0.105623 0.850046 0.105623 0.810245
13 0.773586 0.809790 0.789747 0.809790 0.789747 0.849591 0.773586 0.849591 0.773586 0.809790
9 0.204113 0.163759 0.204122 0.143859 0.875495 0.145787 0.875485 0.165688 
9 0.871668 0.152511 0.879312 0.158965 0.785489 0.832917 0.777845 0.826463 
9 0.113705 0.840096 0.113703 0.820195 0.781666 0.819740 0.781668 0.839641 
9 0.200280 0.150698 0.207955 0.156921 0.117541 0.833257 0.109866 0.827034 
9 0.200314 0.157168 0.207921 0.150450 0.284729 0.677880 0.277123 0.684598 
9 0.701200 0.310760 0.708800 0.303994 0.785466 0.826308 0.777867 0.833073 
9 0.115071 0.839509 0.112337 0.820782 0.874123 0.146374 0.876857 0.165101 
12 0.177267 0.489913 0.285871 0.489913 0.285871 0.759416 0.177267 0.759416
12 0.700834 0.224673 0.808441 0.224673 0.808441 0.489215 0.700834 0.489215
22 0.891692 0.051225 0.947070 0.051225 0.947070 0.229924 0.891692 0.229924
22 0.650555 0.380588 0.698850 0.380588 0.698850 0.554683 0.650555 0.554683
22 0.800303 0.730560 0.858318 0.730560 0.858318 0.903611 0.800303 0.903611
22 0.284413 0.422780 0.333485 0.422780 0.333485 0.600723 0.284413 0.600723
22 0.036019 0.731506 0.096158 0.731506 0.096158 0.905667 0.036019 0.905667
22 0.128269 0.052334 0.179072 0.052334 0.179072 0.224674 0.128269 0.224674
2 0.197199 0.363998 0.281439 0.363998 0.281439 0.469502 0.197199 0.469502
2 0.700269 0.514101 0.783891 0.514101 0.783891 0.619615 0.700269 0.619615
