13 0.333211 0.161852 0.354044 0.161852 0.354044 0.190629 0.333211 0.190629 0.333211 0.161852
13 0.251372 0.471326 0.272206 0.471326 0.272206 0.500103 0.251372 0.500103 0.251372 0.471326
13 0.592237 0.472228 0.613070 0.472228 0.613070 0.501005 0.592237 0.501005 0.592237 0.472228
13 0.166297 0.781242 0.187130 0.781242 0.187130 0.810019 0.166297 0.810019 0.166297 0.781242
13 0.509097 0.780532 0.529930 0.780532 0.529930 0.809309 0.509097 0.809309 0.509097 0.780532
13 0.852072 0.780532 0.872905 0.780532 0.872905 0.809309 0.852072 0.809309 0.852072 0.780532
9 0.340224 0.181686 0.347031 0.170795 0.865892 0.789475 0.859085 0.800366 
9 0.176718 0.802824 0.176710 0.788436 0.862485 0.787726 0.862492 0.802115 
9 0.338747 0.173731 0.348509 0.178750 0.181595 0.798140 0.171833 0.793121 
9 0.261779 0.492909 0.261799 0.478520 0.602663 0.479422 0.602643 0.493811 
9 0.597773 0.484105 0.607534 0.489128 0.524394 0.797432 0.514633 0.792409 
9 0.258374 0.491146 0.265204 0.480283 0.522929 0.789489 0.516098 0.800352 
22 0.296116 0.016449 0.372750 0.016449 0.372750 0.143098 0.296116 0.143098
22 0.625119 0.362076 0.694907 0.362076 0.694907 0.489421 0.625119 0.489421
22 0.174179 0.406535 0.237419 0.406535 0.237419 0.536348 0.174179 0.536348
22 0.081578 0.804980 0.159743 0.804980 0.159743 0.931683 0.081578 0.931683
22 0.484540 0.823617 0.563887 0.823617 0.563887 0.951247 0.484540 0.951247
22 0.879315 0.761365 0.952211 0.761365 0.952211 0.892810 0.879315 0.892810
2 0.179842 0.606856 0.256606 0.606856 0.256606 0.671808 0.179842 0.671808
2 0.263169 0.295202 0.340732 0.295202 0.340732 0.362075 0.263169 0.362075
5 0.431810 0.270900 0.514249 0.270900 0.514249 0.387792 0.431810 0.387792
5 0.692534 0.581966 0.774420 0.581966 0.774420 0.697367 0.692534 0.697367
24 0.645003 0.737328 0.738079 0.737328 0.738079 0.852335 0.645003 0.852335
24 0.301508 0.736997 0.394104 0.736997 0.394104 0.851851 0.301508 0.851851
