13 0.255679 0.188824 0.285642 0.188824 0.285642 0.226033 0.255679 0.226033 0.255679 0.188824
13 0.467534 0.441395 0.497497 0.441395 0.497497 0.478605 0.467534 0.478605 0.467534 0.441395
13 0.759212 0.441395 0.789175 0.441395 0.789175 0.478605 0.759212 0.478605 0.759212 0.441395
13 0.258179 0.699031 0.288142 0.699031 0.288142 0.736240 0.258179 0.736240 0.258179 0.699031
13 0.674833 0.698834 0.704795 0.698834 0.704795 0.736043 0.674833 0.736043 0.674833 0.698834
9 0.265418 0.214073 0.275903 0.200784 0.695056 0.710794 0.684572 0.724083 
9 0.263170 0.207485 0.278151 0.207372 0.280651 0.717579 0.265670 0.717692 
9 0.273164 0.726938 0.273158 0.708333 0.689811 0.708136 0.689817 0.726741 
3 0.771711 0.459189 0.755663 0.578618 0.709258 0.685105 0.637526 0.767111 0.548238 0.815748 0.451072 0.825747 0.356556 0.796023 0.274933 0.729798 0.215048 0.634249 0.183390 0.519729 0.183390 0.398648 0.215048 0.284128 0.274933 0.188579 0.356556 0.122354 0.451072 0.092631 0.548238 0.102629 0.637526 0.151267 0.709258 0.233272 0.755663 0.339760 0.771711 0.459189
22 0.153301 0.039442 0.260490 0.039442 0.260490 0.184477 0.153301 0.184477
22 0.806675 0.384763 0.917459 0.384763 0.917459 0.535451 0.806675 0.535451
22 0.689453 0.715146 0.804506 0.715146 0.804506 0.867001 0.689453 0.867001
22 0.149922 0.719713 0.257639 0.719713 0.257639 0.870726 0.149922 0.870726
