13 0.201151 0.529046 0.212036 0.529046 0.212036 0.545240 0.201151 0.545240 0.201151 0.529046
13 0.227250 0.689046 0.238134 0.689046 0.238134 0.705240 0.227250 0.705240 0.227250 0.689046
13 0.296096 0.819331 0.306981 0.819331 0.306981 0.835526 0.296096 0.835526 0.296096 0.819331
13 0.329173 0.618842 0.340058 0.618842 0.340058 0.635036 0.329173 0.635036 0.329173 0.618842
13 0.452250 0.530678 0.463134 0.530678 0.463134 0.546873 0.452250 0.546873 0.452250 0.530678
13 0.610583 0.415712 0.621468 0.415712 0.621468 0.431907 0.610583 0.431907 0.610583 0.415712
13 0.606096 0.236189 0.616981 0.236189 0.616981 0.252383 0.606096 0.252383 0.606096 0.236189
13 0.702250 0.533127 0.713134 0.533127 0.713134 0.549322 0.702250 0.549322 0.702250 0.533127
13 0.676426 0.369046 0.687310 0.369046 0.687310 0.385240 0.676426 0.385240 0.676426 0.369046
13 0.749503 0.317617 0.760387 0.317617 0.760387 0.333811 0.749503 0.333811 0.749503 0.317617
9 0.233866 0.700796 0.231519 0.693490 0.753772 0.322062 0.756119 0.329367 
3 0.342397 0.696732 0.336382 0.750366 0.318987 0.798189 0.292099 0.835017 0.258630 0.856859 0.222209 0.861350 0.186780 0.848001 0.156185 0.818260 0.133737 0.775350 0.121870 0.723920 0.121870 0.669543 0.133737 0.618114 0.156185 0.575203 0.186780 0.545462 0.222209 0.532114 0.258630 0.536604 0.292099 0.558447 0.318987 0.595275 0.336382 0.643097 0.342397 0.696732
3 0.905118 0.325536 0.896847 0.399283 0.872930 0.465039 0.835958 0.515677 0.789939 0.545711 0.739859 0.551885 0.691145 0.533531 0.649076 0.492637 0.618211 0.433635 0.601894 0.362919 0.601894 0.288152 0.618211 0.217436 0.649076 0.158434 0.691145 0.117540 0.739859 0.099186 0.789939 0.105360 0.835958 0.135394 0.872930 0.186032 0.896847 0.251788 0.905118 0.325536
3 0.704748 0.536062 0.691240 0.656505 0.652179 0.763896 0.591798 0.846598 0.516640 0.895648 0.434850 0.905732 0.355292 0.875756 0.286585 0.808969 0.236177 0.712608 0.209529 0.597116 0.209529 0.475008 0.236177 0.359515 0.286585 0.263155 0.355292 0.196368 0.434850 0.166392 0.516640 0.176476 0.591798 0.225526 0.652179 0.308228 0.691240 0.415619 0.704748 0.536062
22 0.454242 0.558087 0.508426 0.558087 0.508426 0.648559 0.454242 0.648559
22 0.287295 0.652137 0.335323 0.652137 0.335323 0.739323 0.287295 0.739323
22 0.706327 0.360107 0.762045 0.360107 0.762045 0.450610 0.706327 0.450610
22 0.774896 0.261809 0.830305 0.261809 0.830305 0.355603 0.774896 0.355603
22 0.170185 0.704337 0.223085 0.704337 0.223085 0.794807 0.170185 0.794807
