13 0.139726 0.863340 0.159382 0.863340 0.159382 0.888497 0.139726 0.888497 0.139726 0.863340
13 0.825680 0.863026 0.845336 0.863026 0.845336 0.888183 0.825680 0.888183 0.825680 0.863026
13 0.751504 0.483685 0.771160 0.483685 0.771160 0.508842 0.751504 0.508842 0.751504 0.483685
13 0.242404 0.120483 0.262060 0.120483 0.262060 0.145640 0.242404 0.145640 0.242404 0.120483
9 0.149555 0.882208 0.149552 0.869629 0.835506 0.869315 0.835510 0.881894 
9 0.756565 0.497791 0.766099 0.494737 0.840275 0.874077 0.830741 0.877131 
9 0.249840 0.138555 0.254625 0.127568 0.763725 0.490770 0.758940 0.501757 
9 0.247393 0.131966 0.257071 0.134157 0.154392 0.877014 0.144715 0.874823 
22 0.162118 0.075656 0.230959 0.075656 0.230959 0.182146 0.162118 0.182146
7 0.255376 0.172121 0.323146 0.172121 0.323146 0.264524 0.255376 0.264524
22 0.789562 0.452223 0.855330 0.452223 0.855330 0.558298 0.789562 0.558298
22 0.060378 0.830160 0.127449 0.830160 0.127449 0.936818 0.060378 0.936818
22 0.852399 0.832898 0.916950 0.832898 0.916950 0.940688 0.852399 0.940688
18 0.579319 0.503347 0.737883 0.503347 0.737883 0.612066 0.579319 0.612066
18 0.184439 0.739231 0.305429 0.739231 0.305429 0.843357 0.184439 0.843357
18 0.476916 0.131919 0.887547 0.131919 0.887547 0.267484 0.476916 0.267484
18 0.422149 0.726720 0.792594 0.726720 0.792594 0.856247 0.422149 0.856247
1 0.257985 0.166667 0.474201 0.166667 0.474201 0.311321 0.257985 0.311321
