13 0.128046 0.166135 0.145287 0.166135 0.145287 0.196438 0.128046 0.196438 0.128046 0.166135
13 0.851379 0.166135 0.868621 0.166135 0.868621 0.196438 0.851379 0.196438 0.851379 0.166135
13 0.790639 0.443913 0.807880 0.443913 0.807880 0.474216 0.790639 0.474216 0.790639 0.443913
13 0.851379 0.774322 0.868621 0.774322 0.868621 0.804625 0.851379 0.804625 0.851379 0.774322
13 0.128349 0.774854 0.145590 0.774854 0.145590 0.805157 0.128349 0.805157 0.128349 0.774854
9 0.136667 0.188862 0.136667 0.173711 0.860000 0.173711 0.860000 0.188862 
9 0.855690 0.173711 0.864310 0.173711 0.864310 0.797049 0.855690 0.797049 
9 0.136972 0.797581 0.136968 0.782430 0.859998 0.781898 0.860002 0.797049 
9 0.132356 0.181293 0.140977 0.181280 0.141280 0.789999 0.132659 0.790012 
9 0.138148 0.797292 0.135791 0.782718 0.798081 0.451777 0.800438 0.466351 
9 0.795158 0.461394 0.803361 0.456735 0.864102 0.787144 0.855898 0.791803 
19 0.036168 0.406540 0.114333 0.406540 0.114333 0.529796 0.036168 0.529796
12 0.725202 0.444313 0.827817 0.444313 0.827817 0.624837 0.725202 0.624837
19 0.442616 0.465915 0.522390 0.465915 0.522390 0.589862 0.442616 0.589862
19 0.453227 0.038591 0.539819 0.038591 0.539819 0.161637 0.453227 0.161637
12 0.119014 0.148797 0.219759 0.148797 0.219759 0.326265 0.119014 0.326265
12 0.775053 0.148793 0.874256 0.148793 0.874256 0.324770 0.775053 0.324770
19 0.868946 0.407670 0.948086 0.407670 0.948086 0.530483 0.868946 0.530483
19 0.453120 0.812154 0.540804 0.812154 0.540804 0.937122 0.453120 0.937122
