13 0.563623 0.038484 0.580864 0.038484 0.580864 0.064374 0.563623 0.064374 0.563623 0.038484
13 0.677564 0.919245 0.694806 0.919245 0.694806 0.945135 0.677564 0.945135 0.677564 0.919245
13 0.016094 0.920116 0.033336 0.920116 0.033336 0.946006 0.016094 0.946006 0.016094 0.920116
13 0.948468 0.919300 0.965709 0.919300 0.965709 0.945190 0.948468 0.945190 0.948468 0.919300
9 0.024717 0.939534 0.024712 0.926589 0.957086 0.925772 0.957091 0.938717 
9 0.568012 0.052663 0.576475 0.050194 0.690416 0.930956 0.681954 0.933425 
9 0.569091 0.047014 0.575396 0.055843 0.027867 0.937476 0.021563 0.928647 
16 0.528712 0.126149 0.573817 0.126149 0.573817 0.225758 0.528712 0.225758
16 0.089937 0.814463 0.134736 0.814463 0.134736 0.914253 0.089937 0.914253
16 0.690336 0.813128 0.737446 0.813128 0.737446 0.913772 0.690336 0.913772
