13 0.068131 0.861882 0.086565 0.861882 0.086565 0.880975 0.068131 0.880975 0.068131 0.861882
13 0.440809 0.861103 0.459242 0.861103 0.459242 0.880196 0.440809 0.880196 0.440809 0.861103
13 0.813988 0.863107 0.832421 0.863107 0.832421 0.882200 0.813988 0.882200 0.813988 0.863107
13 0.726281 0.492596 0.744714 0.492596 0.744714 0.511689 0.726281 0.511689 0.726281 0.492596
13 0.642103 0.135215 0.660536 0.135215 0.660536 0.154308 0.642103 0.154308 0.642103 0.135215
13 0.357266 0.493946 0.375699 0.493946 0.375699 0.513039 0.357266 0.513039 0.357266 0.493946
13 0.510120 0.613311 0.528554 0.613311 0.528554 0.632404 0.510120 0.632404 0.510120 0.613311
9 0.079543 0.875626 0.075153 0.867232 0.733302 0.497946 0.737692 0.506340 
9 0.363647 0.507255 0.369318 0.499729 0.826039 0.868890 0.820369 0.876416 
9 0.646891 0.143444 0.655749 0.146080 0.454454 0.871967 0.445596 0.869332 
9 0.647753 0.141739 0.654887 0.147784 0.080915 0.874451 0.073781 0.868406 
9 0.077341 0.876202 0.077355 0.866655 0.823212 0.867880 0.823197 0.877426 
9 0.646843 0.145896 0.655796 0.143628 0.827681 0.871519 0.818728 0.873787 
1 0.631336 0.429594 0.781106 0.429594 0.781106 0.546539 0.631336 0.546539
7 0.629549 0.511660 0.657072 0.511660 0.657072 0.542879 0.629549 0.542879
19 0.777131 0.395234 0.964790 0.395234 0.964790 0.473777 0.777131 0.473777
19 0.652285 0.675991 0.745641 0.675991 0.745641 0.748332 0.652285 0.748332
19 0.486879 0.728912 0.581232 0.728912 0.581232 0.804087 0.486879 0.804087
19 0.418270 0.493189 0.495842 0.493189 0.495842 0.562818 0.418270 0.562818
22 0.289954 0.437791 0.355132 0.437791 0.355132 0.515309 0.289954 0.515309
19 0.573646 0.393972 0.622798 0.393972 0.622798 0.461573 0.573646 0.461573
22 0.552208 0.582157 0.615819 0.582157 0.615819 0.655766 0.552208 0.655766
22 0.037277 0.881208 0.105903 0.881208 0.105903 0.956878 0.037277 0.956878
22 0.409512 0.879732 0.479277 0.879732 0.479277 0.956680 0.409512 0.956680
22 0.791738 0.880307 0.859652 0.880307 0.859652 0.956668 0.791738 0.956668
22 0.616744 0.052402 0.685114 0.052402 0.685114 0.130348 0.616744 0.130348
22 0.747685 0.462234 0.808672 0.462234 0.808672 0.537643 0.747685 0.537643
19 0.314633 0.643135 0.364244 0.643135 0.364244 0.713843 0.314633 0.713843
