13 0.104290 0.704742 0.133487 0.704742 0.133487 0.763565 0.104290 0.763565 0.104290 0.704742
13 0.104105 0.028381 0.133302 0.028381 0.133302 0.087204 0.104105 0.087204 0.104105 0.028381
13 0.864046 0.706227 0.893243 0.706227 0.893243 0.765050 0.864046 0.765050 0.864046 0.706227
9 0.111404 0.057801 0.126003 0.057785 0.126188 0.734146 0.111590 0.734162 
9 0.118882 0.748859 0.118896 0.719448 0.878651 0.720933 0.878637 0.750345 
9 0.115749 0.071240 0.121659 0.044346 0.881599 0.722192 0.875689 0.749086 
12 0.104163 0.591550 0.191884 0.591550 0.191884 0.765832 0.104163 0.765832
18 0.557258 0.556739 0.670657 0.556739 0.670657 0.716878 0.557258 0.716878
19 0.450024 0.765069 0.531403 0.765069 0.531403 0.913986 0.450024 0.913986
19 0.049009 0.334049 0.097706 0.334049 0.097706 0.447803 0.049009 0.447803
