13 0.023861 0.368446 0.044970 0.368446 0.044970 0.397858 0.023861 0.397858 0.023861 0.368446
13 0.285419 0.308770 0.306527 0.308770 0.306527 0.338182 0.285419 0.338182 0.285419 0.308770
13 0.721349 0.210731 0.742457 0.210731 0.742457 0.240143 0.721349 0.240143 0.721349 0.210731
13 0.791710 0.192615 0.812818 0.192615 0.812818 0.222027 0.791710 0.222027 0.791710 0.192615
13 0.750411 0.251225 0.771519 0.251225 0.771519 0.280637 0.750411 0.280637 0.750411 0.251225
13 0.355780 0.812820 0.376888 0.812820 0.376888 0.842231 0.355780 0.842231 0.355780 0.812820
9 0.038226 0.389364 0.036542 0.374846 0.797711 0.203415 0.799395 0.217933 
9 0.033683 0.388379 0.041085 0.377897 0.367936 0.826096 0.360533 0.836577 
9 0.367259 0.835455 0.359728 0.825153 0.796270 0.205523 0.803801 0.215825 
3 0.823701 0.519262 0.808352 0.647427 0.763968 0.761703 0.695360 0.849708 0.609961 0.901903 0.517026 0.912633 0.426626 0.880735 0.348558 0.809666 0.291280 0.707127 0.261001 0.584230 0.261001 0.454293 0.291280 0.331396 0.348558 0.228857 0.426626 0.157788 0.517026 0.125890 0.609961 0.136620 0.695360 0.188815 0.763968 0.276820 0.808352 0.391096 0.823701 0.519262
19 0.540101 0.579864 0.692113 0.579864 0.692113 0.676552 0.540101 0.676552
19 0.469094 0.171274 0.544896 0.171274 0.544896 0.265463 0.469094 0.265463
19 0.725479 0.110657 0.799025 0.110657 0.799025 0.201480 0.725479 0.201480
19 0.164681 0.259654 0.210969 0.259654 0.210969 0.335172 0.164681 0.335172
19 0.783877 0.225743 0.828289 0.225743 0.828289 0.310862 0.783877 0.310862
19 0.134617 0.586953 0.181994 0.586953 0.181994 0.678280 0.134617 0.678280
