13 0.435785 0.176868 0.460942 0.176868 0.460942 0.212742 0.435785 0.212742 0.435785 0.176868
13 0.298977 0.493597 0.324134 0.493597 0.324134 0.529472 0.298977 0.529472 0.298977 0.493597
13 0.640310 0.492539 0.665468 0.492539 0.665468 0.528413 0.640310 0.528413 0.640310 0.492539
13 0.163564 0.809410 0.188721 0.809410 0.188721 0.845284 0.163564 0.845284 0.163564 0.809410
13 0.848458 0.812962 0.873616 0.812962 0.873616 0.848837 0.848458 0.848837 0.848458 0.812962
9 0.176120 0.836315 0.176166 0.818378 0.861060 0.821931 0.861014 0.839868 
9 0.443747 0.200896 0.452980 0.188715 0.865654 0.824809 0.856420 0.836990 
9 0.443003 0.190114 0.453724 0.199496 0.181503 0.832038 0.170782 0.822656 
9 0.178800 0.835476 0.173486 0.819218 0.650232 0.502347 0.655546 0.518605 
9 0.311569 0.520503 0.311542 0.502566 0.652875 0.501508 0.652903 0.519445 
22 0.405740 0.018453 0.499377 0.018453 0.499377 0.168822 0.405740 0.168822
22 0.689343 0.390724 0.787687 0.390724 0.787687 0.538103 0.689343 0.538103
22 0.203693 0.430767 0.290783 0.430767 0.290783 0.574960 0.203693 0.574960
22 0.882333 0.799042 0.969162 0.799042 0.969162 0.945116 0.882333 0.945116
22 0.057780 0.800299 0.153370 0.800299 0.153370 0.949019 0.057780 0.949019
