13 0.038168 0.820818 0.054561 0.820818 0.054561 0.847754 0.038168 0.847754 0.038168 0.820818
13 0.227549 0.186532 0.243942 0.186532 0.243942 0.213468 0.227549 0.213468 0.227549 0.186532
13 0.908470 0.086532 0.924863 0.086532 0.924863 0.113468 0.908470 0.113468 0.908470 0.086532
13 0.719813 0.719865 0.736206 0.719865 0.736206 0.746801 0.719813 0.746801 0.719813 0.719865
9 0.046732 0.840993 0.045996 0.827579 0.727641 0.726627 0.728377 0.740040 
9 0.912986 0.097040 0.920348 0.102960 0.731690 0.736294 0.724328 0.730373 
9 0.236110 0.206707 0.235381 0.193293 0.916302 0.093293 0.917032 0.106707 
9 0.232066 0.197034 0.239425 0.202966 0.050044 0.837252 0.042685 0.831320 
18 0.116608 0.622136 0.357107 0.622136 0.357107 0.773404 0.116608 0.773404
18 0.463005 0.564691 0.738270 0.564691 0.738270 0.721400 0.463005 0.721400
18 0.229493 0.206095 0.547822 0.206095 0.547822 0.362177 0.229493 0.362177
