13 0.781391 0.161486 0.817427 0.161486 0.817427 0.185729 0.781391 0.185729 0.781391 0.161486
13 0.174998 0.162095 0.211034 0.162095 0.211034 0.186338 0.174998 0.186338 0.174998 0.162095
13 0.176268 0.808895 0.212304 0.808895 0.212304 0.833138 0.176268 0.833138 0.176268 0.808895
13 0.781798 0.808226 0.817834 0.808226 0.817834 0.832469 0.781798 0.832469 0.781798 0.808226
9 0.194301 0.827077 0.194271 0.814956 0.799801 0.814287 0.799830 0.826408 
9 0.790400 0.173610 0.808418 0.173605 0.808825 0.820345 0.790807 0.820350 
9 0.193029 0.180277 0.193002 0.168156 0.799395 0.167547 0.799422 0.179668 
9 0.185400 0.177454 0.200632 0.170979 0.807432 0.817110 0.792199 0.823584 
9 0.184007 0.174225 0.202025 0.174209 0.203295 0.821008 0.185277 0.821024 
22 0.090207 0.043235 0.234775 0.043235 0.234775 0.143571 0.090207 0.143571
22 0.765809 0.042501 0.908687 0.042501 0.908687 0.143725 0.765809 0.143725
12 0.167728 0.156042 0.319080 0.156042 0.319080 0.264248 0.167728 0.264248
12 0.166985 0.727511 0.326214 0.727511 0.326214 0.835370 0.166985 0.835370
12 0.667293 0.728009 0.822830 0.728009 0.822830 0.835752 0.667293 0.835752
22 0.090603 0.842920 0.208935 0.842920 0.208935 0.940728 0.090603 0.940728
22 0.813211 0.839604 0.937143 0.839604 0.937143 0.939168 0.813211 0.939168
2 0.455385 0.109224 0.537328 0.109224 0.537328 0.232058 0.455385 0.232058
12 0.664924 0.154584 0.824842 0.154584 0.824842 0.261056 0.664924 0.261056
5 0.096779 0.448790 0.285861 0.448790 0.285861 0.530655 0.096779 0.530655
5 0.700838 0.447680 0.890812 0.447680 0.890812 0.532236 0.700838 0.532236
2 0.454156 0.754531 0.537127 0.754531 0.537127 0.879689 0.454156 0.879689
