13 0.358294 0.423260 0.382246 0.423260 0.382246 0.448577 0.358294 0.448577 0.358294 0.423260
13 0.629188 0.636573 0.653140 0.636573 0.653140 0.661889 0.629188 0.661889 0.629188 0.636573
13 0.357754 0.779342 0.381706 0.779342 0.381706 0.804658 0.357754 0.804658 0.357754 0.779342
13 0.804876 0.778266 0.828828 0.778266 0.828828 0.803583 0.804876 0.803583 0.804876 0.778266
9 0.364282 0.435908 0.376258 0.435929 0.375718 0.792010 0.363742 0.791990 
9 0.366671 0.440977 0.373870 0.430860 0.820451 0.785866 0.813253 0.795983 
9 0.369743 0.798329 0.369716 0.785671 0.816839 0.784595 0.816866 0.797253 
3 0.708620 0.432721 0.690237 0.549165 0.637077 0.652991 0.554903 0.732947 0.452618 0.780369 0.341308 0.790117 0.233033 0.761137 0.139529 0.696567 0.070926 0.603406 0.034660 0.491748 0.034660 0.373694 0.070926 0.262036 0.139529 0.168875 0.233033 0.104306 0.341308 0.075325 0.452618 0.085074 0.554903 0.132496 0.637077 0.212452 0.690237 0.316277 0.708620 0.432721
19 0.146713 0.538692 0.337543 0.538692 0.337543 0.644056 0.146713 0.644056
19 0.724065 0.589701 0.910301 0.589701 0.910301 0.694451 0.724065 0.694451
19 0.500331 0.820009 0.682165 0.820009 0.682165 0.923649 0.500331 0.923649
