13 0.044282 0.602306 0.065559 0.602306 0.065559 0.627947 0.044282 0.627947 0.044282 0.602306
13 0.273722 0.872894 0.294998 0.872894 0.294998 0.898535 0.273722 0.898535 0.273722 0.872894
13 0.271899 0.533553 0.293176 0.533553 0.293176 0.559194 0.271899 0.559194 0.271899 0.533553
13 0.272886 0.066171 0.294162 0.066171 0.294162 0.091812 0.272886 0.091812 0.272886 0.066171
13 0.715478 0.872894 0.736755 0.872894 0.736755 0.898535 0.715478 0.898535 0.715478 0.872894
13 0.715209 0.401245 0.736486 0.401245 0.736486 0.426886 0.715209 0.426886 0.715209 0.401245
13 0.714954 0.066894 0.736231 0.066894 0.736231 0.092535 0.714954 0.092535 0.714954 0.066894
13 0.929330 0.335751 0.950607 0.335751 0.950607 0.361392 0.929330 0.361392 0.929330 0.335751
9 0.056210 0.621345 0.053631 0.608907 0.938679 0.342352 0.941258 0.354790 
9 0.278205 0.079000 0.288843 0.078984 0.289679 0.885706 0.279041 0.885722 
9 0.720273 0.079719 0.730912 0.079709 0.731435 0.885709 0.720797 0.885719 
10 0.241076 0.194651 0.324937 0.194651 0.324937 0.322821 0.241076 0.322821
10 0.684200 0.195091 0.765336 0.195091 0.765336 0.321396 0.684200 0.321396
16 0.321781 0.550288 0.385281 0.550288 0.385281 0.663718 0.321781 0.663718
16 0.616225 0.461261 0.683987 0.461261 0.683987 0.574983 0.616225 0.574983
16 0.755650 0.418806 0.821112 0.418806 0.821112 0.533382 0.755650 0.533382
16 0.758232 0.252211 0.821445 0.252211 0.821445 0.361749 0.758232 0.361749
16 0.320631 0.383787 0.387984 0.383787 0.387984 0.496904 0.320631 0.496904
16 0.183366 0.592292 0.249113 0.592292 0.249113 0.706609 0.183366 0.706609
16 0.615143 0.294637 0.681898 0.294637 0.681898 0.407444 0.615143 0.407444
16 0.184845 0.424502 0.243349 0.424502 0.243349 0.536196 0.184845 0.536196
