13 0.108903 0.638653 0.131630 0.638653 0.131630 0.674527 0.108903 0.674527 0.108903 0.638653
13 0.864509 0.767248 0.887236 0.767248 0.887236 0.803122 0.864509 0.803122 0.864509 0.767248
13 0.650231 0.164691 0.672958 0.164691 0.672958 0.200566 0.650231 0.200566 0.650231 0.164691
9 0.119657 0.665507 0.120876 0.647673 0.876481 0.776268 0.875263 0.794102 
9 0.656640 0.187019 0.666549 0.178239 0.880827 0.780795 0.870918 0.789575 
9 0.123023 0.664433 0.117510 0.648747 0.658838 0.174786 0.664350 0.190471 
12 0.601123 0.162427 0.699120 0.162427 0.699120 0.320462 0.601123 0.320462
19 0.787976 0.378826 0.843252 0.378826 0.843252 0.500179 0.787976 0.500179
22 0.027117 0.652347 0.094165 0.652347 0.094165 0.780951 0.027117 0.780951
22 0.884086 0.796376 0.960076 0.796376 0.960076 0.925629 0.884086 0.925629
22 0.658982 0.024814 0.724228 0.024814 0.724228 0.156479 0.658982 0.156479
19 0.455287 0.761737 0.539584 0.761737 0.539584 0.884958 0.455287 0.884958
