13 0.138721 0.191630 0.163800 0.191630 0.163800 0.219799 0.138721 0.219799 0.138721 0.191630
13 0.692348 0.192532 0.717426 0.192532 0.717426 0.220701 0.692348 0.220701 0.692348 0.192532
13 0.234910 0.805915 0.259988 0.805915 0.259988 0.834085 0.234910 0.834085 0.234910 0.805915
13 0.790582 0.808100 0.815660 0.808100 0.815660 0.836269 0.790582 0.836269 0.790582 0.808100
9 0.151251 0.212757 0.151270 0.198672 0.704896 0.199574 0.704878 0.213659 
9 0.698716 0.207859 0.711058 0.205374 0.809292 0.820942 0.796950 0.823427 
9 0.247427 0.827042 0.247471 0.812958 0.803143 0.815143 0.803099 0.829227 
9 0.145086 0.206934 0.157435 0.204494 0.253624 0.818780 0.241274 0.821220 
22 0.062156 0.093831 0.141711 0.093831 0.141711 0.213962 0.062156 0.213962
22 0.725867 0.094162 0.805792 0.094162 0.805792 0.211408 0.725867 0.211408
2 0.398010 0.133296 0.462381 0.133296 0.462381 0.284680 0.398010 0.284680
5 0.129235 0.443269 0.267474 0.443269 0.267474 0.549276 0.129235 0.549276
2 0.685376 0.472442 0.812525 0.472442 0.812525 0.547595 0.685376 0.547595
22 0.118796 0.757597 0.205979 0.757597 0.205979 0.876952 0.118796 0.876952
5 0.476899 0.741904 0.571667 0.741904 0.571667 0.893256 0.476899 0.893256
22 0.818790 0.760692 0.902203 0.760692 0.902203 0.880517 0.818790 0.880517
