13 0.082205 0.777393 0.101389 0.777393 0.101389 0.805464 0.082205 0.805464 0.082205 0.777393
13 0.670095 0.777393 0.689280 0.777393 0.689280 0.805464 0.670095 0.805464 0.670095 0.777393
13 0.870290 0.149536 0.889475 0.149536 0.889475 0.177607 0.870290 0.177607 0.870290 0.149536
13 0.282291 0.151044 0.301476 0.151044 0.301476 0.179114 0.282291 0.179114 0.282291 0.151044
9 0.091797 0.798446 0.091797 0.784411 0.679688 0.784411 0.679688 0.798446 
9 0.875536 0.160604 0.884229 0.166538 0.684034 0.794396 0.675341 0.788462 
9 0.291892 0.172097 0.291875 0.158062 0.879874 0.156554 0.879891 0.170589 
9 0.287539 0.162108 0.296229 0.168051 0.096142 0.794400 0.087452 0.788457 
9 0.094090 0.797592 0.089503 0.785265 0.877589 0.157408 0.882176 0.169735 
22 0.221086 0.046141 0.284647 0.046141 0.284647 0.161526 0.221086 0.161526
22 0.895983 0.047592 0.963034 0.047592 0.963034 0.163192 0.895983 0.163192
4 0.751267 0.149916 0.809782 0.149916 0.809782 0.249285 0.751267 0.249285
0 0.783342 0.225828 0.841701 0.225828 0.841701 0.307820 0.783342 0.307820
4 0.159122 0.699672 0.217786 0.699672 0.217786 0.803486 0.159122 0.803486
22 0.007614 0.796666 0.069613 0.796666 0.069613 0.915334 0.007614 0.915334
22 0.683486 0.798720 0.749368 0.798720 0.749368 0.914238 0.683486 0.914238
0 0.129747 0.645138 0.185979 0.645138 0.185979 0.723642 0.129747 0.723642
