13 0.078360 0.649274 0.112116 0.649274 0.112116 0.675248 0.078360 0.675248 0.078360 0.649274
13 0.365294 0.918114 0.399049 0.918114 0.399049 0.944088 0.365294 0.944088 0.365294 0.918114
13 0.652936 0.648189 0.686691 0.648189 0.686691 0.674163 0.652936 0.674163 0.652936 0.648189
13 0.365980 0.178643 0.399735 0.178643 0.399735 0.204617 0.365980 0.204617 0.365980 0.178643
13 0.362408 0.647944 0.396163 0.647944 0.396163 0.673918 0.362408 0.673918 0.362408 0.647944
9 0.095259 0.668755 0.095217 0.655768 0.669793 0.654683 0.669834 0.667670 
9 0.374418 0.191625 0.391296 0.191635 0.390610 0.931106 0.373733 0.931097 
9 0.375221 0.194393 0.390494 0.188867 0.677450 0.658413 0.662177 0.663939 
9 0.663288 0.657059 0.676339 0.665293 0.388697 0.935219 0.375646 0.926984 
9 0.088717 0.666383 0.101760 0.658140 0.388693 0.926980 0.375650 0.935223 
9 0.375221 0.188867 0.390494 0.194393 0.102875 0.665025 0.087602 0.659498 
1 0.059072 0.064935 0.303797 0.064935 0.303797 0.110390 0.059072 0.110390
1 0.489451 0.064935 0.704641 0.064935 0.704641 0.120130 0.489451 0.120130
1 0.814346 0.172078 0.877637 0.172078 0.877637 0.500000 0.814346 0.500000
1 0.805907 0.594156 0.881857 0.594156 0.881857 0.954545 0.805907 0.954545
8 0.061149 0.073361 0.154736 0.073361 0.154736 0.115839 0.061149 0.115839
8 0.616865 0.073833 0.707063 0.073833 0.707063 0.115490 0.616865 0.115490
8 0.820839 0.170627 0.875386 0.170627 0.875386 0.243990 0.820839 0.243990
8 0.822023 0.880536 0.875802 0.880536 0.875802 0.948032 0.822023 0.948032
19 0.298707 0.039201 0.485422 0.039201 0.485422 0.127730 0.298707 0.127730
19 0.746619 0.510845 0.981077 0.510845 0.981077 0.598858 0.746619 0.598858
