13 0.894917 0.141876 0.922791 0.141876 0.922791 0.172410 0.894917 0.172410 0.894917 0.141876
13 0.311584 0.141876 0.339458 0.141876 0.339458 0.172410 0.311584 0.172410 0.311584 0.141876
13 0.061584 0.721876 0.089458 0.721876 0.089458 0.752410 0.061584 0.752410 0.061584 0.721876
13 0.645683 0.721876 0.673557 0.721876 0.673557 0.752410 0.645683 0.752410 0.645683 0.721876
9 0.325521 0.164776 0.325521 0.149509 0.908854 0.149509 0.908854 0.164776 
9 0.902549 0.153892 0.915159 0.160394 0.665925 0.740394 0.653315 0.733892 
9 0.075521 0.744776 0.075521 0.729509 0.659620 0.729509 0.659620 0.744776 
9 0.319219 0.153884 0.331822 0.160402 0.081822 0.740402 0.069219 0.733884 
9 0.319627 0.161216 0.331414 0.153069 0.665514 0.733069 0.653727 0.741216 
7 0.540321 0.662042 0.633186 0.662042 0.633186 0.733689 0.540321 0.733689
1 0.480836 0.656489 0.637631 0.656489 0.637631 0.793893 0.480836 0.793893
18 0.407530 0.790657 0.587911 0.790657 0.587911 0.921029 0.407530 0.921029
18 0.724339 0.191235 0.849362 0.191235 0.849362 0.318241 0.724339 0.318241
18 0.442971 0.192211 0.568501 0.192211 0.568501 0.316267 0.442971 0.316267
18 0.610628 0.446453 0.734867 0.446453 0.734867 0.599463 0.610628 0.599463
2 0.721366 0.403520 0.856870 0.403520 0.856870 0.487766 0.721366 0.487766
2 0.343577 0.652161 0.396512 0.652161 0.396512 0.817054 0.343577 0.817054
2 0.133710 0.401474 0.268558 0.401474 0.268558 0.490752 0.133710 0.490752
2 0.594197 0.072798 0.647553 0.072798 0.647553 0.236704 0.594197 0.236704
