13 0.496516 0.187531 0.524102 0.187531 0.524102 0.218183 0.496516 0.218183 0.496516 0.187531
13 0.171774 0.447531 0.199360 0.447531 0.199360 0.478183 0.171774 0.478183 0.171774 0.447531
13 0.317392 0.526103 0.344979 0.526103 0.344979 0.556754 0.317392 0.556754 0.317392 0.526103
13 0.202702 0.738960 0.230288 0.738960 0.230288 0.769611 0.202702 0.769611 0.202702 0.738960
13 0.759403 0.761001 0.786989 0.761001 0.786989 0.791652 0.759403 0.791652 0.759403 0.761001
9 0.182582 0.469765 0.188552 0.455949 0.776181 0.769419 0.770211 0.783234 
9 0.504375 0.198953 0.516244 0.206761 0.222429 0.758189 0.210560 0.750382 
3 0.827660 0.567885 0.809811 0.686733 0.758198 0.792702 0.678414 0.874308 0.579106 0.922709 0.471034 0.932659 0.365911 0.903080 0.275127 0.837178 0.208520 0.742093 0.173309 0.628131 0.173309 0.507639 0.208520 0.393677 0.275127 0.298592 0.365911 0.232690 0.471034 0.203111 0.579106 0.213061 0.678414 0.261462 0.758198 0.343068 0.809811 0.449037 0.827660 0.567885
22 0.483450 0.046643 0.576294 0.046643 0.576294 0.172733 0.483450 0.172733
22 0.073780 0.356804 0.161916 0.356804 0.161916 0.483469 0.073780 0.483469
22 0.297762 0.580759 0.379322 0.580759 0.379322 0.709039 0.297762 0.709039
22 0.104864 0.758434 0.198972 0.758434 0.198972 0.884091 0.104864 0.884091
22 0.786222 0.757954 0.875731 0.757954 0.875731 0.882030 0.786222 0.882030
