13 0.086687 0.071058 0.109943 0.071058 0.109943 0.094657 0.086687 0.094657 0.086687 0.071058
13 0.479945 0.071058 0.503201 0.071058 0.503201 0.094657 0.479945 0.094657 0.479945 0.071058
13 0.873204 0.071058 0.896459 0.071058 0.896459 0.094657 0.873204 0.094657 0.873204 0.071058
13 0.086687 0.471058 0.109943 0.471058 0.109943 0.494657 0.086687 0.494657 0.086687 0.471058
13 0.479945 0.471058 0.503201 0.471058 0.503201 0.494657 0.479945 0.494657 0.479945 0.471058
13 0.086687 0.871058 0.109943 0.871058 0.109943 0.894657 0.086687 0.894657 0.086687 0.871058
13 0.873204 0.871058 0.896459 0.871058 0.896459 0.894657 0.873204 0.894657 0.873204 0.871058
9 0.098315 0.888757 0.098315 0.876957 0.884831 0.876957 0.884831 0.888757 
9 0.092501 0.076957 0.104129 0.076957 0.104129 0.888757 0.092501 0.888757 
9 0.098315 0.088757 0.098315 0.076957 0.884831 0.076957 0.884831 0.088757 
9 0.879018 0.076957 0.890645 0.076957 0.890645 0.888757 0.879018 0.888757 
9 0.487457 0.487024 0.495689 0.478690 0.888947 0.878690 0.880716 0.887024 
9 0.098315 0.488757 0.098315 0.476957 0.491573 0.476957 0.491573 0.488757 
9 0.485759 0.076957 0.497387 0.076957 0.497387 0.488757 0.485759 0.488757 
19 0.480179 0.630614 0.668057 0.630614 0.668057 0.735016 0.480179 0.735016
