13 0.772392 0.162105 0.792493 0.162105 0.792493 0.192180 0.772392 0.192180 0.772392 0.162105
13 0.758186 0.504327 0.778286 0.504327 0.778286 0.534403 0.758186 0.534403 0.758186 0.504327
13 0.169686 0.733014 0.189787 0.733014 0.189787 0.763090 0.169686 0.763090 0.169686 0.733014
13 0.882353 0.790405 0.902453 0.790405 0.902453 0.820480 0.882353 0.820480 0.882353 0.790405
9 0.180999 0.755329 0.178473 0.740775 0.766973 0.512088 0.769499 0.526642 
9 0.777427 0.176677 0.787458 0.177609 0.773251 0.519831 0.763220 0.518899 
9 0.182424 0.754405 0.177048 0.741699 0.779755 0.170790 0.785131 0.183496 
9 0.179466 0.755560 0.180006 0.740544 0.892673 0.797934 0.892133 0.812950 
9 0.764021 0.523460 0.772450 0.515270 0.896617 0.801347 0.888188 0.809537 
22 0.796221 0.031591 0.879020 0.031591 0.879020 0.157590 0.796221 0.157590
2 0.450468 0.387821 0.520144 0.387821 0.520144 0.525822 0.450468 0.525822
22 0.796294 0.413902 0.879558 0.413902 0.879558 0.541687 0.796294 0.541687
2 0.533636 0.697206 0.580648 0.697206 0.580648 0.850610 0.533636 0.850610
22 0.055844 0.748140 0.146878 0.748140 0.146878 0.875252 0.055844 0.875252
22 0.900256 0.820581 0.962561 0.820581 0.962561 0.946058 0.900256 0.946058
