13 0.498503 0.189111 0.516202 0.189111 0.516202 0.216603 0.498503 0.216603 0.498503 0.189111
13 0.383019 0.368439 0.400718 0.368439 0.400718 0.395931 0.383019 0.395931 0.383019 0.368439
13 0.615100 0.366254 0.632799 0.366254 0.632799 0.393746 0.615100 0.393746 0.615100 0.366254
13 0.498936 0.543901 0.516635 0.543901 0.516635 0.571393 0.498936 0.571393 0.498936 0.543901
13 0.730611 0.543588 0.748310 0.543588 0.748310 0.571079 0.730611 0.571079 0.730611 0.543588
13 0.103405 0.798445 0.121104 0.798445 0.121104 0.825936 0.103405 0.825936 0.103405 0.798445
13 0.498503 0.799207 0.516202 0.799207 0.516202 0.826698 0.498503 0.826698 0.498503 0.799207
13 0.895746 0.797111 0.913445 0.797111 0.913445 0.824603 0.895746 0.824603 0.895746 0.797111
9 0.504247 0.207753 0.510459 0.197962 0.907701 0.805962 0.901490 0.815753 
9 0.112260 0.819063 0.112250 0.805318 0.904591 0.803984 0.904600 0.817730 
9 0.115373 0.817068 0.109137 0.807313 0.504235 0.197980 0.510471 0.207734 
9 0.502928 0.195984 0.511778 0.195984 0.511778 0.819825 0.502928 0.819825 
9 0.388780 0.387107 0.394957 0.377263 0.510874 0.552725 0.504697 0.562569 
9 0.507789 0.564520 0.507782 0.550774 0.739457 0.550460 0.739465 0.564206 
9 0.510890 0.562545 0.504681 0.552750 0.620845 0.375102 0.627054 0.384898 
9 0.506104 0.564004 0.509467 0.551290 0.906277 0.804500 0.902914 0.817214 
4 0.441316 0.259451 0.512664 0.259451 0.512664 0.354408 0.441316 0.354408
4 0.501304 0.228915 0.552936 0.228915 0.552936 0.299176 0.501304 0.299176
22 0.651116 0.268254 0.719667 0.268254 0.719667 0.390908 0.651116 0.390908
22 0.781863 0.475022 0.841554 0.475022 0.841554 0.596625 0.781863 0.596625
22 0.918197 0.747085 0.967534 0.747085 0.967534 0.873141 0.918197 0.873141
22 0.456903 0.830502 0.539607 0.830502 0.539607 0.952730 0.456903 0.952730
22 0.424332 0.528240 0.490592 0.528240 0.490592 0.665116 0.424332 0.665116
22 0.044384 0.760644 0.095754 0.760644 0.095754 0.883253 0.044384 0.883253
22 0.317485 0.272253 0.384971 0.272253 0.384971 0.393487 0.317485 0.393487
22 0.486756 0.047229 0.552131 0.047229 0.552131 0.171724 0.486756 0.171724
12 0.345385 0.369782 0.437780 0.369782 0.437780 0.511039 0.345385 0.511039
12 0.577218 0.368938 0.670068 0.368938 0.670068 0.512002 0.577218 0.512002
12 0.496513 0.708400 0.574303 0.708400 0.574303 0.828148 0.496513 0.828148
0 0.804403 0.748779 0.834262 0.748779 0.834262 0.825980 0.804403 0.825980
0 0.797365 0.677910 0.841724 0.677910 0.841724 0.758141 0.797365 0.758141
