13 0.010431 0.061265 0.024153 0.061265 0.024153 0.088569 0.010431 0.088569 0.010431 0.061265
13 0.104421 0.061743 0.118143 0.061743 0.118143 0.089047 0.104421 0.089047 0.104421 0.061743
13 0.445866 0.060400 0.459588 0.060400 0.459588 0.087704 0.445866 0.087704 0.445866 0.060400
13 0.838139 0.062507 0.851861 0.062507 0.851861 0.089811 0.838139 0.089811 0.838139 0.062507
13 0.974806 0.061088 0.988528 0.061088 0.988528 0.088392 0.974806 0.088392 0.974806 0.061088
13 0.793395 0.261947 0.807117 0.261947 0.807117 0.289250 0.793395 0.289250 0.793395 0.261947
13 0.641857 0.944066 0.655579 0.944066 0.655579 0.971370 0.641857 0.971370 0.641857 0.944066
9 0.017292 0.081743 0.017291 0.068091 0.981666 0.067914 0.981667 0.081566 
9 0.841863 0.073394 0.848137 0.078924 0.651854 0.960483 0.645581 0.954953 
9 0.449589 0.076808 0.455866 0.071296 0.651856 0.954962 0.645579 0.960474 
9 0.451767 0.080605 0.453687 0.067499 0.801216 0.269045 0.799296 0.282152 
9 0.109099 0.080660 0.113465 0.070130 0.650901 0.952453 0.646535 0.962983 
16 0.625435 0.077971 0.661440 0.077971 0.661440 0.176523 0.625435 0.176523
16 0.080014 0.093099 0.113847 0.093099 0.113847 0.196731 0.080014 0.196731
16 0.180147 0.092245 0.217887 0.092245 0.217887 0.195523 0.180147 0.195523
16 0.405685 0.092277 0.444084 0.092277 0.444084 0.198479 0.405685 0.198479
16 0.780175 0.083126 0.815655 0.083126 0.815655 0.185474 0.780175 0.185474
16 0.846888 0.091913 0.884455 0.091913 0.884455 0.198295 0.846888 0.198295
16 0.740941 0.131584 0.775490 0.131584 0.775490 0.236942 0.740941 0.236942
16 0.498209 0.141759 0.536779 0.141759 0.536779 0.245998 0.498209 0.245998
16 0.708526 0.258902 0.767128 0.258902 0.767128 0.364646 0.708526 0.364646
16 0.632135 0.736739 0.669014 0.736739 0.669014 0.842266 0.632135 0.842266
