13 0.021687 0.693842 0.044609 0.693842 0.044609 0.744475 0.021687 0.744475 0.021687 0.693842
13 0.213094 0.227380 0.236017 0.227380 0.236017 0.278013 0.213094 0.278013 0.213094 0.227380
13 0.323700 0.692188 0.346623 0.692188 0.346623 0.742821 0.323700 0.742821 0.323700 0.692188
13 0.258539 0.417121 0.281461 0.417121 0.281461 0.467753 0.258539 0.467753 0.258539 0.417121
13 0.518539 0.690983 0.541461 0.690983 0.541461 0.741615 0.518539 0.741615 0.518539 0.690983
13 0.950892 0.691595 0.973814 0.691595 0.973814 0.742228 0.950892 0.742228 0.950892 0.691595
13 0.855113 0.297600 0.878035 0.297600 0.878035 0.348233 0.855113 0.348233 0.855113 0.297600
13 0.790044 0.021885 0.812967 0.021885 0.812967 0.072518 0.790044 0.072518 0.790044 0.021885
9 0.035828 0.730348 0.030469 0.707969 0.267321 0.431248 0.272679 0.453626 
9 0.033162 0.731817 0.033134 0.706500 0.335147 0.704847 0.335175 0.730163 
9 0.220309 0.244195 0.228802 0.261197 0.037394 0.727659 0.028902 0.710658 
9 0.219483 0.258585 0.229628 0.246807 0.340234 0.711615 0.330089 0.723394 
9 0.532680 0.727487 0.527320 0.705111 0.863894 0.311728 0.869254 0.334105 
9 0.529996 0.728957 0.530004 0.703641 0.962357 0.704254 0.962349 0.729570 
9 0.797238 0.038752 0.805773 0.055650 0.534267 0.724748 0.525733 0.707850 
9 0.796443 0.053133 0.806568 0.041269 0.967415 0.710980 0.957291 0.722844 
12 0.215646 0.416120 0.301789 0.416120 0.301789 0.614580 0.215646 0.614580
12 0.813109 0.296655 0.899911 0.296655 0.899911 0.496893 0.813109 0.496893
0 0.276223 0.608342 0.318124 0.608342 0.318124 0.733973 0.276223 0.733973
0 0.903360 0.605591 0.945210 0.605591 0.945210 0.733667 0.903360 0.733667
19 0.126261 0.747111 0.224233 0.747111 0.224233 0.899170 0.126261 0.899170
19 0.152726 0.416018 0.192820 0.416018 0.192820 0.522982 0.152726 0.522982
19 0.715165 0.746929 0.788045 0.746929 0.788045 0.896110 0.715165 0.896110
19 0.697050 0.291404 0.765733 0.291404 0.765733 0.436608 0.697050 0.436608
