13 0.173348 0.799683 0.187763 0.799683 0.187763 0.817460 0.173348 0.817460 0.173348 0.799683
13 0.490478 0.799683 0.504892 0.799683 0.504892 0.817460 0.490478 0.817460 0.490478 0.799683
13 0.807608 0.799683 0.822022 0.799683 0.822022 0.817460 0.807608 0.817460 0.807608 0.799683
13 0.731319 0.423906 0.745734 0.423906 0.745734 0.441684 0.731319 0.441684 0.731319 0.423906
13 0.683186 0.190397 0.697601 0.190397 0.697601 0.208175 0.683186 0.208175 0.683186 0.190397
13 0.488163 0.188540 0.502578 0.188540 0.502578 0.206317 0.488163 0.206317 0.488163 0.188540
13 0.297770 0.190397 0.312184 0.190397 0.312184 0.208175 0.297770 0.208175 0.297770 0.190397
13 0.252324 0.419010 0.266739 0.419010 0.266739 0.436788 0.252324 0.436788 0.252324 0.419010
13 0.491470 0.493968 0.505884 0.493968 0.505884 0.511746 0.491470 0.511746 0.491470 0.493968
9 0.180556 0.813016 0.180556 0.804127 0.814815 0.804127 0.814815 0.813016 
9 0.686899 0.200371 0.693888 0.198200 0.818309 0.807486 0.811320 0.809657 
9 0.301482 0.198200 0.308471 0.200371 0.184050 0.809657 0.177061 0.807486 
9 0.304977 0.203730 0.304977 0.194841 0.690394 0.194841 0.690394 0.203730 
3 0.743544 0.501111 0.730199 0.599741 0.691611 0.687683 0.631962 0.755406 0.557715 0.795573 0.476916 0.803831 0.398321 0.779284 0.330447 0.724593 0.280649 0.645684 0.254324 0.551108 0.254324 0.451114 0.280649 0.356539 0.330447 0.277630 0.398321 0.222938 0.476916 0.198391 0.557715 0.206649 0.631962 0.246816 0.691611 0.314540 0.730199 0.402481 0.743544 0.501111
22 0.755227 0.361564 0.826113 0.361564 0.826113 0.459357 0.755227 0.459357
22 0.698753 0.113827 0.770326 0.113827 0.770326 0.211456 0.698753 0.211456
22 0.827170 0.789950 0.897961 0.789950 0.897961 0.887440 0.827170 0.887440
19 0.146679 0.561967 0.198258 0.561967 0.198258 0.652969 0.146679 0.652969
19 0.728076 0.250654 0.777877 0.250654 0.777877 0.323724 0.728076 0.323724
22 0.098169 0.789124 0.164871 0.789124 0.164871 0.887770 0.098169 0.887770
22 0.527279 0.458423 0.590527 0.458423 0.590527 0.554720 0.527279 0.554720
22 0.168472 0.362715 0.236753 0.362715 0.236753 0.459461 0.168472 0.459461
22 0.460528 0.822022 0.532270 0.822022 0.532270 0.917336 0.460528 0.917336
19 0.219792 0.250566 0.268910 0.250566 0.268910 0.322904 0.219792 0.322904
22 0.460514 0.082040 0.531372 0.082040 0.531372 0.178065 0.460514 0.178065
22 0.235647 0.112629 0.297914 0.112629 0.297914 0.209452 0.235647 0.209452
19 0.627979 0.825136 0.681921 0.825136 0.681921 0.916171 0.627979 0.916171
