13 0.490916 0.141803 0.509349 0.141803 0.509349 0.168293 0.490916 0.168293 0.490916 0.141803
13 0.654130 0.173694 0.672563 0.173694 0.672563 0.200184 0.654130 0.200184 0.654130 0.173694
13 0.071710 0.494612 0.090143 0.494612 0.090143 0.521102 0.071710 0.521102 0.071710 0.494612
13 0.918501 0.792061 0.936934 0.792061 0.936934 0.818551 0.918501 0.818551 0.918501 0.792061
13 0.374250 0.847469 0.392683 0.847469 0.392683 0.873959 0.374250 0.873959 0.374250 0.847469
13 0.531022 0.851898 0.549456 0.851898 0.549456 0.878388 0.531022 0.878388 0.531022 0.851898
9 0.495649 0.153517 0.504616 0.156578 0.387950 0.862245 0.378983 0.859183 
9 0.083255 0.513572 0.078597 0.502142 0.497804 0.149333 0.502462 0.160762 
9 0.078022 0.512999 0.083830 0.502715 0.386370 0.855572 0.380562 0.865856 
9 0.658888 0.185267 0.667806 0.188610 0.544698 0.866814 0.535780 0.863471 
9 0.659420 0.190406 0.667273 0.183472 0.931644 0.801839 0.923791 0.808773 
9 0.540731 0.871727 0.539747 0.858558 0.927225 0.798722 0.928210 0.811891 
22 0.476423 0.015480 0.541902 0.015480 0.541902 0.126714 0.476423 0.126714
22 0.636238 0.043657 0.710318 0.043657 0.710318 0.155667 0.636238 0.155667
0 0.420627 0.205020 0.486480 0.205020 0.486480 0.283548 0.420627 0.283548
0 0.635441 0.274546 0.712620 0.274546 0.712620 0.324361 0.635441 0.324361
2 0.235595 0.289850 0.291707 0.289850 0.291707 0.407762 0.235595 0.407762
5 0.762821 0.468615 0.854270 0.468615 0.854270 0.580578 0.762821 0.580578
5 0.385093 0.492549 0.480428 0.492549 0.480428 0.588400 0.385093 0.588400
22 0.009180 0.502723 0.075311 0.502723 0.075311 0.616943 0.009180 0.616943
2 0.547963 0.523208 0.636052 0.523208 0.636052 0.600572 0.547963 0.600572
22 0.872990 0.826439 0.972303 0.826439 0.972303 0.939741 0.872990 0.939741
22 0.336066 0.877374 0.409717 0.877374 0.409717 0.987984 0.336066 0.987984
22 0.498009 0.883641 0.571713 0.883641 0.571713 0.995466 0.498009 0.995466
