13 0.497281 0.060875 0.526478 0.060875 0.526478 0.082265 0.497281 0.082265 0.497281 0.060875
13 0.497334 0.277515 0.526531 0.277515 0.526531 0.298906 0.497334 0.298906 0.497334 0.277515
13 0.156830 0.717338 0.186027 0.717338 0.186027 0.738729 0.156830 0.738729 0.156830 0.717338
13 0.496830 0.717338 0.526027 0.717338 0.526027 0.738729 0.496830 0.738729 0.496830 0.717338
13 0.836830 0.717338 0.866027 0.717338 0.866027 0.738729 0.836830 0.738729 0.836830 0.717338
13 0.496830 0.930727 0.526027 0.930727 0.526027 0.952118 0.496830 0.952118 0.496830 0.930727
9 0.504580 0.071568 0.519179 0.071572 0.518728 0.941425 0.504129 0.941421 
9 0.505584 0.285572 0.518282 0.290849 0.177778 0.730672 0.165079 0.725395 
9 0.505579 0.290843 0.518286 0.285578 0.857782 0.725401 0.845075 0.730666 
9 0.171429 0.733381 0.171429 0.722686 0.851429 0.722686 0.851429 0.733381 
22 0.540769 0.201740 0.636012 0.201740 0.636012 0.295573 0.540769 0.295573
22 0.879742 0.716500 0.975706 0.716500 0.975706 0.813343 0.879742 0.813343
22 0.541544 0.750024 0.642476 0.750024 0.642476 0.848290 0.541544 0.848290
22 0.027731 0.718609 0.140756 0.718609 0.140756 0.813993 0.027731 0.813993
20 0.365229 0.866725 0.446442 0.866725 0.446442 0.962228 0.365229 0.962228
12 0.353407 0.610688 0.531484 0.610688 0.531484 0.741423 0.353407 0.741423
