13 0.704492 0.122530 0.722591 0.122530 0.722591 0.141532 0.704492 0.141532 0.704492 0.122530
13 0.356335 0.378960 0.374434 0.378960 0.374434 0.397963 0.356335 0.397963 0.356335 0.378960
13 0.883807 0.395499 0.901907 0.395499 0.901907 0.414501 0.883807 0.414501 0.883807 0.395499
13 0.265421 0.788415 0.283521 0.788415 0.283521 0.807418 0.265421 0.807418 0.265421 0.788415
13 0.660097 0.801436 0.678197 0.801436 0.678197 0.820439 0.660097 0.820439 0.660097 0.801436
13 0.135747 0.633017 0.153846 0.633017 0.153846 0.652019 0.135747 0.652019 0.135747 0.633017
13 0.571809 0.114983 0.589908 0.114983 0.589908 0.133986 0.571809 0.133986 0.571809 0.114983
13 0.837104 0.122328 0.855204 0.122328 0.855204 0.141330 0.837104 0.141330 0.837104 0.122328
13 0.932127 0.662708 0.950226 0.662708 0.950226 0.681710 0.932127 0.681710 0.932127 0.662708
13 0.395928 0.939430 0.414027 0.939430 0.414027 0.958432 0.395928 0.958432 0.395928 0.939430
9 0.148199 0.648025 0.141394 0.641761 0.575783 0.121571 0.582588 0.127835 
9 0.888941 0.402621 0.896774 0.407379 0.673063 0.813317 0.665230 0.808558 
9 0.367983 0.392351 0.362786 0.384573 0.710943 0.128142 0.716140 0.135920 
9 0.140280 0.645671 0.147050 0.639365 0.404969 0.944591 0.398199 0.950896 
9 0.402414 0.950837 0.398491 0.942275 0.939215 0.669116 0.943138 0.677677 
9 0.360978 0.387383 0.369791 0.389540 0.278878 0.798995 0.270064 0.796838 
9 0.709837 0.134760 0.717246 0.129303 0.899254 0.401678 0.891845 0.407134 
9 0.274329 0.802665 0.274613 0.793168 0.669289 0.806189 0.669005 0.815686 
9 0.945627 0.671353 0.936726 0.673065 0.842834 0.135060 0.851736 0.133348 
9 0.846308 0.127081 0.846000 0.136577 0.580163 0.127076 0.580471 0.117580 
22 0.545249 0.026128 0.665158 0.026128 0.665158 0.121140 0.545249 0.121140
22 0.251131 0.294537 0.352941 0.294537 0.352941 0.387173 0.251131 0.387173
22 0.038462 0.581948 0.144796 0.581948 0.144796 0.679335 0.038462 0.679335
22 0.178733 0.779097 0.294118 0.779097 0.294118 0.871734 0.178733 0.871734
