13 0.369543 0.131873 0.389951 0.131873 0.389951 0.159555 0.369543 0.159555 0.369543 0.131873
13 0.095281 0.776747 0.115689 0.776747 0.115689 0.804429 0.095281 0.804429 0.095281 0.776747
13 0.370480 0.777588 0.390889 0.777588 0.390889 0.805269 0.370480 0.805269 0.370480 0.777588
13 0.643804 0.776747 0.664213 0.776747 0.664213 0.804429 0.643804 0.804429 0.643804 0.776747
9 0.375327 0.149172 0.384166 0.142256 0.658428 0.787130 0.649589 0.794046 
9 0.105485 0.797509 0.105485 0.783668 0.654008 0.783668 0.654008 0.797509 
9 0.375327 0.142256 0.384166 0.149172 0.109905 0.794046 0.101066 0.787130 
9 0.374645 0.145728 0.384849 0.145701 0.385787 0.791415 0.375582 0.791442 
19 0.539030 0.364106 0.702108 0.364106 0.702108 0.482457 0.539030 0.482457
19 0.647838 0.589685 0.949047 0.589685 0.949047 0.748325 0.647838 0.748325
19 0.432845 0.819773 0.593865 0.819773 0.593865 0.935601 0.432845 0.935601
19 0.156468 0.820523 0.318084 0.820523 0.318084 0.936421 0.156468 0.936421
19 0.062345 0.330746 0.224880 0.330746 0.224880 0.447108 0.062345 0.447108
18 0.116767 0.075860 0.251128 0.075860 0.251128 0.195599 0.116767 0.195599
18 0.160407 0.651680 0.288521 0.651680 0.288521 0.766478 0.160407 0.766478
12 0.304358 0.687822 0.393950 0.687822 0.393950 0.804992 0.304358 0.804992
1 0.380102 0.560554 0.645408 0.560554 0.645408 0.667820 0.380102 0.667820
1 0.234694 0.159170 0.359694 0.159170 0.359694 0.269896 0.234694 0.269896
7 0.295489 0.198688 0.362674 0.198688 0.362674 0.270093 0.295489 0.270093
7 0.381696 0.557096 0.452292 0.557096 0.452292 0.628895 0.381696 0.628895
