13 0.637428 0.256772 0.660350 0.256772 0.660350 0.280371 0.637428 0.280371 0.637428 0.256772
13 0.151316 0.260772 0.174239 0.260772 0.174239 0.284371 0.151316 0.284371 0.151316 0.260772
13 0.396872 0.509343 0.419795 0.509343 0.419795 0.532942 0.396872 0.532942 0.396872 0.509343
13 0.395205 0.862486 0.418128 0.862486 0.418128 0.886085 0.395205 0.886085 0.395205 0.862486
13 0.720163 0.862486 0.743085 0.862486 0.743085 0.886085 0.720163 0.886085 0.720163 0.862486
13 0.072914 0.864272 0.095836 0.864272 0.095836 0.887871 0.072914 0.887871 0.072914 0.864272
9 0.158760 0.276778 0.166796 0.268365 0.412351 0.516936 0.404315 0.525350 
9 0.644797 0.264441 0.652981 0.272702 0.412425 0.525273 0.404241 0.517012 
9 0.157489 0.274843 0.168066 0.270299 0.411955 0.872014 0.401378 0.876558 
9 0.643590 0.266325 0.654188 0.270817 0.411966 0.876532 0.401368 0.872040 
9 0.084390 0.881971 0.084360 0.870172 0.731609 0.868386 0.731639 0.880185 
3 0.750212 0.519378 0.731604 0.634178 0.677797 0.736538 0.594622 0.815365 0.491092 0.862117 0.378425 0.871729 0.268832 0.843157 0.174188 0.779499 0.104750 0.687653 0.068042 0.577572 0.068042 0.461185 0.104750 0.351104 0.174188 0.259258 0.268832 0.195600 0.378425 0.167028 0.491092 0.176640 0.594622 0.223392 0.677797 0.302219 0.731604 0.404578 0.750212 0.519378
18 0.371746 0.038010 0.483200 0.038010 0.483200 0.143548 0.371746 0.143548
18 0.371872 0.363590 0.478157 0.363590 0.478157 0.465506 0.371872 0.465506
18 0.338413 0.592223 0.482541 0.592223 0.482541 0.692157 0.338413 0.692157
18 0.498006 0.724004 0.592533 0.724004 0.592533 0.824308 0.498006 0.824308
18 0.773029 0.535820 0.962850 0.535820 0.962850 0.638768 0.773029 0.638768
18 0.212991 0.714546 0.320661 0.714546 0.320661 0.821300 0.212991 0.821300
1 0.378223 0.690265 0.438395 0.690265 0.438395 0.840708 0.378223 0.840708
7 0.379423 0.754278 0.433135 0.754278 0.433135 0.830150 0.379423 0.830150
0 0.429745 0.772934 0.508094 0.772934 0.508094 0.881108 0.429745 0.881108
0 0.301861 0.775782 0.383057 0.775782 0.383057 0.883232 0.301861 0.883232
20 0.683723 0.743130 0.754258 0.743130 0.754258 0.848242 0.683723 0.848242
