13 0.060251 0.835724 0.074511 0.835724 0.074511 0.865575 0.060251 0.865575 0.060251 0.835724
13 0.773425 0.838221 0.787686 0.838221 0.787686 0.868072 0.773425 0.868072 0.773425 0.838221
13 0.926870 0.839620 0.941130 0.839620 0.941130 0.869471 0.926870 0.869471 0.926870 0.839620
13 0.773383 0.142686 0.787643 0.142686 0.787643 0.172537 0.773383 0.172537 0.773383 0.142686
9 0.067373 0.858112 0.067389 0.843187 0.934008 0.847083 0.933992 0.862008 
9 0.068882 0.857418 0.065880 0.843881 0.779012 0.150843 0.782014 0.164380 
9 0.776948 0.157613 0.784078 0.157611 0.784121 0.853146 0.776990 0.853148 
9 0.777275 0.160736 0.783750 0.154487 0.937238 0.851421 0.930762 0.857670 
12 0.731825 0.746738 0.790531 0.746738 0.790531 0.872387 0.731825 0.872387
22 0.756230 0.033573 0.805869 0.033573 0.805869 0.142144 0.756230 0.142144
16 0.738861 0.195839 0.768543 0.195839 0.768543 0.295536 0.738861 0.295536
22 0.036638 0.869319 0.085102 0.869319 0.085102 0.978862 0.036638 0.978862
22 0.756001 0.870571 0.808156 0.870571 0.808156 0.981305 0.756001 0.981305
22 0.915067 0.869721 0.962082 0.869721 0.962082 0.976800 0.915067 0.976800
16 0.781307 0.292953 0.813572 0.292953 0.813572 0.392319 0.781307 0.392319
18 0.824210 0.719716 0.899117 0.719716 0.899117 0.835073 0.824210 0.835073
18 0.200523 0.719799 0.275882 0.719799 0.275882 0.836170 0.200523 0.836170
