13 0.281215 0.119253 0.294683 0.119253 0.294683 0.145482 0.281215 0.145482 0.281215 0.119253
13 0.944933 0.120002 0.958401 0.120002 0.958401 0.146232 0.944933 0.146232 0.944933 0.120002
13 0.039676 0.820052 0.053144 0.820052 0.053144 0.846282 0.039676 0.846282 0.039676 0.820052
13 0.704933 0.821301 0.718401 0.821301 0.718401 0.847530 0.704933 0.847530 0.704933 0.821301
9 0.046407 0.839724 0.046414 0.826609 0.711670 0.827858 0.711663 0.840973 
9 0.948865 0.129480 0.954468 0.136754 0.714468 0.838052 0.708865 0.830779 
9 0.287947 0.138925 0.287951 0.125810 0.951669 0.126560 0.951665 0.139674 
9 0.285767 0.137362 0.290130 0.127373 0.713848 0.829421 0.709485 0.839410 
9 0.285153 0.128713 0.290744 0.136022 0.049206 0.836821 0.043615 0.829512 
22 0.262728 0.003838 0.319716 0.003838 0.319716 0.112266 0.262728 0.112266
22 0.918595 0.004668 0.973885 0.004668 0.973885 0.112639 0.918595 0.112639
10 0.581054 0.083871 0.643687 0.083871 0.643687 0.180017 0.581054 0.180017
10 0.333749 0.787050 0.397745 0.787050 0.397745 0.884186 0.333749 0.884186
22 0.013307 0.854584 0.068045 0.854584 0.068045 0.967721 0.013307 0.967721
22 0.684222 0.856645 0.731563 0.856645 0.731563 0.967010 0.684222 0.967010
6 0.125339 0.370345 0.207404 0.370345 0.207404 0.572834 0.125339 0.572834
6 0.780620 0.403422 0.864790 0.403422 0.864790 0.605485 0.780620 0.605485
