13 0.351399 0.165012 0.364601 0.165012 0.364601 0.204036 0.351399 0.204036 0.351399 0.165012
13 0.774999 0.275726 0.788201 0.275726 0.788201 0.314750 0.774999 0.314750 0.774999 0.275726
13 0.491840 0.586569 0.505041 0.586569 0.505041 0.625593 0.491840 0.625593 0.491840 0.586569
13 0.075287 0.690519 0.088489 0.690519 0.088489 0.729543 0.075287 0.729543 0.075287 0.690519
13 0.917740 0.696021 0.930941 0.696021 0.930941 0.735045 0.917740 0.735045 0.917740 0.696021
13 0.497754 0.807886 0.510956 0.807886 0.510956 0.846910 0.497754 0.846910 0.497754 0.807886
9 0.505546 0.835380 0.504988 0.815938 0.926470 0.710221 0.927028 0.729664 
9 0.079696 0.728919 0.079117 0.709482 0.502205 0.599451 0.502783 0.618888 
9 0.505008 0.832356 0.501439 0.815942 0.779816 0.287031 0.783384 0.303445 
9 0.081822 0.725552 0.078231 0.709181 0.356204 0.176338 0.359796 0.192710 
9 0.355663 0.191413 0.360337 0.177635 0.504831 0.605948 0.500157 0.619726 
9 0.779274 0.302160 0.783926 0.288316 0.929075 0.714531 0.924423 0.728374 
22 0.339934 0.034146 0.372937 0.034146 0.372937 0.151220 0.339934 0.151220
22 0.765677 0.141463 0.798680 0.141463 0.798680 0.263415 0.765677 0.263415
23 0.316832 0.200000 0.387789 0.200000 0.387789 0.321951 0.316832 0.321951
23 0.740924 0.317073 0.813531 0.317073 0.813531 0.434146 0.740924 0.434146
2 0.202970 0.390244 0.232673 0.390244 0.232673 0.507317 0.202970 0.507317
24 0.826733 0.419512 0.871287 0.419512 0.871287 0.551220 0.826733 0.551220
2 0.627063 0.502439 0.656766 0.502439 0.656766 0.614634 0.627063 0.614634
4 0.458746 0.512195 0.485149 0.512195 0.485149 0.634146 0.458746 0.634146
22 0.514851 0.536585 0.549505 0.536585 0.549505 0.663415 0.514851 0.663415
0 0.122112 0.595122 0.145215 0.595122 0.145215 0.726829 0.122112 0.726829
5 0.298680 0.590244 0.328383 0.590244 0.328383 0.721951 0.298680 0.721951
4 0.882838 0.624390 0.912541 0.624390 0.912541 0.741463 0.882838 0.741463
22 0.938944 0.648780 0.970297 0.648780 0.970297 0.770732 0.938944 0.770732
22 0.026403 0.653659 0.064356 0.653659 0.064356 0.775610 0.026403 0.775610
0 0.546205 0.707317 0.569307 0.707317 0.569307 0.829268 0.546205 0.829268
5 0.722772 0.702439 0.752475 0.702439 0.752475 0.834146 0.722772 0.834146
22 0.452145 0.765854 0.488449 0.765854 0.488449 0.887805 0.452145 0.887805
24 0.400990 0.312195 0.445545 0.312195 0.445545 0.443902 0.400990 0.443902
