13 0.215555 0.837443 0.242311 0.837443 0.242311 0.865415 0.215555 0.865415 0.215555 0.837443
13 0.698992 0.837962 0.725748 0.837962 0.725748 0.865934 0.698992 0.865934 0.698992 0.837962
13 0.845696 0.357743 0.872452 0.357743 0.872452 0.385715 0.845696 0.385715 0.845696 0.357743
13 0.457478 0.061252 0.484234 0.061252 0.484234 0.089224 0.457478 0.089224 0.457478 0.061252
13 0.067565 0.356371 0.094321 0.356371 0.094321 0.384343 0.067565 0.384343 0.067565 0.356371
13 0.457608 0.489687 0.484364 0.489687 0.484364 0.517659 0.457608 0.517659 0.457608 0.489687
9 0.465570 0.507777 0.476403 0.499570 0.717786 0.847845 0.706953 0.856051 
9 0.465578 0.499559 0.476395 0.507788 0.234342 0.855543 0.223524 0.847314 
9 0.078864 0.377004 0.083021 0.363710 0.473065 0.497027 0.468908 0.510320 
9 0.464167 0.075240 0.477545 0.075236 0.477675 0.503671 0.464297 0.503676 
9 0.473055 0.510324 0.468918 0.497023 0.857005 0.365079 0.861143 0.378380 
