13 0.368243 0.193829 0.381757 0.193829 0.381757 0.218219 0.368243 0.218219 0.368243 0.193829
13 0.082577 0.807082 0.096090 0.807082 0.096090 0.831472 0.082577 0.831472 0.082577 0.807082
13 0.707789 0.807630 0.721302 0.807630 0.721302 0.832020 0.707789 0.832020 0.707789 0.807630
13 0.948243 0.808803 0.961757 0.808803 0.961757 0.833193 0.948243 0.833193 0.948243 0.808803
9 0.089330 0.825375 0.089337 0.813180 0.955004 0.814901 0.954996 0.827096 
9 0.372414 0.202100 0.377586 0.209948 0.091919 0.823201 0.086747 0.815353 
9 0.372609 0.210332 0.377391 0.201716 0.716936 0.815517 0.712155 0.824133 
22 0.351867 0.069339 0.399301 0.069339 0.399301 0.180670 0.351867 0.180670
22 0.699194 0.841767 0.749608 0.841767 0.749608 0.956071 0.699194 0.956071
22 0.025571 0.790905 0.078381 0.790905 0.078381 0.902469 0.025571 0.902469
18 0.157970 0.688183 0.245149 0.688183 0.245149 0.794155 0.157970 0.794155
18 0.708311 0.685964 0.821456 0.685964 0.821456 0.793652 0.708311 0.793652
