13 0.080213 0.157240 0.099398 0.157240 0.099398 0.179903 0.080213 0.179903 0.080213 0.157240
13 0.418563 0.308669 0.437748 0.308669 0.437748 0.331331 0.418563 0.331331 0.418563 0.308669
13 0.864194 0.508669 0.883379 0.508669 0.883379 0.531331 0.864194 0.531331 0.864194 0.508669
13 0.470108 0.669708 0.489292 0.669708 0.489292 0.692370 0.470108 0.692370 0.470108 0.669708
13 0.150602 0.800097 0.169787 0.800097 0.169787 0.822760 0.150602 0.822760 0.150602 0.800097
9 0.085049 0.169298 0.094562 0.167845 0.164951 0.810702 0.155438 0.812155 
9 0.088104 0.173869 0.091507 0.163274 0.875488 0.514703 0.872085 0.525297 
9 0.161761 0.816783 0.158627 0.806074 0.872219 0.514645 0.875354 0.525355 
9 0.423426 0.320942 0.432885 0.319058 0.484429 0.680097 0.474971 0.681981 
22 0.027438 0.043468 0.094746 0.043468 0.094746 0.148379 0.027438 0.148379
22 0.086769 0.827732 0.162623 0.827732 0.162623 0.931498 0.086769 0.931498
22 0.439931 0.711730 0.510055 0.711730 0.510055 0.818740 0.439931 0.818740
22 0.886214 0.484090 0.947954 0.484090 0.947954 0.589941 0.886214 0.589941
22 0.384378 0.179852 0.459686 0.179852 0.459686 0.284664 0.384378 0.284664
18 0.550143 0.227046 0.678319 0.227046 0.678319 0.328880 0.550143 0.328880
18 0.470923 0.536915 0.597331 0.536915 0.597331 0.635771 0.470923 0.635771
18 0.658491 0.684575 0.786183 0.684575 0.786183 0.785703 0.658491 0.785703
18 0.194945 0.827495 0.560700 0.827495 0.560700 0.942577 0.194945 0.942577
1 0.167866 0.648725 0.434053 0.648725 0.434053 0.847025 0.167866 0.847025
1 0.630695 0.484419 0.791367 0.484419 0.791367 0.671388 0.630695 0.671388
1 0.453237 0.331445 0.625899 0.331445 0.625899 0.461756 0.453237 0.461756
7 0.176937 0.689720 0.226733 0.689720 0.226733 0.772509 0.176937 0.772509
7 0.719888 0.490576 0.791859 0.490576 0.791859 0.549323 0.719888 0.549323
7 0.455658 0.369148 0.518288 0.369148 0.518288 0.446425 0.455658 0.446425
