13 0.455991 0.481693 0.475175 0.481693 0.475175 0.504550 0.455991 0.504550 0.455991 0.481693
13 0.654055 0.813968 0.673239 0.813968 0.673239 0.836825 0.654055 0.836825 0.654055 0.813968
13 0.785505 0.373757 0.804690 0.373757 0.804690 0.396614 0.785505 0.396614 0.785505 0.373757
13 0.597211 0.112381 0.616396 0.112381 0.616396 0.135238 0.597211 0.135238 0.597211 0.112381
13 0.333422 0.106032 0.352607 0.106032 0.352607 0.128889 0.333422 0.128889 0.333422 0.106032
13 0.123812 0.402328 0.142997 0.402328 0.142997 0.425185 0.123812 0.425185 0.123812 0.402328
13 0.219735 0.771640 0.238920 0.771640 0.238920 0.794497 0.219735 0.794497 0.219735 0.771640
9 0.231875 0.787057 0.225004 0.779081 0.461260 0.490192 0.468130 0.498168 
9 0.459911 0.497513 0.467703 0.490847 0.666655 0.821006 0.658863 0.827671 
9 0.464181 0.500751 0.461657 0.489725 0.793835 0.381789 0.796359 0.392815 
9 0.469062 0.498660 0.460328 0.493933 0.601549 0.123562 0.610282 0.128289 
9 0.468277 0.493168 0.459336 0.497308 0.336768 0.121647 0.345708 0.117506 
9 0.463908 0.489647 0.461929 0.500829 0.133303 0.418290 0.135282 0.407107 
3 0.805560 0.493294 0.787104 0.625068 0.733736 0.742561 0.651239 0.833042 0.548553 0.886707 0.436806 0.897739 0.328106 0.864944 0.234235 0.791874 0.165363 0.686449 0.128954 0.560092 0.128954 0.426497 0.165363 0.300140 0.234235 0.194715 0.328106 0.121645 0.436806 0.088850 0.548553 0.099882 0.651239 0.153546 0.733736 0.244028 0.787104 0.361521 0.805560 0.493294
1 0.872902 0.077143 0.906475 0.077143 0.906475 0.465714 0.872902 0.465714
1 0.870504 0.568571 0.911271 0.568571 0.911271 0.908571 0.870504 0.908571
8 0.873735 0.076107 0.909695 0.076107 0.909695 0.147687 0.873735 0.147687
8 0.874038 0.843285 0.911173 0.843285 0.911173 0.911993 0.874038 0.911993
18 0.405205 0.572265 0.506389 0.572265 0.506389 0.662940 0.405205 0.662940
18 0.527556 0.349341 0.628394 0.349341 0.628394 0.441747 0.527556 0.441747
19 0.853950 0.476805 0.929108 0.476805 0.929108 0.561258 0.853950 0.561258
18 0.526955 0.482584 0.629276 0.482584 0.629276 0.576995 0.526955 0.576995
18 0.423891 0.278275 0.525117 0.278275 0.525117 0.369096 0.423891 0.369096
18 0.308040 0.354731 0.411975 0.354731 0.411975 0.446176 0.308040 0.446176
18 0.298123 0.482187 0.403032 0.482187 0.403032 0.576563 0.298123 0.576563
