13 0.499329 0.175113 0.534263 0.175113 0.534263 0.215314 0.499329 0.215314 0.499329 0.175113
13 0.838058 0.500472 0.872993 0.500472 0.872993 0.540673 0.838058 0.540673 0.838058 0.500472
13 0.152917 0.794489 0.187852 0.794489 0.187852 0.834690 0.152917 0.834690 0.152917 0.794489
9 0.172137 0.823243 0.166058 0.804399 0.852486 0.511151 0.858565 0.529995 
9 0.509247 0.188248 0.523922 0.199150 0.176435 0.818559 0.161760 0.807657 
9 0.510387 0.200720 0.521543 0.185253 0.860358 0.508856 0.849202 0.524324 
22 0.471616 0.050251 0.567686 0.050251 0.567686 0.170854 0.471616 0.170854
19 0.681223 0.226131 0.790393 0.226131 0.790393 0.331658 0.681223 0.331658
18 0.454148 0.261307 0.598253 0.261307 0.598253 0.381910 0.454148 0.381910
22 0.868996 0.502513 0.960699 0.502513 0.960699 0.618090 0.868996 0.618090
18 0.235808 0.648241 0.318777 0.648241 0.318777 0.763819 0.235808 0.763819
19 0.497817 0.668342 0.606987 0.668342 0.606987 0.778894 0.497817 0.778894
22 0.074236 0.804020 0.161572 0.804020 0.161572 0.919598 0.074236 0.919598
