13 0.187921 0.778228 0.203516 0.778228 0.203516 0.797645 0.187921 0.797645 0.187921 0.778228
13 0.701683 0.686799 0.717277 0.686799 0.717277 0.706217 0.701683 0.706217 0.701683 0.686799
13 0.856882 0.657720 0.872476 0.657720 0.872476 0.677137 0.856882 0.677137 0.856882 0.657720
13 0.666515 0.405801 0.682109 0.405801 0.682109 0.425219 0.666515 0.425219 0.666515 0.405801
13 0.764374 0.328069 0.779969 0.328069 0.779969 0.347487 0.764374 0.347487 0.764374 0.328069
13 0.487042 0.246720 0.502637 0.246720 0.502637 0.266137 0.487042 0.266137 0.487042 0.246720
13 0.577065 0.081720 0.592660 0.081720 0.592660 0.101137 0.577065 0.101137 0.577065 0.081720
9 0.581662 0.088656 0.588063 0.094201 0.198919 0.790709 0.192518 0.785164 
9 0.197790 0.792049 0.193647 0.783824 0.770100 0.333665 0.774243 0.341890 
9 0.196277 0.792741 0.195160 0.783132 0.864121 0.662624 0.865237 0.672233 
9 0.492578 0.260383 0.497100 0.252474 0.676573 0.411556 0.672051 0.419465 
9 0.670460 0.416258 0.678164 0.414763 0.713332 0.695760 0.705628 0.697255 
12 0.631998 0.609251 0.719960 0.609251 0.719960 0.718098 0.631998 0.718098
12 0.454237 0.245466 0.548618 0.245466 0.548618 0.365469 0.454237 0.365469
22 0.640662 0.282142 0.715870 0.282142 0.715870 0.387267 0.640662 0.387267
22 0.418162 0.167718 0.488283 0.167718 0.488283 0.272645 0.418162 0.272645
22 0.684215 0.720023 0.752336 0.720023 0.752336 0.825803 0.684215 0.825803
19 0.581025 0.211065 0.636483 0.211065 0.636483 0.308599 0.581025 0.308599
19 0.719908 0.487648 0.776324 0.487648 0.776324 0.586470 0.719908 0.586470
22 0.107747 0.792699 0.184302 0.792699 0.184302 0.898392 0.107747 0.898392
18 0.503897 0.370772 0.621437 0.370772 0.621437 0.473583 0.503897 0.473583
