13 0.047702 0.881138 0.067504 0.881138 0.067504 0.908442 0.047702 0.908442 0.047702 0.881138
13 0.199228 0.742920 0.219030 0.742920 0.219030 0.770223 0.199228 0.770223 0.199228 0.742920
13 0.048190 0.485396 0.067992 0.485396 0.067992 0.512699 0.048190 0.512699 0.048190 0.485396
13 0.198753 0.486348 0.218555 0.486348 0.218555 0.513652 0.198753 0.513652 0.198753 0.486348
13 0.043553 0.085844 0.063355 0.085844 0.063355 0.113148 0.043553 0.113148 0.043553 0.085844
13 0.199504 0.225586 0.219306 0.225586 0.219306 0.252890 0.199504 0.252890 0.199504 0.225586
13 0.478066 0.485777 0.497868 0.485777 0.497868 0.513080 0.478066 0.513080 0.478066 0.485777
13 0.730284 0.485689 0.750086 0.485689 0.750086 0.512993 0.730284 0.512993 0.730284 0.485689
13 0.917900 0.485777 0.937702 0.485777 0.937702 0.513080 0.917900 0.513080 0.917900 0.485777
9 0.058090 0.505874 0.058093 0.492222 0.927802 0.492603 0.927799 0.506255 
9 0.050705 0.105173 0.056202 0.093819 0.490715 0.493751 0.485218 0.505106 
9 0.060348 0.900471 0.054858 0.889109 0.485222 0.493748 0.490712 0.505109 
22 0.225757 0.083914 0.299800 0.083914 0.299800 0.209537 0.225757 0.209537
22 0.168013 0.547976 0.229357 0.547976 0.229357 0.670730 0.168013 0.670730
22 0.222011 0.782714 0.316034 0.782714 0.316034 0.908048 0.222011 0.908048
22 0.469739 0.528131 0.536625 0.528131 0.536625 0.649718 0.469739 0.649718
22 0.705034 0.547743 0.765942 0.547743 0.765942 0.674975 0.705034 0.674975
0 0.382877 0.410037 0.428137 0.410037 0.428137 0.507995 0.382877 0.507995
0 0.414860 0.481468 0.458368 0.481468 0.458368 0.560871 0.414860 0.560871
