13 0.169561 0.740933 0.191783 0.740933 0.191783 0.766823 0.169561 0.766823 0.169561 0.740933
13 0.623529 0.740579 0.645752 0.740579 0.645752 0.766469 0.623529 0.766469 0.623529 0.740579
13 0.623127 0.212110 0.645349 0.212110 0.645349 0.238000 0.623127 0.238000 0.623127 0.212110
13 0.170261 0.212769 0.192484 0.212769 0.192484 0.238659 0.170261 0.238659 0.170261 0.212769
9 0.175817 0.225704 0.186928 0.225724 0.186228 0.753888 0.175117 0.753868 
9 0.181379 0.232187 0.181366 0.219242 0.634231 0.218582 0.634245 0.231527 
9 0.628683 0.225061 0.639794 0.225049 0.640196 0.753518 0.629085 0.753530 
9 0.180676 0.760350 0.180669 0.747405 0.634637 0.747051 0.634644 0.759996 
22 0.084170 0.074680 0.160158 0.074680 0.160158 0.183663 0.084170 0.183663
22 0.650935 0.072852 0.730642 0.072852 0.730642 0.184953 0.650935 0.184953
19 0.048072 0.425338 0.156904 0.425338 0.156904 0.532362 0.048072 0.532362
22 0.056188 0.795338 0.156228 0.795338 0.156228 0.906663 0.056188 0.906663
22 0.649174 0.798067 0.714598 0.798067 0.714598 0.909401 0.649174 0.909401
19 0.323907 0.077510 0.504416 0.077510 0.504416 0.197832 0.323907 0.197832
19 0.651234 0.420784 0.927795 0.420784 0.927795 0.534622 0.651234 0.534622
