13 0.588784 0.231431 0.610464 0.231431 0.610464 0.262319 0.588784 0.262319 0.588784 0.231431
13 0.845050 0.634110 0.866730 0.634110 0.866730 0.664998 0.845050 0.664998 0.845050 0.634110
13 0.561528 0.676520 0.583209 0.676520 0.583209 0.707408 0.561528 0.707408 0.561528 0.676520
13 0.127318 0.745270 0.148998 0.745270 0.148998 0.776158 0.127318 0.776158 0.127318 0.745270
13 0.551503 0.838574 0.573183 0.838574 0.573183 0.869462 0.551503 0.869462 0.551503 0.838574
9 0.138744 0.768391 0.137572 0.753038 0.855304 0.641877 0.856475 0.657230 
9 0.141496 0.766799 0.134820 0.754630 0.596286 0.240791 0.602962 0.252959 
9 0.594225 0.246202 0.605023 0.247548 0.567743 0.854691 0.556944 0.853345 
9 0.595609 0.252062 0.603639 0.241688 0.859905 0.644367 0.851874 0.654740 
22 0.554685 0.083992 0.638559 0.083992 0.638559 0.217924 0.554685 0.217924
0 0.528974 0.288533 0.599925 0.288533 0.599925 0.370311 0.528974 0.370311
0 0.583688 0.330552 0.677293 0.330552 0.677293 0.413695 0.583688 0.413695
22 0.869360 0.583524 0.939598 0.583524 0.939598 0.722256 0.869360 0.722256
22 0.042615 0.721594 0.117560 0.721594 0.117560 0.861998 0.042615 0.861998
22 0.438842 0.739878 0.518748 0.739878 0.518748 0.875830 0.438842 0.875830
