13 0.235534 0.236113 0.263216 0.236113 0.263216 0.284598 0.235534 0.284598 0.235534 0.236113
13 0.278708 0.688520 0.306390 0.688520 0.306390 0.737005 0.278708 0.737005 0.278708 0.688520
13 0.575782 0.485633 0.603463 0.485633 0.603463 0.534118 0.575782 0.534118 0.575782 0.485633
13 0.557452 0.266962 0.585133 0.266962 0.585133 0.315447 0.557452 0.315447 0.557452 0.266962
13 0.852644 0.299522 0.880326 0.299522 0.880326 0.348006 0.852644 0.348006 0.852644 0.299522
9 0.295047 0.724067 0.290052 0.701458 0.863987 0.312460 0.868982 0.335068 
9 0.248970 0.272456 0.249780 0.248255 0.866890 0.311664 0.866080 0.335864 
3 0.591373 0.447492 0.581151 0.554786 0.551593 0.650453 0.505901 0.724126 0.449027 0.767821 0.387134 0.776804 0.326930 0.750101 0.274938 0.690605 0.236792 0.604764 0.216627 0.501881 0.216627 0.393103 0.236792 0.290220 0.274938 0.204379 0.326930 0.144883 0.387134 0.118180 0.449027 0.127163 0.505901 0.170858 0.551593 0.244531 0.581151 0.340198 0.591373 0.447492
1 0.681661 0.327273 0.795848 0.327273 0.795848 0.575758 0.681661 0.575758
7 0.756675 0.324105 0.792949 0.324105 0.792949 0.378337 0.756675 0.378337
18 0.060590 0.435551 0.184159 0.435551 0.184159 0.595054 0.060590 0.595054
18 0.454488 0.335140 0.570655 0.335140 0.570655 0.491970 0.454488 0.491970
18 0.659206 0.575065 0.786788 0.575065 0.786788 0.736350 0.659206 0.736350
