13 0.067350 0.745587 0.091592 0.745587 0.091592 0.781786 0.067350 0.781786 0.067350 0.745587
13 0.871375 0.742324 0.895618 0.742324 0.895618 0.778523 0.871375 0.778523 0.871375 0.742324
13 0.470637 0.407615 0.494880 0.407615 0.494880 0.443814 0.470637 0.443814 0.470637 0.407615
13 0.690354 0.223878 0.714597 0.223878 0.714597 0.260078 0.690354 0.260078 0.690354 0.223878
13 0.843434 0.089710 0.867677 0.089710 0.867677 0.125909 0.843434 0.125909 0.843434 0.089710
9 0.082456 0.771562 0.076486 0.755811 0.852570 0.099934 0.858541 0.115685 
9 0.079487 0.772736 0.079455 0.754637 0.883480 0.751374 0.883513 0.769473 
9 0.479800 0.433612 0.485717 0.417816 0.886455 0.752525 0.880538 0.768321 
18 0.578381 0.352517 0.862024 0.352517 0.862024 0.487747 0.578381 0.487747
22 0.440715 0.278986 0.511229 0.278986 0.511229 0.394918 0.440715 0.394918
22 0.041929 0.779945 0.116551 0.779945 0.116551 0.897070 0.041929 0.897070
22 0.833843 0.778709 0.907447 0.778709 0.907447 0.898509 0.833843 0.898509
18 0.268323 0.621534 0.374275 0.621534 0.374275 0.745626 0.268323 0.745626
22 0.651888 0.065782 0.730790 0.065782 0.730790 0.186407 0.651888 0.186407
18 0.576759 0.621215 0.682325 0.621215 0.682325 0.746624 0.576759 0.746624
