13 0.121971 0.416317 0.148373 0.416317 0.148373 0.448445 0.121971 0.448445 0.121971 0.416317
13 0.291963 0.875364 0.318366 0.875364 0.318366 0.907493 0.291963 0.907493 0.291963 0.875364
13 0.418297 0.451988 0.444699 0.451988 0.444699 0.484116 0.418297 0.484116 0.418297 0.451988
13 0.535074 0.053004 0.561476 0.053004 0.561476 0.085133 0.535074 0.085133 0.535074 0.053004
13 0.848088 0.499001 0.874490 0.499001 0.874490 0.531129 0.848088 0.531129 0.848088 0.499001
9 0.134557 0.440378 0.135787 0.424384 0.861904 0.507068 0.860674 0.523062 
9 0.542064 0.066349 0.554486 0.071787 0.311375 0.894147 0.298953 0.888710 
3 0.859870 0.508515 0.840023 0.653242 0.782634 0.782285 0.693922 0.881661 0.583499 0.940601 0.463333 0.952718 0.346444 0.916698 0.245500 0.836445 0.171439 0.720657 0.132287 0.581879 0.132287 0.435151 0.171439 0.296373 0.245500 0.180584 0.346444 0.100332 0.463333 0.064312 0.583499 0.076429 0.693922 0.135369 0.782634 0.234745 0.840023 0.363788 0.859870 0.508515
19 0.260416 0.335974 0.325008 0.335974 0.325008 0.427545 0.260416 0.427545
19 0.510573 0.232041 0.607957 0.232041 0.607957 0.343698 0.510573 0.343698
19 0.383357 0.650963 0.480079 0.650963 0.480079 0.760851 0.383357 0.760851
19 0.603770 0.359098 0.702698 0.359098 0.702698 0.469748 0.603770 0.469748
