13 0.497562 0.474705 0.521659 0.474705 0.521659 0.498801 0.497562 0.498801 0.497562 0.474705
13 0.100040 0.510150 0.124136 0.510150 0.124136 0.534246 0.100040 0.534246 0.100040 0.510150
13 0.413666 0.652442 0.437762 0.652442 0.437762 0.676538 0.413666 0.676538 0.413666 0.652442
13 0.732442 0.796523 0.756538 0.796523 0.756538 0.820620 0.732442 0.820620 0.732442 0.796523
9 0.109603 0.527685 0.114573 0.516710 0.746975 0.803084 0.742005 0.814059 
9 0.112623 0.528198 0.111553 0.516198 0.509075 0.480753 0.510145 0.492754 
9 0.504163 0.484182 0.515058 0.489325 0.431162 0.667061 0.420267 0.661918 
3 0.903412 0.484343 0.881863 0.613482 0.819549 0.728627 0.723225 0.817299 0.603328 0.869891 0.472850 0.880703 0.345932 0.848563 0.236326 0.776954 0.155910 0.673636 0.113399 0.549805 0.113399 0.418880 0.155910 0.295049 0.236326 0.191731 0.345932 0.120122 0.472850 0.087982 0.603328 0.098794 0.723225 0.151386 0.819549 0.240059 0.881863 0.355203 0.903412 0.484343
19 0.249519 0.374967 0.360360 0.374967 0.360360 0.476874 0.249519 0.476874
19 0.488883 0.547364 0.560575 0.547364 0.560575 0.648053 0.488883 0.648053
19 0.364334 0.688967 0.435693 0.688967 0.435693 0.771759 0.364334 0.771759
12 0.347574 0.553215 0.463783 0.553215 0.463783 0.668539 0.347574 0.668539
