13 0.315050 0.078014 0.336968 0.078014 0.336968 0.105986 0.315050 0.105986 0.315050 0.078014
13 0.272607 0.250216 0.294525 0.250216 0.294525 0.278188 0.272607 0.278188 0.272607 0.250216
13 0.056306 0.508871 0.078223 0.508871 0.078223 0.536843 0.056306 0.536843 0.056306 0.508871
13 0.177382 0.620300 0.199300 0.620300 0.199300 0.648272 0.177382 0.648272 0.177382 0.620300
13 0.256605 0.692681 0.278522 0.692681 0.278522 0.720653 0.256605 0.720653 0.256605 0.692681
13 0.747885 0.691728 0.769803 0.691728 0.769803 0.719700 0.747885 0.719700 0.747885 0.691728
13 0.921777 0.692681 0.943694 0.692681 0.943694 0.720653 0.921777 0.720653 0.921777 0.692681
13 0.460117 0.882585 0.482035 0.882585 0.482035 0.910557 0.460117 0.910557 0.460117 0.882585
9 0.280342 0.269856 0.286791 0.258548 0.762069 0.700060 0.755619 0.711368 
9 0.267564 0.713660 0.267564 0.699674 0.932735 0.699674 0.932735 0.713660 
9 0.064048 0.528518 0.070481 0.517196 0.474293 0.890910 0.467860 0.902233 
9 0.320796 0.089845 0.331222 0.094155 0.193553 0.636441 0.183128 0.632130 
18 0.069848 0.372427 0.218586 0.372427 0.218586 0.495435 0.069848 0.495435
18 0.347193 0.176607 0.493183 0.176607 0.493183 0.300766 0.347193 0.300766
18 0.474379 0.738632 0.574564 0.738632 0.574564 0.854817 0.474379 0.854817
18 0.736550 0.557886 0.885393 0.557886 0.885393 0.679867 0.736550 0.679867
