13 0.129044 0.923703 0.145922 0.923703 0.145922 0.943310 0.129044 0.943310 0.129044 0.923703
13 0.516760 0.923822 0.533638 0.923822 0.533638 0.943430 0.516760 0.943430 0.516760 0.923822
13 0.898512 0.925434 0.915390 0.925434 0.915390 0.945042 0.898512 0.945042 0.898512 0.925434
13 0.841041 0.634006 0.857919 0.634006 0.857919 0.653613 0.841041 0.653613 0.841041 0.634006
13 0.627577 0.632101 0.644454 0.632101 0.644454 0.651709 0.627577 0.651709 0.627577 0.632101
13 0.242793 0.631829 0.259670 0.631829 0.259670 0.651437 0.242793 0.651437 0.242793 0.631829
13 0.033433 0.633053 0.050311 0.633053 0.050311 0.652661 0.033433 0.652661 0.033433 0.633053
13 0.081216 0.338768 0.098094 0.338768 0.098094 0.358375 0.081216 0.358375 0.081216 0.338768
13 0.356093 0.338768 0.372971 0.338768 0.372971 0.358375 0.356093 0.358375 0.356093 0.338768
13 0.742793 0.338768 0.759670 0.338768 0.759670 0.358375 0.742793 0.358375 0.742793 0.338768
13 0.887128 0.338768 0.904005 0.338768 0.904005 0.358375 0.887128 0.358375 0.887128 0.338768
13 0.858064 0.042768 0.874941 0.042768 0.874941 0.062375 0.858064 0.062375 0.858064 0.042768
13 0.468846 0.045434 0.485724 0.045434 0.485724 0.065042 0.468846 0.065042 0.468846 0.045434
13 0.089536 0.043529 0.106414 0.043529 0.106414 0.063137 0.089536 0.063137 0.089536 0.043529
9 0.089655 0.353473 0.089655 0.343669 0.895567 0.343669 0.895567 0.353473 
9 0.041868 0.647759 0.041876 0.637955 0.849484 0.638908 0.849476 0.648711 
9 0.095088 0.056908 0.100862 0.049759 0.909839 0.931663 0.904064 0.938813 
9 0.473437 0.053228 0.481134 0.057248 0.141332 0.935516 0.133635 0.931497 
9 0.862655 0.050560 0.870350 0.054583 0.529047 0.935638 0.521351 0.931615 
20 0.034523 0.058873 0.089260 0.058873 0.089260 0.138305 0.034523 0.138305
20 0.483877 0.038149 0.542088 0.038149 0.542088 0.137160 0.483877 0.137160
20 0.870275 0.058376 0.920157 0.058376 0.920157 0.138125 0.870275 0.138125
20 0.901558 0.289064 0.963555 0.289064 0.963555 0.388863 0.901558 0.388863
20 0.853269 0.600521 0.908298 0.600521 0.908298 0.681290 0.853269 0.681290
16 0.412302 0.239625 0.459927 0.239625 0.459927 0.329515 0.412302 0.329515
16 0.688820 0.238318 0.744416 0.238318 0.744416 0.331619 0.688820 0.331619
16 0.800967 0.236120 0.854127 0.236120 0.854127 0.328836 0.800967 0.328836
16 0.746603 0.364742 0.804089 0.364742 0.804089 0.458334 0.746603 0.458334
16 0.643720 0.364240 0.699075 0.364240 0.699075 0.459329 0.643720 0.459329
16 0.254132 0.365711 0.311154 0.365711 0.311154 0.454874 0.254132 0.454874
16 0.301902 0.531119 0.355725 0.531119 0.355725 0.623601 0.301902 0.623601
16 0.684926 0.533289 0.742329 0.533289 0.742329 0.624488 0.684926 0.624488
16 0.529445 0.660878 0.586167 0.660878 0.586167 0.752962 0.529445 0.752962
10 0.388450 0.142550 0.451893 0.142550 0.451893 0.231496 0.388450 0.231496
10 0.775947 0.143258 0.838504 0.143258 0.838504 0.230766 0.775947 0.230766
