13 0.474981 0.224252 0.495389 0.224252 0.495389 0.255748 0.474981 0.255748 0.474981 0.224252
13 0.106463 0.807109 0.126871 0.807109 0.126871 0.838605 0.106463 0.838605 0.106463 0.807109
13 0.868379 0.807606 0.888787 0.807606 0.888787 0.839102 0.868379 0.839102 0.868379 0.807606
9 0.481650 0.245678 0.488720 0.234322 0.882118 0.817676 0.875048 0.829032 
9 0.116665 0.830731 0.116669 0.814983 0.878585 0.815480 0.878581 0.831228 
9 0.481534 0.234501 0.488837 0.245499 0.120318 0.828356 0.113015 0.817358 
22 0.452246 0.085952 0.520482 0.085952 0.520482 0.216498 0.452246 0.216498
22 0.031605 0.763099 0.100751 0.763099 0.100751 0.892908 0.031605 0.892908
22 0.897501 0.760741 0.963994 0.760741 0.963994 0.891615 0.897501 0.891615
12 0.416030 0.219304 0.553385 0.219304 0.553385 0.432678 0.416030 0.432678
18 0.210139 0.668370 0.333346 0.668370 0.333346 0.795304 0.210139 0.795304
19 0.206315 0.386030 0.300976 0.386030 0.300976 0.514466 0.206315 0.514466
