13 0.784044 0.162594 0.810622 0.162594 0.810622 0.186546 0.784044 0.186546 0.784044 0.162594
13 0.373854 0.418758 0.400432 0.418758 0.400432 0.442711 0.373854 0.442711 0.373854 0.418758
13 0.785030 0.416465 0.811608 0.416465 0.811608 0.440418 0.785030 0.440418 0.785030 0.416465
13 0.373650 0.805034 0.400228 0.805034 0.400228 0.828986 0.373650 0.828986 0.373650 0.805034
13 0.785949 0.805206 0.812527 0.805206 0.812527 0.829158 0.785949 0.829158 0.785949 0.805206
13 0.112425 0.805034 0.139003 0.805034 0.139003 0.828986 0.112425 0.828986 0.112425 0.805034
9 0.125712 0.822998 0.125716 0.811022 0.799240 0.811194 0.799236 0.823170 
9 0.790689 0.174586 0.803978 0.174554 0.805883 0.817166 0.792594 0.817198 
9 0.390927 0.435656 0.383358 0.425813 0.793549 0.169649 0.801118 0.179492 
9 0.380498 0.430732 0.393787 0.430737 0.393583 0.817013 0.380294 0.817007 
9 0.381470 0.427617 0.392815 0.433853 0.131387 0.820128 0.120042 0.813892 
9 0.387184 0.436722 0.387102 0.424747 0.798278 0.422454 0.798360 0.434429 
22 0.750371 0.052509 0.854011 0.052509 0.854011 0.149997 0.750371 0.149997
12 0.699364 0.339732 0.815533 0.339732 0.815533 0.446179 0.699364 0.446179
22 0.248887 0.365400 0.350086 0.365400 0.350086 0.465126 0.248887 0.465126
22 0.817138 0.365623 0.914882 0.365623 0.914882 0.466421 0.817138 0.466421
12 0.365699 0.725702 0.484503 0.725702 0.484503 0.834847 0.365699 0.834847
22 0.064238 0.829607 0.169667 0.829607 0.169667 0.930601 0.064238 0.930601
22 0.341277 0.831285 0.436773 0.831285 0.436773 0.929551 0.341277 0.929551
22 0.757214 0.831013 0.856064 0.831013 0.856064 0.929961 0.757214 0.929961
