13 0.505934 0.121350 0.528157 0.121350 0.528157 0.146507 0.505934 0.146507 0.505934 0.121350
13 0.057239 0.415231 0.079461 0.415231 0.079461 0.440388 0.057239 0.440388 0.057239 0.415231
13 0.383091 0.468617 0.405313 0.468617 0.405313 0.493774 0.383091 0.493774 0.383091 0.468617
13 0.713054 0.493795 0.735276 0.493795 0.735276 0.518952 0.713054 0.518952 0.713054 0.493795
13 0.545887 0.795993 0.568110 0.795993 0.568110 0.821150 0.545887 0.821150 0.545887 0.795993
13 0.230220 0.796800 0.252442 0.796800 0.252442 0.821958 0.230220 0.821958 0.230220 0.796800
9 0.245842 0.813353 0.236000 0.807515 0.388871 0.477221 0.398713 0.483059 
9 0.388023 0.483234 0.397697 0.477047 0.559889 0.802065 0.550215 0.808252 
9 0.393447 0.486417 0.394137 0.473863 0.724114 0.497079 0.723425 0.509633 
9 0.394564 0.473912 0.393020 0.486368 0.067703 0.434661 0.069247 0.422205 
9 0.399882 0.483531 0.389566 0.478860 0.512608 0.130626 0.522925 0.135298 
3 0.725365 0.478872 0.707454 0.600380 0.655663 0.708721 0.575604 0.792154 0.475953 0.841638 0.367509 0.851811 0.262022 0.821570 0.170925 0.754193 0.104089 0.656980 0.068756 0.540466 0.068756 0.417278 0.104089 0.300764 0.170925 0.203552 0.262022 0.136174 0.367509 0.105933 0.475953 0.116106 0.575604 0.165590 0.655663 0.249023 0.707454 0.357364 0.725365 0.478872
8 0.813299 0.093258 0.858272 0.093258 0.858272 0.180813 0.813299 0.180813
18 0.467568 0.335149 0.600742 0.335149 0.600742 0.446758 0.467568 0.446758
19 0.786028 0.436934 0.883797 0.436934 0.883797 0.537538 0.786028 0.537538
18 0.182553 0.497260 0.318366 0.497260 0.318366 0.607377 0.182553 0.607377
18 0.481655 0.520292 0.616057 0.520292 0.616057 0.631486 0.481655 0.631486
18 0.327117 0.630303 0.462343 0.630303 0.462343 0.742669 0.327117 0.742669
8 0.813803 0.786611 0.858381 0.786611 0.858381 0.870309 0.813803 0.870309
1 0.813889 0.100629 0.858333 0.100629 0.858333 0.427673 0.813889 0.427673
18 0.241646 0.291369 0.413835 0.291369 0.413835 0.402711 0.241646 0.402711
1 0.811111 0.537736 0.858333 0.537736 0.858333 0.864780 0.811111 0.864780
