13 0.450822 0.860095 0.471548 0.860095 0.471548 0.881203 0.450822 0.881203 0.450822 0.860095
13 0.109487 0.567224 0.130213 0.567224 0.130213 0.588332 0.109487 0.588332 0.109487 0.567224
13 0.343570 0.418017 0.364295 0.418017 0.364295 0.439126 0.343570 0.439126 0.343570 0.418017
13 0.276154 0.144874 0.296880 0.144874 0.296880 0.165983 0.276154 0.165983 0.276154 0.144874
13 0.722017 0.177498 0.742743 0.177498 0.742743 0.198606 0.722017 0.198606 0.722017 0.177498
13 0.830929 0.619922 0.851655 0.619922 0.851655 0.641030 0.830929 0.641030 0.830929 0.619922
9 0.122595 0.582253 0.117105 0.573302 0.729635 0.183576 0.735125 0.192527 
9 0.116512 0.581814 0.123188 0.573742 0.464523 0.866614 0.457847 0.874685 
9 0.463916 0.875134 0.458453 0.866165 0.838561 0.625992 0.844024 0.634960 
9 0.727354 0.189335 0.737406 0.186769 0.846318 0.629193 0.836266 0.631760 
9 0.286146 0.160692 0.286888 0.150165 0.732751 0.182788 0.732009 0.193315 
9 0.281709 0.153461 0.291324 0.157396 0.124658 0.579746 0.115043 0.575810 
9 0.281489 0.156702 0.291545 0.154155 0.466213 0.869376 0.456157 0.871923 
22 0.259459 0.044498 0.323469 0.044498 0.323469 0.137714 0.259459 0.137714
22 0.764622 0.134645 0.860510 0.134645 0.860510 0.228147 0.764622 0.228147
22 0.352483 0.315590 0.419095 0.315590 0.419095 0.403681 0.352483 0.403681
22 0.036858 0.525352 0.108242 0.525352 0.108242 0.618869 0.036858 0.618869
22 0.855135 0.586734 0.935100 0.586734 0.935100 0.680162 0.855135 0.680162
22 0.456125 0.866348 0.529086 0.866348 0.529086 0.956109 0.456125 0.956109
