13 0.110174 0.202533 0.131394 0.202533 0.131394 0.237467 0.110174 0.237467 0.110174 0.202533
13 0.554618 0.202533 0.575838 0.202533 0.575838 0.237467 0.554618 0.237467 0.554618 0.202533
13 0.109960 0.779183 0.131180 0.779183 0.131180 0.814117 0.109960 0.814117 0.109960 0.779183
13 0.904642 0.778300 0.925862 0.778300 0.925862 0.813234 0.904642 0.813234 0.904642 0.778300
9 0.120784 0.228734 0.120784 0.211266 0.565228 0.211266 0.565228 0.228734 
9 0.561478 0.226178 0.568978 0.213822 0.919002 0.789589 0.911502 0.801945 
9 0.120574 0.805384 0.120566 0.787917 0.915248 0.787034 0.915256 0.804501 
9 0.115479 0.219995 0.126089 0.220005 0.125875 0.796656 0.115265 0.796645 
18 0.646052 0.614207 0.782392 0.614207 0.782392 0.758716 0.646052 0.758716
19 0.756907 0.349767 0.822457 0.349767 0.822457 0.496932 0.756907 0.496932
19 0.438166 0.833482 0.498300 0.833482 0.498300 0.948004 0.438166 0.948004
19 0.035789 0.427866 0.095638 0.427866 0.095638 0.564549 0.035789 0.564549
19 0.292412 0.041838 0.355240 0.041838 0.355240 0.181792 0.292412 0.181792
12 0.105447 0.194165 0.231812 0.194165 0.231812 0.401911 0.105447 0.401911
12 0.105686 0.608845 0.231895 0.608845 0.231895 0.815735 0.105686 0.815735
