13 0.332174 0.860348 0.353171 0.860348 0.353171 0.888223 0.332174 0.888223 0.332174 0.860348
13 0.543812 0.606634 0.564809 0.606634 0.564809 0.634509 0.543812 0.634509 0.543812 0.606634
13 0.859684 0.229424 0.880681 0.229424 0.880681 0.257299 0.859684 0.257299 0.859684 0.229424
13 0.286915 0.523206 0.307912 0.523206 0.307912 0.551080 0.286915 0.551080 0.286915 0.523206
13 0.091175 0.619676 0.112172 0.619676 0.112172 0.647551 0.091175 0.647551 0.091175 0.619676
13 0.037993 0.229634 0.058990 0.229634 0.058990 0.257509 0.037993 0.257509 0.037993 0.229634
13 0.169189 0.232491 0.190186 0.232491 0.190186 0.260366 0.169189 0.260366 0.169189 0.232491
9 0.103549 0.640122 0.099798 0.627105 0.868307 0.236853 0.872058 0.249870 
9 0.346186 0.879463 0.339159 0.869108 0.866669 0.238184 0.873696 0.248539 
9 0.048492 0.250540 0.048490 0.236603 0.870182 0.236393 0.870184 0.250330 
22 0.147789 0.084576 0.219162 0.084576 0.219162 0.199910 0.147789 0.199910
22 0.886020 0.180598 0.956406 0.180598 0.956406 0.299489 0.886020 0.299489
22 0.245781 0.577379 0.338816 0.577379 0.338816 0.693182 0.245781 0.693182
22 0.521953 0.665854 0.579053 0.665854 0.579053 0.783768 0.521953 0.783768
18 0.497059 0.262017 0.628678 0.262017 0.628678 0.372627 0.497059 0.372627
