13 0.336170 0.044720 0.354818 0.044720 0.354818 0.069565 0.336170 0.069565 0.336170 0.044720
13 0.109197 0.481204 0.127845 0.481204 0.127845 0.506049 0.109197 0.506049 0.109197 0.481204
13 0.336170 0.479006 0.354818 0.479006 0.354818 0.503851 0.336170 0.503851 0.336170 0.479006
13 0.562152 0.480325 0.580800 0.480325 0.580800 0.505170 0.562152 0.505170 0.562152 0.480325
13 0.767500 0.487578 0.786148 0.487578 0.786148 0.512422 0.767500 0.512422 0.767500 0.487578
13 0.654261 0.704061 0.672909 0.704061 0.672909 0.728906 0.654261 0.728906 0.654261 0.704061
13 0.766274 0.704720 0.784922 0.704720 0.784922 0.729565 0.766274 0.729565 0.766274 0.704720
13 0.879660 0.704530 0.898308 0.704530 0.898308 0.729375 0.879660 0.729375 0.879660 0.704530
13 0.336170 0.921863 0.354818 0.921863 0.354818 0.946708 0.336170 0.946708 0.336170 0.921863
13 0.767807 0.923904 0.786455 0.923904 0.786455 0.948749 0.767807 0.948749 0.767807 0.923904
9 0.567624 0.489248 0.575328 0.496246 0.349345 0.937785 0.341642 0.930787 
9 0.340832 0.050932 0.350156 0.050932 0.350156 0.940497 0.340832 0.940497 
9 0.341658 0.060674 0.349329 0.053611 0.575311 0.489216 0.567641 0.496279 
9 0.118528 0.499838 0.118514 0.487415 0.571469 0.486536 0.571483 0.498958 
9 0.114677 0.497141 0.122365 0.490112 0.349338 0.930771 0.341650 0.937800 
9 0.341661 0.053606 0.349326 0.060680 0.122353 0.497164 0.114689 0.490089 
9 0.772999 0.496449 0.780649 0.503551 0.667410 0.720035 0.659761 0.712932 
9 0.772985 0.503523 0.780663 0.496477 0.892824 0.713429 0.885145 0.720476 
9 0.885128 0.713462 0.892841 0.720443 0.780987 0.939817 0.773274 0.932836 
9 0.659745 0.720004 0.667426 0.712963 0.780971 0.932806 0.773290 0.939847 
9 0.772162 0.500006 0.781486 0.499994 0.781793 0.936321 0.772469 0.936332 
9 0.663578 0.722695 0.663593 0.710272 0.888992 0.710741 0.888977 0.723164 
19 0.288089 0.265012 0.340371 0.265012 0.340371 0.363432 0.288089 0.363432
19 0.225839 0.504452 0.280825 0.504452 0.280825 0.601950 0.225839 0.601950
19 0.785826 0.589350 0.834644 0.589350 0.834644 0.685597 0.785826 0.685597
19 0.709333 0.719068 0.758883 0.719068 0.758883 0.812034 0.709333 0.812034
19 0.841662 0.801810 0.970844 0.801810 0.970844 0.917485 0.841662 0.917485
19 0.062628 0.128071 0.231782 0.128071 0.231782 0.244067 0.062628 0.244067
