13 0.911214 0.849641 0.930967 0.849641 0.930967 0.877418 0.911214 0.877418 0.911214 0.849641
13 0.909839 0.131111 0.929592 0.131111 0.929592 0.158889 0.909839 0.158889 0.909839 0.131111
13 0.236058 0.131825 0.255812 0.131825 0.255812 0.159603 0.236058 0.159603 0.236058 0.131825
13 0.036871 0.131825 0.056625 0.131825 0.056625 0.159603 0.036871 0.159603 0.036871 0.131825
9 0.914777 0.145019 0.924654 0.144981 0.926029 0.863511 0.916152 0.863548 
9 0.046751 0.152659 0.046745 0.138770 0.919713 0.138056 0.919718 0.151944 
9 0.242957 0.151254 0.248913 0.140175 0.924069 0.857990 0.918112 0.869069 
12 0.822335 0.116867 0.937750 0.116867 0.937750 0.278985 0.822335 0.278985
7 0.831703 0.645914 0.894361 0.645914 0.894361 0.752576 0.831703 0.752576
18 0.428923 0.747641 0.797722 0.747641 0.797722 0.889197 0.428923 0.889197
1 0.701235 0.611111 0.901235 0.611111 0.901235 0.763889 0.701235 0.763889
18 0.405021 0.169914 0.502994 0.169914 0.502994 0.283781 0.405021 0.283781
