13 0.488363 0.164481 0.514086 0.164481 0.514086 0.188150 0.488363 0.188150 0.488363 0.164481
13 0.316369 0.474400 0.342093 0.474400 0.342093 0.498069 0.316369 0.498069 0.316369 0.474400
13 0.664281 0.473880 0.690005 0.473880 0.690005 0.497549 0.664281 0.497549 0.664281 0.473880
13 0.139226 0.790190 0.164950 0.790190 0.164950 0.813859 0.139226 0.813859 0.139226 0.790190
13 0.844281 0.790797 0.870005 0.790797 0.870005 0.814466 0.844281 0.814466 0.844281 0.790797
9 0.152082 0.807941 0.152094 0.796107 0.857149 0.796714 0.857137 0.808549 
9 0.495526 0.179058 0.506923 0.173574 0.862842 0.799890 0.851444 0.805373 
9 0.495504 0.173613 0.506945 0.179018 0.157809 0.804727 0.146367 0.799322 
9 0.329241 0.492152 0.329220 0.480318 0.677132 0.479797 0.677153 0.491631 
22 0.465919 0.040057 0.566863 0.040057 0.566863 0.137852 0.465919 0.137852
16 0.412802 0.364975 0.473389 0.364975 0.473389 0.453670 0.412802 0.453670
16 0.518285 0.364216 0.585879 0.364216 0.585879 0.454915 0.518285 0.454915
22 0.192754 0.414577 0.289237 0.414577 0.289237 0.513627 0.192754 0.513627
22 0.707775 0.411326 0.806346 0.411326 0.806346 0.510168 0.707775 0.510168
16 0.329042 0.518359 0.398141 0.518359 0.398141 0.609051 0.329042 0.609051
16 0.599477 0.516671 0.668775 0.516671 0.668775 0.606427 0.599477 0.606427
22 0.034786 0.814241 0.133875 0.814241 0.133875 0.910511 0.034786 0.910511
22 0.868944 0.812266 0.962886 0.812266 0.962886 0.909524 0.868944 0.909524
