13 0.072693 0.848140 0.091473 0.848140 0.091473 0.870301 0.072693 0.870301 0.072693 0.848140
13 0.073135 0.121491 0.091914 0.121491 0.091914 0.143652 0.073135 0.143652 0.073135 0.121491
13 0.523708 0.119309 0.542488 0.119309 0.542488 0.141470 0.523708 0.141470 0.523708 0.119309
13 0.524591 0.201491 0.543370 0.201491 0.543370 0.223652 0.524591 0.223652 0.524591 0.201491
13 0.693611 0.201387 0.712391 0.201387 0.712391 0.223548 0.693611 0.223548 0.693611 0.201387
13 0.694935 0.385283 0.713714 0.385283 0.713714 0.407444 0.694935 0.407444 0.694935 0.385283
13 0.920782 0.386722 0.939561 0.386722 0.939561 0.408883 0.920782 0.408883 0.920782 0.386722
13 0.920222 0.848920 0.939001 0.848920 0.939001 0.871080 0.920222 0.871080 0.920222 0.848920
9 0.082079 0.864761 0.082087 0.853681 0.929615 0.854460 0.929608 0.865540 
9 0.925477 0.397794 0.934867 0.397810 0.934306 0.860008 0.924917 0.859992 
9 0.077829 0.132567 0.087219 0.132575 0.086778 0.859225 0.077388 0.859217 
9 0.082544 0.138112 0.082505 0.127031 0.533079 0.124849 0.533117 0.135930 
9 0.528404 0.130460 0.537792 0.130319 0.538675 0.212501 0.529286 0.212642 
9 0.533983 0.218112 0.533978 0.207031 0.702998 0.206927 0.703003 0.218008 
9 0.698306 0.212515 0.707696 0.212420 0.709019 0.396317 0.699630 0.396411 
9 0.704299 0.401904 0.704350 0.390824 0.930197 0.392262 0.930146 0.403342 
12 0.066319 0.113358 0.141314 0.113358 0.141314 0.202695 0.066319 0.202695
12 0.470958 0.115340 0.543940 0.115340 0.543940 0.202111 0.470958 0.202111
12 0.639528 0.196500 0.713572 0.196500 0.713572 0.283837 0.639528 0.283837
12 0.866585 0.380466 0.941751 0.380466 0.941751 0.468263 0.866585 0.468263
12 0.065062 0.784724 0.141950 0.784724 0.141950 0.876714 0.065062 0.876714
12 0.865966 0.785406 0.942607 0.785406 0.942607 0.876543 0.865966 0.876543
1 0.532864 0.072022 0.593897 0.072022 0.593897 0.174515 0.532864 0.174515
7 0.532507 0.140288 0.564165 0.140288 0.564165 0.182379 0.532507 0.182379
19 0.024629 0.458247 0.071525 0.458247 0.071525 0.538314 0.024629 0.538314
19 0.709536 0.268026 0.758412 0.268026 0.758412 0.347881 0.709536 0.347881
19 0.936580 0.594916 0.983332 0.594916 0.983332 0.676790 0.936580 0.676790
19 0.785383 0.304912 0.835699 0.304912 0.835699 0.384791 0.785383 0.384791
19 0.592126 0.123392 0.641107 0.123392 0.641107 0.201462 0.592126 0.201462
19 0.280588 0.039264 0.332270 0.039264 0.332270 0.119532 0.280588 0.119532
19 0.506532 0.043234 0.547726 0.043234 0.547726 0.119533 0.506532 0.119533
19 0.466519 0.868604 0.535409 0.868604 0.535409 0.948480 0.466519 0.948480
