13 0.165889 0.092535 0.197635 0.092535 0.197635 0.139872 0.165889 0.139872 0.165889 0.092535
13 0.515242 0.327176 0.546988 0.327176 0.546988 0.374513 0.515242 0.374513 0.515242 0.327176
13 0.273024 0.464400 0.304770 0.464400 0.304770 0.511737 0.273024 0.511737 0.273024 0.464400
13 0.867005 0.566956 0.898751 0.566956 0.898751 0.614294 0.867005 0.614294 0.867005 0.566956
13 0.384990 0.844068 0.416736 0.844068 0.416736 0.891405 0.384990 0.891405 0.384990 0.844068
9 0.178482 0.126980 0.185041 0.105427 0.886158 0.579848 0.879598 0.601402 
9 0.171633 0.119452 0.186190 0.110016 0.404723 0.859584 0.390166 0.869020 
9 0.402182 0.878099 0.396421 0.856044 0.878060 0.576341 0.883820 0.598396 
9 0.291716 0.499131 0.286079 0.477005 0.528296 0.339782 0.533934 0.361907 
2 0.349206 0.189349 0.404762 0.189349 0.404762 0.307692 0.349206 0.307692
10 0.369048 0.366864 0.460317 0.366864 0.460317 0.485207 0.369048 0.485207
2 0.674603 0.408284 0.730159 0.408284 0.730159 0.526627 0.674603 0.526627
10 0.563492 0.698225 0.658730 0.698225 0.658730 0.816568 0.563492 0.816568
19 0.309524 0.065089 0.563492 0.065089 0.563492 0.213018 0.309524 0.213018
19 0.011905 0.284024 0.214286 0.284024 0.214286 0.414201 0.011905 0.414201
19 0.626984 0.272189 0.884921 0.272189 0.884921 0.426036 0.626984 0.426036
19 0.059524 0.591716 0.325397 0.591716 0.325397 0.804734 0.059524 0.804734
