13 0.809339 0.132902 0.838860 0.132902 0.838860 0.153104 0.809339 0.153104 0.809339 0.132902
13 0.378891 0.594283 0.408411 0.594283 0.408411 0.614485 0.378891 0.614485 0.378891 0.594283
13 0.188097 0.799274 0.217617 0.799274 0.217617 0.819476 0.188097 0.819476 0.188097 0.799274
13 0.808097 0.798493 0.837617 0.798493 0.837617 0.818695 0.808097 0.818695 0.808097 0.798493
9 0.202871 0.814425 0.202844 0.804325 0.822844 0.803543 0.822871 0.813644 
9 0.817878 0.140286 0.830321 0.145719 0.209079 0.812091 0.196635 0.806659 
9 0.816719 0.142996 0.831479 0.143009 0.830237 0.808600 0.815477 0.808587 
9 0.389438 0.608530 0.397864 0.600237 0.827070 0.804447 0.818644 0.812741 
19 0.497404 0.298523 0.586189 0.298523 0.586189 0.381334 0.497404 0.381334
19 0.165340 0.647090 0.257467 0.647090 0.257467 0.728522 0.165340 0.728522
19 0.479568 0.828132 0.568090 0.828132 0.568090 0.897119 0.479568 0.897119
22 0.264311 0.520504 0.374140 0.520504 0.374140 0.610072 0.264311 0.610072
22 0.820750 0.809966 0.926795 0.809966 0.926795 0.902289 0.820750 0.902289
22 0.079106 0.812777 0.194186 0.812777 0.194186 0.902432 0.079106 0.902432
22 0.792452 0.030092 0.893467 0.030092 0.893467 0.120760 0.792452 0.120760
