13 0.101371 0.769405 0.118538 0.769405 0.118538 0.794964 0.101371 0.794964 0.101371 0.769405
13 0.503468 0.813125 0.520635 0.813125 0.520635 0.838684 0.503468 0.838684 0.503468 0.813125
13 0.908083 0.858459 0.925250 0.858459 0.925250 0.884018 0.908083 0.884018 0.908083 0.858459
13 0.674830 0.500792 0.691997 0.500792 0.691997 0.526351 0.674830 0.526351 0.674830 0.500792
13 0.451032 0.157016 0.468199 0.157016 0.468199 0.182575 0.451032 0.182575 0.451032 0.157016
13 0.278779 0.458649 0.295946 0.458649 0.295946 0.484208 0.278779 0.484208 0.278779 0.458649
13 0.486032 0.589506 0.503199 0.589506 0.503199 0.615065 0.486032 0.615065 0.486032 0.589506
9 0.111243 0.788280 0.108667 0.776090 0.682125 0.507476 0.684702 0.519667 
9 0.456345 0.165657 0.462885 0.173934 0.113225 0.786323 0.106685 0.778046 
9 0.109637 0.788557 0.110272 0.775813 0.916984 0.864866 0.916349 0.877610 
9 0.285678 0.477306 0.289047 0.465552 0.918351 0.865361 0.914982 0.877115 
9 0.456535 0.174245 0.462696 0.165347 0.919747 0.866789 0.913586 0.875687 
9 0.455354 0.170551 0.463877 0.169041 0.516313 0.825150 0.507789 0.826660 
1 0.283262 0.670927 0.345494 0.670927 0.345494 0.865815 0.283262 0.865815
7 0.320264 0.678343 0.345571 0.678343 0.345571 0.715570 0.320264 0.715570
19 0.613587 0.559622 0.683443 0.559622 0.683443 0.652924 0.613587 0.652924
22 0.506523 0.458167 0.565781 0.458167 0.565781 0.554495 0.506523 0.554495
22 0.692453 0.429126 0.753417 0.429126 0.753417 0.526542 0.692453 0.526542
22 0.923328 0.845089 0.976641 0.845089 0.976641 0.942804 0.923328 0.942804
22 0.480220 0.854557 0.539991 0.854557 0.539991 0.953717 0.480220 0.953717
22 0.211542 0.396632 0.274770 0.396632 0.274770 0.497242 0.211542 0.497242
22 0.433390 0.046686 0.484961 0.046686 0.484961 0.146078 0.433390 0.146078
22 0.023277 0.782006 0.085730 0.782006 0.085730 0.882575 0.023277 0.882575
19 0.175100 0.865403 0.383313 0.865403 0.383313 0.964885 0.175100 0.964885
