13 0.133543 0.487885 0.161712 0.487885 0.161712 0.516559 0.133543 0.516559 0.133543 0.487885
13 0.300522 0.133032 0.328691 0.133032 0.328691 0.161705 0.300522 0.161705 0.300522 0.133032
13 0.650085 0.148520 0.678254 0.148520 0.678254 0.177194 0.650085 0.177194 0.650085 0.148520
13 0.406377 0.312280 0.434546 0.312280 0.434546 0.340953 0.406377 0.340953 0.406377 0.312280
13 0.641897 0.715747 0.670066 0.715747 0.670066 0.744421 0.641897 0.744421 0.641897 0.715747
9 0.151447 0.508245 0.143809 0.496199 0.660351 0.156834 0.667989 0.168880 
9 0.308558 0.151040 0.320655 0.143697 0.662030 0.726413 0.649933 0.733756 
3 0.807219 0.442420 0.789176 0.552480 0.737004 0.650614 0.656356 0.726187 0.555970 0.771009 0.446727 0.780223 0.340463 0.752832 0.248695 0.691802 0.181366 0.603748 0.145773 0.498211 0.145773 0.386629 0.181366 0.281092 0.248695 0.193038 0.340463 0.132008 0.446727 0.104616 0.555970 0.113830 0.656356 0.158653 0.737004 0.234225 0.789176 0.332359 0.807219 0.442420
19 0.495430 0.256192 0.719873 0.256192 0.719873 0.356085 0.495430 0.356085
19 0.207594 0.450276 0.426888 0.450276 0.426888 0.549676 0.207594 0.549676
22 0.238738 0.035866 0.330201 0.035866 0.330201 0.139149 0.238738 0.139149
22 0.675346 0.064078 0.770535 0.064078 0.770535 0.169436 0.675346 0.169436
22 0.643982 0.743201 0.739466 0.743201 0.739466 0.848661 0.643982 0.848661
19 0.285162 0.226327 0.352044 0.226327 0.352044 0.308159 0.285162 0.308159
22 0.052206 0.489654 0.141624 0.489654 0.141624 0.593969 0.052206 0.593969
22 0.398660 0.188663 0.482834 0.188663 0.482834 0.291409 0.398660 0.291409
19 0.523544 0.407343 0.799691 0.407343 0.799691 0.511738 0.523544 0.511738
