13 0.352961 0.176570 0.383612 0.176570 0.383612 0.211505 0.352961 0.211505 0.352961 0.176570
13 0.439616 0.491912 0.470268 0.491912 0.470268 0.526846 0.439616 0.526846 0.439616 0.491912
13 0.733008 0.535651 0.763659 0.535651 0.763659 0.570585 0.733008 0.570585 0.733008 0.535651
13 0.251450 0.747289 0.282101 0.747289 0.282101 0.782224 0.251450 0.782224 0.251450 0.747289
9 0.267097 0.775709 0.261503 0.759447 0.746155 0.542870 0.751750 0.559132 
9 0.361395 0.187364 0.376416 0.190834 0.273667 0.768608 0.258647 0.765138 
3 0.751509 0.512344 0.735520 0.621548 0.689287 0.718918 0.617819 0.793903 0.528861 0.838376 0.432053 0.847519 0.337885 0.820340 0.256563 0.759785 0.196899 0.672417 0.165357 0.567701 0.165357 0.456988 0.196899 0.352272 0.256563 0.264904 0.337885 0.204349 0.432053 0.177170 0.528861 0.186313 0.617819 0.230786 0.689287 0.305771 0.735520 0.403141 0.751509 0.512344
22 0.321839 0.034934 0.402299 0.034934 0.402299 0.139738 0.321839 0.139738
19 0.356322 0.323144 0.436782 0.323144 0.436782 0.423581 0.356322 0.423581
18 0.053640 0.358079 0.134100 0.358079 0.134100 0.467249 0.053640 0.467249
22 0.777778 0.489083 0.862069 0.489083 0.862069 0.598253 0.777778 0.598253
19 0.517241 0.515284 0.601533 0.515284 0.601533 0.611354 0.517241 0.611354
22 0.157088 0.786026 0.241379 0.786026 0.241379 0.890830 0.157088 0.890830
18 0.674330 0.117904 0.842912 0.117904 0.842912 0.227074 0.674330 0.227074
