13 0.519698 0.206880 0.553312 0.206880 0.553312 0.247696 0.519698 0.247696 0.519698 0.206880
13 0.517439 0.621077 0.551053 0.621077 0.551053 0.661894 0.517439 0.661894 0.517439 0.621077
13 0.195536 0.767830 0.229150 0.767830 0.229150 0.808646 0.195536 0.808646 0.195536 0.767830
13 0.519276 0.769279 0.552889 0.769279 0.552889 0.810096 0.519276 0.810096 0.519276 0.769279
13 0.843374 0.769175 0.876987 0.769175 0.876987 0.809991 0.843374 0.809991 0.843374 0.769175
9 0.208955 0.799813 0.208954 0.779405 0.860180 0.779379 0.860181 0.799787 
9 0.528490 0.231766 0.542261 0.220066 0.867066 0.783733 0.853295 0.795433 
9 0.528501 0.218675 0.542250 0.230414 0.215829 0.794107 0.202080 0.782369 
9 0.526972 0.224505 0.543779 0.224584 0.541980 0.789742 0.525173 0.789663 
9 0.211731 0.797869 0.206178 0.778607 0.535883 0.638446 0.541436 0.657708 
9 0.533803 0.656315 0.539547 0.637135 0.863052 0.779994 0.857308 0.799173 
22 0.491597 0.086735 0.579832 0.086735 0.579832 0.204082 0.491597 0.204082
22 0.432773 0.525510 0.512605 0.525510 0.512605 0.642857 0.432773 0.642857
22 0.105042 0.729592 0.189076 0.729592 0.189076 0.846939 0.105042 0.846939
22 0.869748 0.729592 0.945378 0.729592 0.945378 0.846939 0.869748 0.846939
22 0.491597 0.811224 0.584034 0.811224 0.584034 0.933673 0.491597 0.933673
