13 0.128887 0.167686 0.151875 0.167686 0.151875 0.213141 0.128887 0.213141 0.128887 0.167686
13 0.129873 0.779904 0.152862 0.779904 0.152862 0.825359 0.129873 0.825359 0.129873 0.779904
13 0.918413 0.779356 0.941402 0.779356 0.941402 0.824811 0.918413 0.824811 0.918413 0.779356
9 0.138284 0.200994 0.142478 0.179833 0.932004 0.791503 0.927811 0.812664 
9 0.141370 0.813995 0.141366 0.791268 0.929905 0.790720 0.929909 0.813447 
9 0.134634 0.190450 0.146128 0.190377 0.147115 0.802595 0.135620 0.802668 
19 0.508527 0.258040 0.620558 0.258040 0.620558 0.441953 0.508527 0.441953
19 0.053634 0.389839 0.115387 0.389839 0.115387 0.570106 0.053634 0.570106
12 0.126740 0.559875 0.261010 0.559875 0.261010 0.825529 0.126740 0.825529
18 0.543849 0.588186 0.640402 0.588186 0.640402 0.768481 0.543849 0.768481
