13 0.342706 0.131142 0.363649 0.131142 0.363649 0.172592 0.342706 0.172592 0.342706 0.131142
13 0.861221 0.135563 0.882164 0.135563 0.882164 0.177014 0.861221 0.177014 0.861221 0.135563
13 0.861529 0.725306 0.882471 0.725306 0.882471 0.766757 0.861529 0.766757 0.861529 0.725306
13 0.043690 0.720743 0.064633 0.720743 0.064633 0.762194 0.043690 0.762194 0.043690 0.720743
13 0.341578 0.722977 0.362520 0.722977 0.362520 0.764427 0.341578 0.764427 0.341578 0.722977
9 0.052587 0.751222 0.052620 0.730497 0.872017 0.735669 0.871983 0.756394 
9 0.354001 0.166825 0.353999 0.146100 0.871691 0.145925 0.871693 0.166651 
9 0.348455 0.146757 0.355813 0.161503 0.055664 0.748232 0.048306 0.733486 
9 0.866457 0.156298 0.876928 0.156278 0.877217 0.744524 0.866746 0.744544 
9 0.347518 0.160298 0.357989 0.160211 0.359236 0.748256 0.348764 0.748343 
5 0.589005 0.082902 0.636126 0.082902 0.636126 0.217617 0.589005 0.217617
19 0.913613 0.378238 0.958115 0.378238 0.958115 0.502591 0.913613 0.502591
2 0.319372 0.414508 0.384817 0.414508 0.384817 0.481865 0.319372 0.481865
2 0.837696 0.414508 0.903141 0.414508 0.903141 0.481865 0.837696 0.481865
12 0.340314 0.621762 0.410995 0.621762 0.410995 0.766839 0.340314 0.766839
12 0.811518 0.626943 0.882199 0.626943 0.882199 0.766839 0.811518 0.766839
2 0.185864 0.678756 0.219895 0.678756 0.219895 0.808290 0.185864 0.808290
5 0.589005 0.673575 0.636126 0.673575 0.636126 0.808290 0.589005 0.808290
19 0.586387 0.823834 0.636126 0.823834 0.636126 0.943005 0.586387 0.943005
