13 0.872804 0.212536 0.905324 0.212536 0.905324 0.241313 0.872804 0.241313 0.872804 0.212536
13 0.692311 0.233965 0.724832 0.233965 0.724832 0.262742 0.692311 0.262742 0.692311 0.233965
13 0.211597 0.295376 0.244117 0.295376 0.244117 0.324153 0.211597 0.324153 0.211597 0.295376
13 0.485509 0.474789 0.518029 0.474789 0.518029 0.503566 0.485509 0.503566 0.485509 0.474789
13 0.556311 0.770662 0.588832 0.770662 0.588832 0.799439 0.556311 0.799439 0.556311 0.770662
13 0.635168 0.874500 0.667689 0.874500 0.667689 0.903277 0.635168 0.903277 0.635168 0.874500
9 0.228997 0.316888 0.226717 0.302641 0.887924 0.219801 0.890204 0.234048 
9 0.221032 0.313673 0.234682 0.305855 0.658254 0.884980 0.644603 0.892798 
3 0.839842 0.488974 0.821310 0.587245 0.767723 0.674868 0.684887 0.742346 0.581779 0.782367 0.469573 0.790595 0.360428 0.766137 0.266171 0.711644 0.197016 0.633021 0.160458 0.538789 0.160458 0.439158 0.197016 0.344926 0.266171 0.266303 0.360428 0.211811 0.469573 0.187353 0.581779 0.195580 0.684887 0.235601 0.767723 0.303079 0.821310 0.390702 0.839842 0.488974
22 0.666426 0.069595 0.774891 0.069595 0.774891 0.197039 0.666426 0.197039
22 0.412719 0.817826 0.527006 0.817826 0.527006 0.946236 0.412719 0.946236
22 0.059991 0.195714 0.185082 0.195714 0.185082 0.321780 0.059991 0.321780
