13 0.808680 0.176051 0.841068 0.176051 0.841068 0.211449 0.808680 0.211449 0.808680 0.176051
13 0.201459 0.391180 0.233848 0.391180 0.233848 0.426578 0.201459 0.426578 0.201459 0.391180
13 0.137178 0.415831 0.169567 0.415831 0.169567 0.451229 0.137178 0.451229 0.137178 0.415831
13 0.216504 0.502093 0.248893 0.502093 0.248893 0.537491 0.216504 0.537491 0.216504 0.502093
13 0.470949 0.771363 0.503337 0.771363 0.503337 0.806762 0.470949 0.806762 0.470949 0.771363
9 0.155899 0.443170 0.150846 0.426354 0.822348 0.185342 0.827400 0.202158 
9 0.146623 0.442364 0.157866 0.429626 0.492764 0.782693 0.481521 0.795432 
3 0.897522 0.425826 0.879107 0.546439 0.825855 0.653982 0.743539 0.736801 0.641078 0.785920 0.529576 0.796018 0.421115 0.766000 0.327449 0.699119 0.258728 0.602622 0.222399 0.486967 0.222399 0.364686 0.258728 0.249030 0.327449 0.152534 0.421115 0.085652 0.529576 0.055634 0.641078 0.065732 0.743539 0.114852 0.825855 0.197670 0.879107 0.305213 0.897522 0.425826
22 0.846154 0.128319 0.923077 0.128319 0.923077 0.230088 0.846154 0.230088
19 0.465587 0.181416 0.562753 0.181416 0.562753 0.278761 0.465587 0.278761
22 0.161943 0.203540 0.238866 0.203540 0.238866 0.300885 0.161943 0.300885
19 0.141700 0.318584 0.198381 0.318584 0.198381 0.407080 0.141700 0.407080
22 0.052632 0.376106 0.129555 0.376106 0.129555 0.482301 0.052632 0.482301
19 0.129555 0.482301 0.190283 0.482301 0.190283 0.557522 0.129555 0.557522
22 0.141700 0.566372 0.226721 0.566372 0.226721 0.668142 0.141700 0.668142
19 0.364372 0.570796 0.429150 0.570796 0.429150 0.663717 0.364372 0.663717
22 0.433198 0.805310 0.518219 0.805310 0.518219 0.907080 0.433198 0.907080
