13 0.050481 0.123191 0.065519 0.123191 0.065519 0.151968 0.050481 0.151968 0.050481 0.123191
13 0.272852 0.732604 0.287889 0.732604 0.287889 0.761381 0.272852 0.761381 0.272852 0.732604
13 0.480481 0.427650 0.495519 0.427650 0.495519 0.456427 0.480481 0.456427 0.480481 0.427650
13 0.688756 0.123116 0.703793 0.123116 0.703793 0.151893 0.688756 0.151893 0.688756 0.123116
13 0.910815 0.730834 0.925852 0.730834 0.925852 0.759611 0.910815 0.759611 0.910815 0.730834
9 0.282656 0.752704 0.278085 0.741280 0.693989 0.131793 0.698560 0.143217 
9 0.058000 0.144774 0.058000 0.130385 0.696274 0.130310 0.696275 0.144699 
9 0.056698 0.144329 0.059302 0.130830 0.919635 0.738474 0.917032 0.751972 
9 0.693194 0.141627 0.699355 0.133382 0.921414 0.741100 0.915252 0.749346 
9 0.280376 0.754186 0.280365 0.739798 0.918328 0.738029 0.918339 0.752417 
9 0.054918 0.141698 0.061082 0.133461 0.283453 0.742873 0.277288 0.751111 
1 0.285714 0.197842 0.368421 0.197842 0.368421 0.287770 0.285714 0.287770
1 0.680451 0.431655 0.718045 0.431655 0.718045 0.575540 0.680451 0.575540
7 0.287493 0.225176 0.315501 0.225176 0.315501 0.285585 0.287493 0.285585
7 0.689350 0.516598 0.716751 0.516598 0.716751 0.573159 0.689350 0.573159
19 0.360725 0.154913 0.556394 0.154913 0.556394 0.282295 0.360725 0.282295
19 0.593070 0.306402 0.748794 0.306402 0.748794 0.432661 0.593070 0.432661
