13 0.502458 0.157842 0.521020 0.157842 0.521020 0.190495 0.502458 0.190495 0.502458 0.157842
13 0.093750 0.743032 0.112311 0.743032 0.112311 0.775685 0.093750 0.775685 0.093750 0.743032
13 0.503219 0.743968 0.521781 0.743968 0.521781 0.776621 0.503219 0.776621 0.503219 0.743968
13 0.906910 0.744458 0.925471 0.744458 0.925471 0.777111 0.906910 0.777111 0.906910 0.744458
9 0.103026 0.767522 0.103035 0.751195 0.916195 0.752621 0.916186 0.768948 
9 0.508787 0.180467 0.514691 0.167870 0.919142 0.754486 0.913239 0.767083 
9 0.507099 0.174187 0.516379 0.174150 0.517140 0.760275 0.507860 0.760313 
9 0.105960 0.765690 0.100101 0.753027 0.508810 0.167838 0.514668 0.180500 
22 0.472191 0.009795 0.547014 0.009795 0.547014 0.144717 0.472191 0.144717
0 0.505766 0.233070 0.571804 0.233070 0.571804 0.312310 0.505766 0.312310
0 0.449722 0.233390 0.515897 0.233390 0.515897 0.313851 0.449722 0.313851
5 0.271151 0.369413 0.358019 0.369413 0.358019 0.532061 0.271151 0.532061
5 0.659600 0.368088 0.746759 0.368088 0.746759 0.532615 0.659600 0.532615
4 0.782572 0.609377 0.851894 0.609377 0.851894 0.772676 0.782572 0.772676
4 0.165574 0.609505 0.235480 0.609505 0.235480 0.772972 0.165574 0.772972
12 0.498300 0.630206 0.580338 0.630206 0.580338 0.779870 0.498300 0.779870
2 0.320116 0.677551 0.362872 0.677551 0.362872 0.842018 0.320116 0.842018
2 0.664231 0.677962 0.705883 0.677962 0.705883 0.841936 0.664231 0.841936
22 0.471021 0.785695 0.543395 0.785695 0.543395 0.921910 0.471021 0.921910
22 0.886722 0.784036 0.956044 0.784036 0.956044 0.918262 0.886722 0.918262
22 0.042213 0.781883 0.142109 0.781883 0.142109 0.921021 0.042213 0.921021
