13 0.034736 0.754140 0.053875 0.754140 0.053875 0.811694 0.034736 0.811694 0.034736 0.754140
13 0.341010 0.751223 0.360149 0.751223 0.360149 0.808777 0.341010 0.808777 0.341010 0.751223
13 0.535631 0.752023 0.554769 0.752023 0.554769 0.809577 0.535631 0.809577 0.535631 0.752023
13 0.843270 0.228630 0.862409 0.228630 0.862409 0.286184 0.843270 0.286184 0.843270 0.228630
13 0.340128 0.232132 0.359266 0.232132 0.359266 0.289686 0.340128 0.289686 0.340128 0.232132
9 0.044312 0.797305 0.044299 0.768528 0.545193 0.766412 0.545207 0.795188 
9 0.547556 0.793323 0.542844 0.768277 0.850483 0.244884 0.855196 0.269931 
9 0.349708 0.275298 0.349686 0.246521 0.852828 0.243019 0.852851 0.271796 
9 0.046670 0.795426 0.041941 0.770408 0.347333 0.248400 0.352061 0.273418 
9 0.344912 0.260983 0.354482 0.260836 0.355364 0.779926 0.345795 0.780074 
12 0.288579 0.600499 0.361810 0.600499 0.361810 0.815288 0.288579 0.815288
19 0.511627 0.032702 0.703063 0.032702 0.703063 0.227240 0.511627 0.227240
19 0.703946 0.510474 0.892558 0.510474 0.892558 0.705539 0.703946 0.705539
18 0.166588 0.543957 0.265361 0.543957 0.265361 0.753397 0.166588 0.753397
