13 0.326820 0.780768 0.343180 0.780768 0.343180 0.813826 0.326820 0.813826 0.326820 0.780768
13 0.093977 0.483471 0.110337 0.483471 0.110337 0.516529 0.093977 0.516529 0.093977 0.483471
13 0.326487 0.190228 0.342847 0.190228 0.342847 0.223286 0.326487 0.223286 0.326487 0.190228
13 0.326344 0.484919 0.342704 0.484919 0.342704 0.517977 0.326344 0.517977 0.326344 0.484919
13 0.860592 0.486672 0.876952 0.486672 0.876952 0.519729 0.860592 0.519729 0.860592 0.486672
9 0.104322 0.507011 0.099991 0.492989 0.332501 0.199746 0.336832 0.213768 
9 0.333583 0.214726 0.335750 0.198787 0.869855 0.495231 0.867689 0.511170 
9 0.336076 0.805271 0.333924 0.789324 0.867696 0.495227 0.869848 0.511174 
9 0.099972 0.506987 0.104342 0.493013 0.337185 0.790311 0.332815 0.804284 
9 0.330577 0.206766 0.338757 0.206747 0.339090 0.797288 0.330910 0.797307 
9 0.102148 0.508264 0.102165 0.491736 0.868780 0.494936 0.868763 0.511465 
22 0.309108 0.041807 0.364392 0.041807 0.364392 0.179136 0.309108 0.179136
2 0.188064 0.273451 0.248129 0.273451 0.248129 0.429845 0.188064 0.429845
5 0.564992 0.268210 0.632315 0.268210 0.632315 0.442610 0.564992 0.442610
22 0.884442 0.415959 0.939099 0.415959 0.939099 0.551447 0.884442 0.551447
22 0.033618 0.422289 0.086433 0.422289 0.086433 0.560721 0.033618 0.560721
2 0.189674 0.566144 0.247241 0.566144 0.247241 0.721277 0.189674 0.721277
5 0.564604 0.557516 0.631559 0.557516 0.631559 0.732459 0.564604 0.732459
22 0.305200 0.826558 0.363463 0.826558 0.363463 0.961604 0.305200 0.961604
