13 0.881875 0.210649 0.913125 0.210649 0.913125 0.248208 0.881875 0.248208 0.881875 0.210649
13 0.656536 0.274627 0.687786 0.274627 0.687786 0.312186 0.656536 0.312186 0.656536 0.274627
13 0.298512 0.381756 0.329762 0.381756 0.329762 0.419315 0.298512 0.419315 0.298512 0.381756
13 0.058683 0.451254 0.089933 0.451254 0.089933 0.488813 0.058683 0.488813 0.058683 0.451254
13 0.520407 0.542364 0.551657 0.542364 0.551657 0.579922 0.520407 0.579922 0.520407 0.542364
9 0.076154 0.479157 0.072462 0.460909 0.895654 0.220305 0.899346 0.238552 
3 0.791712 0.558885 0.777722 0.659647 0.737268 0.749489 0.674735 0.818677 0.596898 0.859712 0.512192 0.868147 0.429797 0.843070 0.358642 0.787197 0.306436 0.706582 0.278838 0.609963 0.278838 0.507808 0.306436 0.411188 0.358642 0.330574 0.429797 0.274701 0.512192 0.249623 0.596898 0.258059 0.674735 0.299094 0.737268 0.368282 0.777722 0.458124 0.791712 0.558885
22 0.658271 0.088288 0.757873 0.088288 0.757873 0.248255 0.658271 0.248255
22 0.574665 0.539567 0.681259 0.539567 0.681259 0.709424 0.574665 0.709424
22 0.184016 0.203592 0.298809 0.203592 0.298809 0.362642 0.184016 0.362642
