13 0.474747 0.772381 0.494949 0.772381 0.494949 0.799048 0.474747 0.799048 0.474747 0.772381
13 0.098124 0.486667 0.118326 0.486667 0.118326 0.513333 0.098124 0.513333 0.098124 0.486667
13 0.474747 0.200952 0.494949 0.200952 0.494949 0.227619 0.474747 0.227619 0.474747 0.200952
13 0.851371 0.486667 0.871573 0.486667 0.871573 0.513333 0.851371 0.513333 0.851371 0.486667
9 0.105709 0.505780 0.110742 0.494220 0.487365 0.779934 0.482332 0.791494 
9 0.479798 0.207619 0.489899 0.207619 0.489899 0.792381 0.479798 0.792381 
9 0.482332 0.220066 0.487365 0.208506 0.863988 0.494220 0.858955 0.505780 
9 0.487365 0.791494 0.482332 0.779934 0.858955 0.494220 0.863988 0.505780 
9 0.110742 0.505780 0.105709 0.494220 0.482332 0.208506 0.487365 0.220066 
22 0.444539 0.076148 0.510856 0.076148 0.510856 0.187580 0.444539 0.187580
0 0.410746 0.249792 0.487186 0.249792 0.487186 0.329177 0.410746 0.329177
0 0.160835 0.435648 0.197597 0.435648 0.197597 0.558266 0.160835 0.558266
22 0.027310 0.449190 0.091135 0.449190 0.091135 0.564601 0.027310 0.564601
22 0.873150 0.450192 0.943163 0.450192 0.943163 0.564020 0.873150 0.564020
0 0.411405 0.666901 0.487334 0.666901 0.487334 0.743586 0.411405 0.743586
22 0.447279 0.809705 0.518010 0.809705 0.518010 0.924301 0.447279 0.924301
0 0.476075 0.277762 0.596860 0.277762 0.596860 0.388412 0.476075 0.388412
0 0.478766 0.611811 0.594946 0.611811 0.594946 0.719872 0.478766 0.719872
0 0.723592 0.404115 0.774552 0.404115 0.774552 0.587826 0.723592 0.587826
