13 0.080534 0.380545 0.112154 0.380545 0.112154 0.413740 0.080534 0.413740 0.080534 0.380545
13 0.271554 0.025307 0.303174 0.025307 0.303174 0.058502 0.271554 0.058502 0.271554 0.025307
13 0.468972 0.382945 0.500593 0.382945 0.500593 0.416140 0.468972 0.416140 0.468972 0.382945
13 0.662858 0.025307 0.694479 0.025307 0.694479 0.058502 0.662858 0.058502 0.662858 0.025307
13 0.853972 0.381117 0.885593 0.381117 0.885593 0.414312 0.853972 0.414312 0.853972 0.381117
13 0.855114 0.721974 0.886734 0.721974 0.886734 0.755169 0.855114 0.755169 0.855114 0.721974
13 0.470059 0.720382 0.501680 0.720382 0.501680 0.753577 0.470059 0.753577 0.470059 0.720382
13 0.080014 0.721748 0.111634 0.721748 0.111634 0.754943 0.080014 0.754943 0.080014 0.721748
9 0.095822 0.746645 0.095826 0.730047 0.870926 0.730273 0.870922 0.746870 
9 0.861878 0.397743 0.877688 0.397685 0.878829 0.738542 0.863019 0.738601 
9 0.088439 0.397130 0.104249 0.397156 0.103729 0.738359 0.087919 0.738333 
9 0.096338 0.405442 0.096349 0.388844 0.869788 0.389416 0.869777 0.406013 
9 0.476878 0.399571 0.492688 0.399515 0.493775 0.736952 0.477964 0.737008 
9 0.671798 0.037800 0.685539 0.046010 0.491653 0.403648 0.477912 0.395438 
9 0.671783 0.045981 0.685554 0.037829 0.876669 0.393638 0.862897 0.401790 
9 0.280524 0.046066 0.294204 0.037744 0.491622 0.395382 0.477943 0.403704 
9 0.280480 0.037825 0.294248 0.045984 0.103228 0.401222 0.089460 0.393063 
12 0.463634 0.631803 0.585420 0.631803 0.585420 0.757562 0.463634 0.757562
2 0.509760 0.182582 0.639340 0.182582 0.639340 0.274489 0.509760 0.274489
2 0.715601 0.183153 0.846460 0.183153 0.846460 0.274636 0.715601 0.274636
2 0.327631 0.183633 0.456881 0.183633 0.456881 0.274695 0.327631 0.274695
2 0.118104 0.181624 0.248079 0.181624 0.248079 0.275156 0.118104 0.275156
1 0.079051 0.821577 0.418972 0.821577 0.418972 0.883817 0.079051 0.883817
1 0.553360 0.813278 0.881423 0.813278 0.881423 0.883817 0.553360 0.883817
8 0.079836 0.825077 0.169036 0.825077 0.169036 0.880237 0.079836 0.880237
8 0.799027 0.824719 0.886998 0.824719 0.886998 0.878931 0.799027 0.878931
19 0.249978 0.614861 0.327374 0.614861 0.327374 0.725920 0.249978 0.725920
19 0.750171 0.067087 0.823690 0.067087 0.823690 0.177413 0.750171 0.177413
19 0.891367 0.505907 0.964016 0.505907 0.964016 0.619692 0.891367 0.619692
19 0.420889 0.796638 0.534617 0.796638 0.534617 0.910965 0.420889 0.910965
