13 0.086452 0.702720 0.096882 0.702720 0.096882 0.722280 0.086452 0.722280 0.086452 0.702720
13 0.087166 0.252720 0.097596 0.252720 0.097596 0.272280 0.087166 0.272280 0.087166 0.252720
13 0.358535 0.253501 0.368965 0.253501 0.368965 0.273061 0.358535 0.273061 0.358535 0.253501
13 0.487007 0.702026 0.497437 0.702026 0.497437 0.721586 0.487007 0.721586 0.487007 0.702026
13 0.614368 0.483189 0.624798 0.483189 0.624798 0.502749 0.614368 0.502749 0.614368 0.483189
13 0.914785 0.483970 0.925215 0.483970 0.925215 0.503530 0.914785 0.503530 0.914785 0.483970
13 0.818535 0.147251 0.828965 0.147251 0.828965 0.166811 0.818535 0.166811 0.818535 0.147251
13 0.614368 0.147251 0.624798 0.147251 0.624798 0.166811 0.614368 0.166811 0.614368 0.147251
9 0.092377 0.267390 0.092385 0.257610 0.363754 0.258391 0.363746 0.268171 
9 0.091669 0.717390 0.091664 0.707610 0.492220 0.706916 0.492225 0.716696 
9 0.089773 0.262485 0.094989 0.262515 0.094274 0.712515 0.089059 0.712485 
9 0.361453 0.265595 0.366047 0.260967 0.494519 0.709492 0.489925 0.714120 
9 0.619580 0.497859 0.619587 0.488079 0.920004 0.488860 0.919996 0.498640 
9 0.619583 0.161921 0.619583 0.152141 0.823750 0.152141 0.823750 0.161921 
9 0.616976 0.152141 0.622191 0.152141 0.622191 0.497859 0.616976 0.497859 
9 0.821452 0.159342 0.826048 0.154721 0.922298 0.491440 0.917702 0.496060 
12 0.081620 0.243196 0.137291 0.243196 0.137291 0.347715 0.081620 0.347715
12 0.081748 0.625778 0.137113 0.625778 0.137113 0.730436 0.081748 0.730436
2 0.222892 0.201891 0.252664 0.201891 0.252664 0.321022 0.222892 0.321022
4 0.315301 0.252470 0.387719 0.252470 0.387719 0.357577 0.315301 0.357577
0 0.441465 0.628399 0.475746 0.628399 0.475746 0.721825 0.441465 0.721825
2 0.403421 0.461120 0.459513 0.461120 0.459513 0.541752 0.403421 0.541752
2 0.716249 0.102115 0.743365 0.102115 0.743365 0.210447 0.716249 0.210447
4 0.786152 0.146409 0.841144 0.146409 0.841144 0.229521 0.786152 0.229521
0 0.881175 0.429168 0.909000 0.429168 0.909000 0.502508 0.881175 0.502508
12 0.609353 0.136948 0.664515 0.136948 0.664515 0.241524 0.609353 0.241524
12 0.609657 0.406599 0.664422 0.406599 0.664422 0.510358 0.609657 0.510358
2 0.847688 0.297456 0.900501 0.297456 0.900501 0.372959 0.847688 0.372959
19 0.243148 0.721739 0.358771 0.721739 0.358771 0.814319 0.243148 0.814319
19 0.430213 0.364624 0.544623 0.364624 0.544623 0.462513 0.430213 0.462513
19 0.032782 0.438614 0.083400 0.438614 0.083400 0.528957 0.032782 0.528957
19 0.661126 0.051794 0.713210 0.051794 0.713210 0.141438 0.661126 0.141438
19 0.742192 0.499164 0.794093 0.499164 0.794093 0.588007 0.742192 0.588007
19 0.582319 0.277977 0.614607 0.277977 0.614607 0.367313 0.582319 0.367313
