13 0.525576 0.173518 0.546685 0.173518 0.546685 0.197471 0.525576 0.197471 0.525576 0.173518
13 0.114790 0.484128 0.135898 0.484128 0.135898 0.508080 0.114790 0.508080 0.114790 0.484128
13 0.876651 0.483738 0.897759 0.483738 0.897759 0.507690 0.876651 0.507690 0.876651 0.483738
13 0.542282 0.815716 0.563390 0.815716 0.563390 0.839668 0.542282 0.839668 0.542282 0.815716
9 0.128271 0.501087 0.122418 0.491121 0.533204 0.180511 0.539057 0.190478 
9 0.532888 0.190219 0.539373 0.180770 0.890448 0.490990 0.883963 0.500439 
9 0.556311 0.832199 0.549361 0.823186 0.883731 0.491208 0.890680 0.500221 
9 0.122366 0.501047 0.128322 0.491160 0.555814 0.822749 0.549858 0.832636 
9 0.125347 0.502092 0.125342 0.490116 0.887203 0.489726 0.887208 0.501702 
18 0.598861 0.364952 0.735450 0.364952 0.735450 0.468534 0.598861 0.468534
18 0.645332 0.517457 0.784086 0.517457 0.784086 0.618951 0.645332 0.618951
2 0.684532 0.624269 0.747765 0.624269 0.747765 0.701264 0.684532 0.701264
2 0.668662 0.291520 0.731320 0.291520 0.731320 0.366459 0.668662 0.366459
22 0.904686 0.438116 0.978737 0.438116 0.978737 0.551359 0.904686 0.551359
22 0.504566 0.849879 0.587314 0.849879 0.587314 0.959127 0.504566 0.959127
22 0.025024 0.437433 0.106602 0.437433 0.106602 0.546879 0.025024 0.546879
22 0.504607 0.049273 0.579219 0.049273 0.579219 0.159515 0.504607 0.159515
