13 0.375018 0.162581 0.396466 0.162581 0.396466 0.194327 0.375018 0.194327 0.375018 0.162581
13 0.617105 0.372842 0.638553 0.372842 0.638553 0.404588 0.617105 0.404588 0.617105 0.372842
13 0.424792 0.495781 0.446239 0.495781 0.446239 0.527527 0.424792 0.527527 0.424792 0.495781
13 0.241536 0.612986 0.262983 0.612986 0.262983 0.644732 0.241536 0.644732 0.241536 0.612986
13 0.466069 0.759127 0.487517 0.759127 0.487517 0.790873 0.466069 0.790873 0.466069 0.759127
13 0.419136 0.458944 0.440583 0.458944 0.440583 0.490691 0.419136 0.490691 0.419136 0.458944
9 0.380845 0.181210 0.391307 0.177719 0.482024 0.773254 0.471563 0.776746 
9 0.253489 0.633373 0.249269 0.618781 0.623861 0.381419 0.628082 0.396011 
9 0.378971 0.174736 0.388788 0.181124 0.255668 0.629271 0.245852 0.622882 
9 0.621924 0.379307 0.631257 0.387125 0.481460 0.778909 0.472127 0.771091 
3 0.636585 0.475648 0.625404 0.574825 0.593072 0.663254 0.543094 0.731354 0.480885 0.771743 0.413187 0.780047 0.347335 0.755364 0.290465 0.700369 0.248742 0.621022 0.226684 0.525922 0.226684 0.425374 0.248742 0.330274 0.290465 0.250927 0.347335 0.195933 0.413187 0.171250 0.480885 0.179553 0.543094 0.219943 0.593072 0.288042 0.625404 0.376471 0.636585 0.475648
22 0.348525 0.051587 0.407507 0.051587 0.407507 0.146825 0.348525 0.146825
7 0.361930 0.218254 0.388740 0.218254 0.388740 0.257937 0.361930 0.257937
22 0.646113 0.317460 0.702413 0.317460 0.702413 0.412698 0.646113 0.412698
22 0.434316 0.353175 0.493298 0.353175 0.493298 0.448413 0.434316 0.448413
7 0.587131 0.412698 0.613941 0.412698 0.613941 0.452381 0.587131 0.452381
22 0.171582 0.603175 0.230563 0.603175 0.230563 0.698413 0.171582 0.698413
7 0.463807 0.698413 0.493298 0.698413 0.493298 0.742063 0.463807 0.742063
22 0.442359 0.793651 0.504021 0.793651 0.504021 0.896825 0.442359 0.896825
18 0.048257 0.178571 0.273458 0.178571 0.273458 0.289683 0.048257 0.289683
18 0.678284 0.444444 0.932976 0.444444 0.932976 0.559524 0.678284 0.559524
18 0.048257 0.761905 0.276139 0.761905 0.276139 0.876984 0.048257 0.876984
18 0.563003 0.710317 0.817694 0.710317 0.817694 0.833333 0.563003 0.833333
