13 0.067982 0.844262 0.082018 0.844262 0.082018 0.870928 0.067982 0.870928 0.067982 0.844262
13 0.213589 0.086782 0.227624 0.086782 0.227624 0.113448 0.213589 0.113448 0.213589 0.086782
13 0.685363 0.167046 0.699398 0.167046 0.699398 0.193713 0.685363 0.193713 0.685363 0.167046
13 0.891700 0.844992 0.905735 0.844992 0.905735 0.871659 0.891700 0.871659 0.891700 0.844992
9 0.217310 0.097828 0.223902 0.102402 0.078296 0.859882 0.071704 0.855308 
9 0.220293 0.106755 0.220919 0.093475 0.692694 0.173740 0.692068 0.187020 
9 0.689343 0.183717 0.695418 0.177042 0.901755 0.854988 0.895680 0.861663 
9 0.074998 0.864262 0.075002 0.850928 0.898720 0.851659 0.898716 0.864992 
22 0.151146 0.051522 0.199649 0.051522 0.199649 0.162280 0.151146 0.162280
22 0.720295 0.132954 0.766911 0.132954 0.766911 0.245640 0.720295 0.245640
18 0.751388 0.727341 0.838946 0.727341 0.838946 0.835738 0.751388 0.835738
22 0.017464 0.803357 0.064017 0.803357 0.064017 0.915248 0.017464 0.915248
22 0.910148 0.802292 0.956402 0.802292 0.956402 0.916954 0.910148 0.916954
18 0.577680 0.209597 0.688865 0.209597 0.688865 0.318791 0.577680 0.318791
18 0.113744 0.727481 0.199029 0.727481 0.199029 0.836547 0.113744 0.836547
