13 0.123331 0.774211 0.145866 0.774211 0.145866 0.808843 0.123331 0.808843 0.123331 0.774211
13 0.583941 0.774218 0.606476 0.774218 0.606476 0.808850 0.583941 0.808850 0.583941 0.774218
13 0.378602 0.161732 0.401137 0.161732 0.401137 0.196364 0.378602 0.196364 0.378602 0.161732
13 0.839569 0.159827 0.862104 0.159827 0.862104 0.194459 0.839569 0.194459 0.839569 0.159827
13 0.481669 0.468627 0.504204 0.468627 0.504204 0.503259 0.481669 0.503259 0.481669 0.468627
9 0.134598 0.800185 0.134598 0.782869 0.595209 0.782876 0.595209 0.800192 
9 0.846090 0.172479 0.855583 0.181807 0.599955 0.796198 0.590462 0.786870 
9 0.389885 0.187706 0.389855 0.170390 0.850821 0.168485 0.850852 0.185801 
9 0.385126 0.174378 0.394614 0.183717 0.139342 0.796197 0.129854 0.786857 
9 0.137344 0.799087 0.131852 0.783967 0.848091 0.169583 0.853582 0.184703 
9 0.384862 0.183013 0.394878 0.175082 0.600217 0.787569 0.590200 0.795500 
22 0.556567 0.812698 0.629466 0.812698 0.629466 0.940018 0.556567 0.940018
22 0.820570 0.030049 0.895011 0.030049 0.895011 0.157081 0.820570 0.157081
22 0.349768 0.031361 0.427732 0.031361 0.427732 0.154763 0.349768 0.154763
22 0.081417 0.815068 0.165295 0.815068 0.165295 0.946783 0.081417 0.946783
