13 0.055793 0.126139 0.082729 0.126139 0.082729 0.166956 0.055793 0.166956 0.055793 0.126139
13 0.675404 0.126880 0.702340 0.126880 0.702340 0.167697 0.675404 0.167697 0.675404 0.126880
13 0.265991 0.788433 0.292927 0.788433 0.292927 0.829249 0.265991 0.829249 0.265991 0.788433
13 0.884173 0.789235 0.911110 0.789235 0.911110 0.830051 0.884173 0.830051 0.884173 0.789235
9 0.279453 0.819045 0.279465 0.798637 0.897647 0.799439 0.897636 0.819847 
9 0.682795 0.151686 0.694948 0.142891 0.903718 0.805245 0.891565 0.814041 
9 0.069256 0.156752 0.069266 0.136344 0.688877 0.137085 0.688866 0.157493 
9 0.063192 0.150970 0.075330 0.142125 0.285528 0.804418 0.273390 0.813264 
2 0.115831 0.442372 0.246881 0.442372 0.246881 0.529894 0.115831 0.529894
2 0.736822 0.444721 0.868418 0.444721 0.868418 0.524530 0.736822 0.524530
10 0.790756 0.515805 0.887525 0.515805 0.887525 0.700972 0.790756 0.700972
10 0.180995 0.534847 0.278960 0.534847 0.278960 0.722866 0.180995 0.722866
