13 0.136827 0.791804 0.150911 0.791804 0.150911 0.812006 0.136827 0.812006 0.136827 0.791804
13 0.389372 0.247042 0.403457 0.247042 0.403457 0.267244 0.389372 0.267244 0.389372 0.247042
13 0.805707 0.247042 0.819791 0.247042 0.819791 0.267244 0.805707 0.267244 0.805707 0.247042
9 0.145608 0.806297 0.142130 0.797513 0.811010 0.252751 0.814488 0.261535 
9 0.393482 0.254346 0.399346 0.259939 0.146801 0.804701 0.140937 0.799108 
9 0.396414 0.262193 0.396414 0.252092 0.812749 0.252092 0.812749 0.262193 
2 0.582007 0.192226 0.624931 0.192226 0.624931 0.322818 0.582007 0.322818
2 0.229777 0.489058 0.307064 0.489058 0.307064 0.573998 0.229777 0.573998
22 0.319193 0.135411 0.388088 0.135411 0.388088 0.243381 0.319193 0.243381
22 0.818940 0.132094 0.881404 0.132094 0.881404 0.241015 0.818940 0.241015
19 0.481526 0.529052 0.563187 0.529052 0.563187 0.632567 0.481526 0.632567
22 0.073225 0.817592 0.138766 0.817592 0.138766 0.928436 0.073225 0.928436
19 0.492833 0.073006 0.711832 0.073006 0.711832 0.184591 0.492833 0.184591
19 0.046102 0.389199 0.263585 0.389199 0.263585 0.501429 0.046102 0.501429
