13 0.919379 0.174096 0.935874 0.174096 0.935874 0.201777 0.919379 0.201777 0.919379 0.174096
13 0.744814 0.308445 0.761309 0.308445 0.761309 0.336127 0.744814 0.336127 0.744814 0.308445
13 0.111337 0.804204 0.127832 0.804204 0.127832 0.831886 0.111337 0.831886 0.111337 0.804204
13 0.711480 0.805588 0.727975 0.805588 0.727975 0.833269 0.711480 0.833269 0.711480 0.805588
13 0.876506 0.805655 0.893001 0.805655 0.893001 0.833337 0.876506 0.833337 0.876506 0.805655
9 0.121322 0.824321 0.117847 0.811769 0.925889 0.181661 0.929364 0.194212 
9 0.923529 0.187153 0.931724 0.188720 0.888851 0.820279 0.880657 0.818712 
9 0.119580 0.824966 0.119589 0.811125 0.884759 0.812575 0.884749 0.826416 
9 0.748963 0.321512 0.757159 0.323060 0.723826 0.820202 0.715630 0.818655 
22 0.910586 0.043441 0.964164 0.043441 0.964164 0.158704 0.910586 0.158704
22 0.723594 0.167376 0.784276 0.167376 0.784276 0.285607 0.723594 0.285607
10 0.709289 0.519649 0.761868 0.519649 0.761868 0.616277 0.709289 0.616277
10 0.873904 0.520633 0.926491 0.520633 0.926491 0.616175 0.873904 0.616175
22 0.029068 0.839045 0.108802 0.839045 0.108802 0.956793 0.029068 0.956793
22 0.684338 0.843079 0.739521 0.843079 0.739521 0.957244 0.684338 0.957244
22 0.850749 0.841214 0.909949 0.841214 0.909949 0.958803 0.850749 0.958803
