13 0.437595 0.211039 0.451294 0.211039 0.451294 0.226512 0.437595 0.226512 0.437595 0.211039
13 0.260827 0.685324 0.274526 0.685324 0.274526 0.700798 0.260827 0.700798 0.260827 0.685324
13 0.502242 0.537406 0.515940 0.537406 0.515940 0.552880 0.502242 0.552880 0.502242 0.537406
13 0.556282 0.803692 0.569981 0.803692 0.569981 0.819166 0.556282 0.819166 0.556282 0.803692
13 0.730524 0.399610 0.744223 0.399610 0.744223 0.415084 0.730524 0.415084 0.730524 0.399610
9 0.441288 0.217274 0.447601 0.220277 0.270833 0.694562 0.264520 0.691560 
9 0.441104 0.219629 0.447785 0.217922 0.566472 0.810575 0.559791 0.812282 
9 0.734295 0.405653 0.740453 0.409041 0.566210 0.813123 0.560052 0.809735 
9 0.269301 0.696467 0.266053 0.689655 0.735750 0.403941 0.738997 0.410753 
3 0.757519 0.519637 0.742846 0.618963 0.700417 0.707527 0.634829 0.775729 0.553190 0.816180 0.464348 0.824496 0.377928 0.799775 0.303297 0.744697 0.248542 0.665231 0.219596 0.569987 0.219596 0.469287 0.248542 0.374043 0.303297 0.294576 0.377928 0.239498 0.464348 0.214778 0.553190 0.223094 0.634829 0.263544 0.700417 0.331747 0.742846 0.420310 0.757519 0.519637
1 0.671233 0.429400 0.816781 0.429400 0.816781 0.547389 0.671233 0.547389
1 0.260274 0.261122 0.452055 0.261122 0.452055 0.361702 0.260274 0.361702
7 0.426331 0.275336 0.452068 0.275336 0.452068 0.309288 0.426331 0.309288
7 0.686195 0.436049 0.714292 0.436049 0.714292 0.461321 0.686195 0.461321
18 0.813562 0.488605 0.918993 0.488605 0.918993 0.577670 0.813562 0.577670
22 0.741156 0.325079 0.808464 0.325079 0.808464 0.412024 0.741156 0.412024
22 0.186621 0.688768 0.254517 0.688768 0.254517 0.776813 0.186621 0.776813
22 0.539149 0.827908 0.610551 0.827908 0.610551 0.914356 0.539149 0.914356
22 0.409341 0.116510 0.478424 0.116510 0.478424 0.202503 0.409341 0.202503
18 0.077006 0.167926 0.340625 0.167926 0.340625 0.266403 0.077006 0.266403
