13 0.069269 0.761940 0.085142 0.761940 0.085142 0.786631 0.069269 0.786631 0.069269 0.761940
13 0.747578 0.759083 0.763451 0.759083 0.763451 0.783774 0.747578 0.783774 0.747578 0.759083
13 0.928149 0.922599 0.944022 0.922599 0.944022 0.947291 0.928149 0.947291 0.928149 0.922599
13 0.069938 0.154408 0.085811 0.154408 0.085811 0.179099 0.069938 0.179099 0.069938 0.154408
9 0.077217 0.780459 0.077195 0.768113 0.755504 0.765256 0.755525 0.777601 
9 0.073906 0.166743 0.081843 0.166764 0.081174 0.774296 0.073238 0.774275 
9 0.075895 0.172104 0.079853 0.161403 0.938065 0.929595 0.934107 0.940295 
12 0.065123 0.693455 0.126672 0.693455 0.126672 0.790446 0.065123 0.790446
22 0.049261 0.067092 0.103281 0.067092 0.103281 0.154420 0.049261 0.154420
22 0.916630 0.818028 0.968275 0.818028 0.968275 0.905180 0.916630 0.905180
22 0.050582 0.784158 0.102930 0.784158 0.102930 0.875672 0.050582 0.875672
22 0.748800 0.665929 0.798446 0.665929 0.798446 0.757595 0.748800 0.757595
18 0.663080 0.781149 0.765779 0.781149 0.765779 0.874033 0.663080 0.874033
