13 0.160351 0.423631 0.175976 0.423631 0.175976 0.439226 0.160351 0.439226 0.160351 0.423631
13 0.494092 0.427441 0.509717 0.427441 0.509717 0.443035 0.494092 0.443035 0.494092 0.427441
13 0.826473 0.423631 0.842098 0.423631 0.842098 0.439226 0.826473 0.439226 0.826473 0.423631
13 0.489330 0.093631 0.504955 0.093631 0.504955 0.109226 0.489330 0.109226 0.489330 0.093631
13 0.495045 0.757917 0.510670 0.757917 0.510670 0.773512 0.495045 0.773512 0.495045 0.757917
13 0.160187 0.759060 0.175812 0.759060 0.175812 0.774654 0.160187 0.774654 0.160187 0.759060
13 0.826473 0.760774 0.842098 0.760774 0.842098 0.776369 0.826473 0.776369 0.826473 0.760774
13 0.160759 0.092203 0.176384 0.092203 0.176384 0.107797 0.160759 0.107797 0.160759 0.092203
13 0.826473 0.092203 0.842098 0.092203 0.842098 0.107797 0.826473 0.107797 0.826473 0.092203
9 0.164665 0.099997 0.172478 0.100003 0.171906 0.766860 0.164094 0.766854 
9 0.168571 0.103899 0.168571 0.096101 0.834286 0.096101 0.834286 0.103899 
9 0.830379 0.096101 0.838192 0.096101 0.838192 0.772470 0.830379 0.772470 
9 0.167990 0.770756 0.168010 0.762959 0.834296 0.764673 0.834276 0.772470 
3 0.833356 0.433003 0.815317 0.540895 0.763154 0.637095 0.682521 0.711179 0.582154 0.755118 0.472931 0.764151 0.366687 0.737298 0.274936 0.677471 0.207620 0.591152 0.172034 0.487695 0.172034 0.378311 0.207620 0.274854 0.274936 0.188534 0.366687 0.128707 0.472931 0.101855 0.582154 0.110888 0.682521 0.154827 0.763154 0.228911 0.815317 0.325111 0.833356 0.433003
12 0.761680 0.083784 0.850003 0.083784 0.850003 0.172241 0.761680 0.172241
12 0.151729 0.083798 0.239589 0.083798 0.239589 0.172478 0.151729 0.172478
12 0.152164 0.694324 0.239813 0.694324 0.239813 0.781977 0.152164 0.781977
12 0.761182 0.693088 0.850699 0.693088 0.850699 0.782935 0.761182 0.782935
1 0.160156 0.826511 0.419922 0.826511 0.419922 0.873294 0.160156 0.873294
1 0.587891 0.824561 0.843750 0.824561 0.843750 0.875244 0.587891 0.875244
8 0.155527 0.830891 0.219722 0.830891 0.219722 0.871227 0.155527 0.871227
8 0.780436 0.829193 0.848880 0.829193 0.848880 0.872754 0.780436 0.872754
19 0.415136 0.799751 0.593724 0.799751 0.593724 0.891221 0.415136 0.891221
