13 0.338552 0.776199 0.355115 0.776199 0.355115 0.807449 0.338552 0.807449 0.338552 0.776199
13 0.102111 0.496399 0.118674 0.496399 0.118674 0.527649 0.102111 0.527649 0.102111 0.496399
13 0.337993 0.219669 0.354556 0.219669 0.354556 0.250919 0.337993 0.250919 0.337993 0.219669
13 0.881718 0.498002 0.898282 0.498002 0.898282 0.529252 0.881718 0.529252 0.881718 0.498002
9 0.347918 0.799364 0.345749 0.784284 0.888915 0.506087 0.891085 0.521166 
9 0.345190 0.242834 0.347359 0.227754 0.891084 0.506087 0.888916 0.521167 
9 0.112579 0.518658 0.108206 0.505389 0.344088 0.228660 0.348461 0.241929 
9 0.108192 0.518642 0.112592 0.505405 0.349034 0.785206 0.344633 0.798442 
22 0.320758 0.077395 0.377313 0.077395 0.377313 0.208543 0.320758 0.208543
2 0.198445 0.298395 0.259858 0.298395 0.259858 0.446953 0.198445 0.446953
5 0.580032 0.293166 0.649048 0.293166 0.649048 0.459246 0.580032 0.459246
22 0.041618 0.438357 0.096251 0.438357 0.096251 0.569417 0.041618 0.569417
22 0.899697 0.435473 0.954549 0.435473 0.954549 0.565282 0.899697 0.565282
2 0.199433 0.573619 0.260087 0.573619 0.260087 0.722804 0.199433 0.722804
5 0.580408 0.566499 0.648857 0.566499 0.648857 0.733897 0.580408 0.733897
22 0.317076 0.819380 0.376871 0.819380 0.376871 0.948672 0.317076 0.948672
