13 0.479216 0.095380 0.496274 0.095380 0.496274 0.117120 0.479216 0.117120 0.479216 0.095380
13 0.285589 0.490916 0.302646 0.490916 0.302646 0.512655 0.285589 0.512655 0.285589 0.490916
13 0.671419 0.486729 0.688476 0.486729 0.688476 0.508468 0.671419 0.508468 0.671419 0.486729
13 0.479216 0.620380 0.496274 0.620380 0.496274 0.642120 0.479216 0.642120 0.479216 0.620380
13 0.095813 0.882880 0.112871 0.882880 0.112871 0.904620 0.095813 0.904620 0.095813 0.882880
13 0.479707 0.884130 0.496764 0.884130 0.496764 0.905870 0.479707 0.905870 0.479707 0.884130
13 0.862620 0.882880 0.879677 0.882880 0.879677 0.904620 0.862620 0.904620 0.862620 0.882880
9 0.104342 0.899185 0.104342 0.888315 0.871148 0.888315 0.871148 0.899185 
9 0.484122 0.109115 0.491369 0.103385 0.874772 0.890885 0.867525 0.896615 
9 0.481700 0.101342 0.488945 0.107076 0.104034 0.897015 0.096789 0.891281 
9 0.102426 0.897359 0.098397 0.887778 0.677933 0.492018 0.681962 0.501599 
9 0.292112 0.506582 0.296123 0.496990 0.873154 0.888954 0.869143 0.898546 
9 0.481058 0.104214 0.489587 0.104203 0.490207 0.894143 0.481678 0.894154 
22 0.462687 0.019022 0.509595 0.019022 0.509595 0.089674 0.462687 0.089674
7 0.456290 0.157609 0.481876 0.157609 0.481876 0.190217 0.456290 0.190217
7 0.494670 0.163043 0.520256 0.163043 0.520256 0.190217 0.494670 0.190217
22 0.686567 0.434783 0.739872 0.434783 0.739872 0.508152 0.686567 0.508152
22 0.245203 0.448370 0.287846 0.448370 0.287846 0.519022 0.245203 0.519022
22 0.492537 0.673913 0.537313 0.673913 0.537313 0.744565 0.492537 0.744565
18 0.405117 0.682065 0.479744 0.682065 0.479744 0.755435 0.405117 0.755435
18 0.678038 0.820652 0.754797 0.820652 0.754797 0.891304 0.678038 0.891304
22 0.029851 0.861413 0.083156 0.861413 0.083156 0.940217 0.029851 0.940217
22 0.889126 0.864130 0.940299 0.864130 0.940299 0.937500 0.889126 0.937500
22 0.454158 0.913043 0.505330 0.913043 0.505330 0.986413 0.454158 0.986413
18 0.238806 0.067935 0.447761 0.067935 0.447761 0.157609 0.238806 0.157609
18 0.543710 0.067935 0.754797 0.067935 0.754797 0.157609 0.543710 0.157609
