13 0.136118 0.345257 0.165315 0.345257 0.165315 0.368049 0.136118 0.368049 0.136118 0.345257
13 0.336172 0.233407 0.365369 0.233407 0.365369 0.256199 0.336172 0.256199 0.336172 0.233407
13 0.533523 0.122613 0.562720 0.122613 0.562720 0.145405 0.533523 0.145405 0.533523 0.122613
13 0.357799 0.254511 0.386996 0.254511 0.386996 0.277303 0.357799 0.277303 0.357799 0.254511
13 0.529467 0.182758 0.558665 0.182758 0.558665 0.205550 0.529467 0.205550 0.529467 0.182758
13 0.559205 0.171151 0.588402 0.171151 0.588402 0.193943 0.559205 0.193943 0.559205 0.171151
13 0.518654 0.424396 0.547851 0.424396 0.547851 0.447188 0.518654 0.447188 0.518654 0.424396
13 0.507840 0.580563 0.537037 0.580563 0.537037 0.603355 0.507840 0.603355 0.507840 0.580563
13 0.886321 0.816925 0.915518 0.816925 0.915518 0.839717 0.886321 0.839717 0.886321 0.816925
9 0.156820 0.365262 0.149855 0.355247 0.566390 0.178732 0.573354 0.188748 
9 0.345799 0.249042 0.357576 0.242308 0.897087 0.817270 0.885310 0.824004 
9 0.147468 0.365744 0.156563 0.356829 0.897068 0.817212 0.887974 0.826126 
9 0.529560 0.589671 0.514976 0.589155 0.541423 0.133934 0.556006 0.134450 
9 0.154977 0.361771 0.146409 0.352544 0.540464 0.129579 0.549031 0.138806 
9 0.543242 0.135240 0.556832 0.131079 0.903283 0.820621 0.889693 0.824782 
22 0.856925 0.847217 0.958540 0.847217 0.958540 0.930766 0.856925 0.930766
22 0.042994 0.322147 0.138041 0.322147 0.138041 0.406608 0.042994 0.406608
22 0.599577 0.128058 0.701022 0.128058 0.701022 0.212385 0.599577 0.212385
22 0.264883 0.160995 0.363336 0.160995 0.363336 0.242198 0.264883 0.242198
22 0.454190 0.614161 0.550270 0.614161 0.550270 0.698565 0.454190 0.698565
22 0.500387 0.036950 0.607172 0.036950 0.607172 0.122733 0.500387 0.122733
