13 0.346529 0.131746 0.362561 0.131746 0.362561 0.153968 0.346529 0.153968 0.346529 0.131746
13 0.161405 0.251746 0.177438 0.251746 0.177438 0.273968 0.161405 0.273968 0.161405 0.251746
13 0.345290 0.317460 0.361322 0.317460 0.361322 0.339683 0.345290 0.339683 0.345290 0.317460
13 0.581171 0.404603 0.597203 0.404603 0.597203 0.426825 0.581171 0.426825 0.581171 0.404603
13 0.346529 0.463175 0.362561 0.463175 0.362561 0.485397 0.346529 0.485397 0.346529 0.463175
13 0.914298 0.794603 0.930330 0.794603 0.930330 0.816825 0.914298 0.816825 0.914298 0.794603
13 0.079587 0.794603 0.095619 0.794603 0.095619 0.816825 0.079587 0.816825 0.079587 0.794603
13 0.172976 0.794603 0.189008 0.794603 0.189008 0.816825 0.172976 0.816825 0.172976 0.794603
13 0.345290 0.797460 0.361322 0.797460 0.361322 0.819683 0.345290 0.819683 0.345290 0.797460
9 0.351963 0.147106 0.357127 0.138608 0.924896 0.801465 0.919732 0.809963 
9 0.087603 0.811270 0.087603 0.800159 0.922314 0.800159 0.922314 0.811270 
9 0.350537 0.142843 0.358553 0.142871 0.357314 0.808586 0.349298 0.808557 
9 0.168403 0.268230 0.170440 0.257484 0.590206 0.410341 0.588169 0.421088 
9 0.165790 0.265208 0.173053 0.260506 0.356937 0.806220 0.349674 0.810922 
9 0.166873 0.267145 0.171970 0.258570 0.357094 0.469998 0.351997 0.478573 
3 0.590929 0.473606 0.577990 0.581091 0.540572 0.676929 0.482732 0.750733 0.410737 0.794507 0.332388 0.803505 0.256177 0.776755 0.190362 0.717153 0.142075 0.631159 0.116548 0.528092 0.116548 0.419120 0.142075 0.316053 0.190362 0.230059 0.256177 0.170457 0.332388 0.143706 0.410737 0.152705 0.482732 0.196479 0.540572 0.270283 0.577990 0.366121 0.590929 0.473606
22 0.331757 0.028801 0.388031 0.028801 0.388031 0.124871 0.331757 0.124871
22 0.093870 0.187826 0.151545 0.187826 0.151545 0.283630 0.093870 0.283630
22 0.290713 0.206992 0.344660 0.206992 0.344660 0.301274 0.290713 0.301274
22 0.596387 0.325200 0.650068 0.325200 0.650068 0.421794 0.596387 0.421794
22 0.369104 0.456643 0.423408 0.456643 0.423408 0.555034 0.369104 0.555034
22 0.148205 0.837896 0.203524 0.837896 0.203524 0.935140 0.148205 0.935140
22 0.318861 0.837427 0.377197 0.837427 0.377197 0.934150 0.318861 0.934150
22 0.892436 0.836142 0.947904 0.836142 0.947904 0.934119 0.892436 0.934119
