13 0.479874 0.100854 0.500653 0.100854 0.500653 0.123908 0.479874 0.123908 0.479874 0.100854
13 0.104559 0.333044 0.125338 0.333044 0.125338 0.356099 0.104559 0.356099 0.104559 0.333044
13 0.858167 0.334187 0.878946 0.334187 0.878946 0.357242 0.858167 0.357242 0.858167 0.334187
13 0.103012 0.507330 0.123792 0.507330 0.123792 0.530385 0.103012 0.530385 0.103012 0.507330
13 0.858762 0.510670 0.879541 0.510670 0.879541 0.533725 0.858762 0.533725 0.858762 0.510670
13 0.482308 0.861330 0.503087 0.861330 0.503087 0.884385 0.482308 0.884385 0.482308 0.861330
9 0.485069 0.112401 0.495458 0.112360 0.497892 0.872837 0.487503 0.872878 
9 0.487739 0.117419 0.492788 0.107343 0.871081 0.340677 0.866033 0.350752 
9 0.863362 0.345736 0.873751 0.345693 0.874346 0.522176 0.863957 0.522219 
9 0.496038 0.877271 0.489357 0.868443 0.865811 0.517784 0.872492 0.526612 
9 0.110058 0.523268 0.116746 0.514446 0.496042 0.868446 0.489354 0.877268 
9 0.109754 0.344515 0.120143 0.344628 0.118597 0.518914 0.108208 0.518800 
9 0.117478 0.349605 0.112419 0.339537 0.487734 0.107347 0.492793 0.117415 
22 0.454265 0.002923 0.537039 0.002923 0.537039 0.098940 0.454265 0.098940
5 0.245570 0.179472 0.329075 0.179472 0.329075 0.295999 0.245570 0.295999
18 0.354663 0.181005 0.480390 0.181005 0.480390 0.295809 0.354663 0.295809
18 0.491405 0.179533 0.616296 0.179533 0.616296 0.294925 0.491405 0.294925
5 0.650161 0.173944 0.734628 0.173944 0.734628 0.291586 0.650161 0.291586
22 0.013867 0.303791 0.089103 0.303791 0.089103 0.403118 0.013867 0.403118
22 0.891225 0.298745 0.972454 0.298745 0.972454 0.398194 0.891225 0.398194
2 0.062988 0.413277 0.161726 0.413277 0.161726 0.458791 0.062988 0.458791
2 0.816382 0.410345 0.922587 0.410345 0.922587 0.460426 0.816382 0.460426
22 0.013050 0.467737 0.092380 0.467737 0.092380 0.566042 0.013050 0.566042
22 0.885828 0.471575 0.966338 0.471575 0.966338 0.571823 0.885828 0.571823
24 0.235220 0.621879 0.343039 0.621879 0.343039 0.748815 0.235220 0.748815
24 0.639870 0.622900 0.746577 0.622900 0.746577 0.749820 0.639870 0.749820
18 0.359293 0.647016 0.484028 0.647016 0.484028 0.761294 0.359293 0.761294
18 0.505711 0.646763 0.630421 0.646763 0.630421 0.761620 0.505711 0.761620
22 0.440227 0.888802 0.517558 0.888802 0.517558 0.985655 0.440227 0.985655
18 0.131346 0.320284 0.295981 0.320284 0.295981 0.441350 0.131346 0.441350
18 0.672099 0.333995 0.838626 0.333995 0.838626 0.446962 0.672099 0.446962
18 0.131073 0.417877 0.294873 0.417877 0.294873 0.533559 0.131073 0.533559
18 0.670693 0.451345 0.834725 0.451345 0.834725 0.561214 0.670693 0.561214
