13 0.282202 0.145401 0.301070 0.145401 0.301070 0.185602 0.282202 0.185602 0.282202 0.145401
13 0.501766 0.142293 0.520634 0.142293 0.520634 0.182494 0.501766 0.182494 0.501766 0.142293
13 0.687366 0.300412 0.706234 0.300412 0.706234 0.340613 0.687366 0.340613 0.687366 0.300412
13 0.877111 0.484950 0.895979 0.484950 0.895979 0.525151 0.877111 0.525151 0.877111 0.484950
13 0.083566 0.763375 0.102434 0.763375 0.102434 0.803576 0.083566 0.803576 0.083566 0.763375
13 0.452566 0.763782 0.471434 0.763782 0.471434 0.803983 0.452566 0.803983 0.452566 0.763782
13 0.725028 0.762937 0.743896 0.762937 0.743896 0.803138 0.725028 0.803138 0.725028 0.762937
13 0.900104 0.762937 0.918972 0.762937 0.918972 0.803138 0.900104 0.803138 0.900104 0.762937
9 0.092998 0.793526 0.093002 0.773426 0.462002 0.773833 0.461998 0.793933 
9 0.287775 0.159730 0.295498 0.171272 0.094240 0.782687 0.086516 0.771145 
9 0.506549 0.160722 0.515851 0.164065 0.466651 0.785554 0.457349 0.782211 
9 0.694841 0.329656 0.698759 0.311370 0.888504 0.495908 0.884587 0.514193 
9 0.290915 0.169707 0.290970 0.149606 0.511228 0.152343 0.511172 0.172443 
9 0.692152 0.322231 0.701448 0.318795 0.739109 0.781320 0.729814 0.784755 
9 0.733519 0.790923 0.733574 0.770823 0.909566 0.772987 0.909511 0.793088 
9 0.881900 0.506795 0.891191 0.503306 0.914184 0.781293 0.904893 0.784782 
19 0.365566 0.030151 0.422170 0.030151 0.422170 0.140704 0.365566 0.140704
22 0.221698 0.095477 0.261792 0.095477 0.261792 0.216080 0.221698 0.216080
22 0.516509 0.095477 0.563679 0.095477 0.563679 0.216080 0.516509 0.216080
4 0.448113 0.145729 0.514151 0.145729 0.514151 0.296482 0.448113 0.296482
22 0.639151 0.241206 0.686321 0.241206 0.686321 0.361809 0.639151 0.361809
19 0.757075 0.256281 0.856132 0.256281 0.856132 0.371859 0.757075 0.371859
19 0.132075 0.341709 0.191038 0.341709 0.191038 0.457286 0.132075 0.457286
14 0.693396 0.346734 0.783019 0.346734 0.783019 0.507538 0.693396 0.507538
22 0.893868 0.417085 0.938679 0.417085 0.938679 0.537688 0.893868 0.537688
19 0.497642 0.427136 0.558962 0.427136 0.558962 0.537688 0.497642 0.537688
23 0.825472 0.447236 0.900943 0.447236 0.900943 0.643216 0.825472 0.643216
19 0.646226 0.497487 0.700472 0.497487 0.700472 0.613065 0.646226 0.613065
19 0.908019 0.567839 0.943396 0.567839 0.943396 0.678392 0.908019 0.678392
14 0.110849 0.613065 0.186321 0.613065 0.186321 0.798995 0.110849 0.798995
0 0.408019 0.663317 0.476415 0.663317 0.476415 0.798995 0.408019 0.798995
0 0.719340 0.663317 0.787736 0.663317 0.787736 0.798995 0.719340 0.798995
4 0.844340 0.643216 0.910377 0.643216 0.910377 0.793970 0.844340 0.793970
22 0.018868 0.728643 0.077830 0.728643 0.077830 0.849246 0.018868 0.849246
22 0.459906 0.728643 0.502358 0.728643 0.502358 0.849246 0.459906 0.849246
22 0.665094 0.728643 0.716981 0.728643 0.716981 0.859296 0.665094 0.859296
22 0.912736 0.728643 0.962264 0.728643 0.962264 0.849246 0.912736 0.849246
19 0.250000 0.788945 0.313679 0.788945 0.313679 0.899497 0.250000 0.899497
19 0.794811 0.788945 0.851415 0.788945 0.851415 0.899497 0.794811 0.899497
23 0.245283 0.140704 0.372642 0.140704 0.372642 0.326633 0.245283 0.326633
