13 0.125897 0.884108 0.140496 0.884108 0.140496 0.904464 0.125897 0.904464 0.125897 0.884108
13 0.123848 0.486965 0.138447 0.486965 0.138447 0.507321 0.123848 0.507321 0.123848 0.486965
13 0.124668 0.092679 0.139266 0.092679 0.139266 0.113035 0.124668 0.113035 0.124668 0.092679
13 0.497619 0.286965 0.512217 0.286965 0.512217 0.307321 0.497619 0.307321 0.497619 0.286965
13 0.496799 0.685822 0.511398 0.685822 0.511398 0.706178 0.496799 0.706178 0.496799 0.685822
13 0.867701 0.884108 0.882299 0.884108 0.882299 0.904464 0.867701 0.904464 0.867701 0.884108
13 0.868260 0.487484 0.882858 0.487484 0.882858 0.507840 0.868260 0.507840 0.868260 0.487484
13 0.867142 0.092160 0.881740 0.092160 0.881740 0.112516 0.867142 0.112516 0.867142 0.092160
9 0.133197 0.899375 0.133197 0.889197 0.875000 0.889197 0.875000 0.899375 
9 0.870791 0.102343 0.878091 0.102333 0.878650 0.894281 0.871350 0.894291 
9 0.131969 0.107946 0.131965 0.097768 0.874439 0.097249 0.874443 0.107427 
9 0.128318 0.102868 0.135617 0.102846 0.136846 0.894275 0.129547 0.894297 
9 0.134503 0.899038 0.131891 0.889534 0.874253 0.492910 0.876865 0.502415 
9 0.130669 0.107613 0.133266 0.098101 0.876858 0.492906 0.874260 0.502418 
9 0.132447 0.501899 0.129848 0.492387 0.873142 0.097582 0.875740 0.107093 
9 0.129843 0.501895 0.132453 0.492390 0.876305 0.889533 0.873695 0.899038 
22 0.066905 0.052459 0.119430 0.052459 0.119430 0.141308 0.066905 0.141308
22 0.890097 0.051129 0.941316 0.051129 0.941316 0.140301 0.890097 0.140301
22 0.474372 0.320244 0.526178 0.320244 0.526178 0.409342 0.474372 0.409342
22 0.069739 0.451052 0.119863 0.451052 0.119863 0.540066 0.069739 0.540066
22 0.889597 0.450611 0.938658 0.450611 0.938658 0.541792 0.889597 0.541792
22 0.474336 0.717385 0.527204 0.717385 0.527204 0.805295 0.474336 0.805295
22 0.069634 0.852596 0.120377 0.852596 0.120377 0.944308 0.069634 0.944308
22 0.881751 0.853060 0.929870 0.853060 0.929870 0.941936 0.881751 0.941936
