13 0.153341 0.806118 0.165499 0.806118 0.165499 0.826898 0.153341 0.826898 0.153341 0.806118
13 0.422015 0.482672 0.434173 0.482672 0.434173 0.503451 0.422015 0.503451 0.422015 0.482672
13 0.649439 0.212468 0.661597 0.212468 0.661597 0.233247 0.649439 0.233247 0.649439 0.212468
13 0.480543 0.529610 0.492701 0.529610 0.492701 0.550390 0.480543 0.550390 0.480543 0.529610
13 0.692918 0.349610 0.705076 0.349610 0.705076 0.370390 0.692918 0.370390 0.692918 0.349610
13 0.836730 0.803896 0.848888 0.803896 0.848888 0.824675 0.836730 0.824675 0.836730 0.803896
9 0.161164 0.820763 0.157677 0.812253 0.653775 0.218602 0.657262 0.227113 
9 0.652845 0.225330 0.658192 0.220384 0.845482 0.811813 0.840136 0.816758 
9 0.159426 0.821703 0.159415 0.811313 0.842804 0.809091 0.842815 0.819481 
9 0.160769 0.821164 0.158072 0.811852 0.697648 0.355344 0.700345 0.364656 
9 0.426839 0.497793 0.429348 0.488330 0.844064 0.809554 0.841555 0.819017 
22 0.096059 0.772741 0.147802 0.772741 0.147802 0.885131 0.096059 0.885131
22 0.363587 0.386550 0.421125 0.386550 0.421125 0.498786 0.363587 0.498786
22 0.637229 0.087496 0.688724 0.087496 0.688724 0.201163 0.637229 0.201163
22 0.852359 0.776067 0.907335 0.776067 0.907335 0.887492 0.852359 0.887492
22 0.714685 0.283376 0.783826 0.283376 0.783826 0.395208 0.714685 0.395208
