13 0.326613 0.060888 0.353732 0.060888 0.353732 0.088285 0.326613 0.088285 0.326613 0.060888
13 0.843868 0.173192 0.870987 0.173192 0.870987 0.200589 0.843868 0.200589 0.843868 0.173192
13 0.510099 0.197016 0.537218 0.197016 0.537218 0.224413 0.510099 0.224413 0.510099 0.197016
13 0.248654 0.392688 0.275773 0.392688 0.275773 0.420085 0.248654 0.420085 0.248654 0.392688
13 0.774576 0.389159 0.801695 0.389159 0.801695 0.416556 0.774576 0.416556 0.774576 0.389159
13 0.064872 0.526806 0.091991 0.526806 0.091991 0.554203 0.064872 0.554203 0.064872 0.526806
13 0.349637 0.703444 0.376755 0.703444 0.376755 0.730841 0.349637 0.730841 0.349637 0.703444
13 0.674092 0.703444 0.701211 0.703444 0.701211 0.730841 0.674092 0.730841 0.674092 0.703444
13 0.901695 0.704397 0.928814 0.704397 0.928814 0.731794 0.901695 0.731794 0.901695 0.704397
13 0.418644 0.920587 0.445763 0.920587 0.445763 0.947984 0.418644 0.947984 0.418644 0.920587
9 0.336192 0.080131 0.344153 0.069042 0.792116 0.397313 0.784155 0.408401 
9 0.850977 0.184783 0.863878 0.188999 0.694102 0.719251 0.681201 0.715035 
9 0.363185 0.723992 0.363208 0.710294 0.915266 0.711246 0.915243 0.724945 
9 0.255766 0.408505 0.268660 0.404268 0.438650 0.932167 0.425756 0.936405 
9 0.082440 0.546028 0.074423 0.534981 0.519649 0.205191 0.527667 0.216238 
16 0.192230 0.502229 0.277976 0.502229 0.277976 0.622479 0.192230 0.622479
16 0.464698 0.742152 0.550428 0.742152 0.550428 0.868668 0.464698 0.868668
16 0.767053 0.532710 0.836317 0.532710 0.836317 0.652497 0.767053 0.652497
16 0.677310 0.174585 0.760580 0.174585 0.760580 0.300888 0.677310 0.300888
16 0.303577 0.170260 0.388036 0.170260 0.388036 0.296052 0.303577 0.296052
