13 0.190505 0.824424 0.220923 0.824424 0.220923 0.852995 0.190505 0.852995 0.190505 0.824424
13 0.937362 0.825230 0.967781 0.825230 0.967781 0.853802 0.937362 0.853802 0.937362 0.825230
13 0.190505 0.056375 0.220923 0.056375 0.220923 0.084946 0.190505 0.084946 0.190505 0.056375
9 0.205706 0.845853 0.205723 0.831567 0.952580 0.832373 0.952563 0.846659 
9 0.200097 0.075475 0.211332 0.065846 0.958189 0.834702 0.946954 0.844331 
9 0.198110 0.063518 0.213319 0.063518 0.213319 0.845853 0.198110 0.845853 
12 0.185389 0.746502 0.302219 0.746502 0.302219 0.857548 0.185389 0.857548
19 0.602917 0.376773 0.672794 0.376773 0.672794 0.453433 0.602917 0.453433
19 0.061517 0.436080 0.179789 0.436080 0.179789 0.533785 0.061517 0.533785
19 0.486634 0.858768 0.606532 0.858768 0.606532 0.956382 0.486634 0.956382
