13 0.253718 0.332274 0.280654 0.332274 0.280654 0.362463 0.253718 0.362463 0.253718 0.332274
13 0.339037 0.568282 0.365973 0.568282 0.365973 0.598471 0.339037 0.598471 0.339037 0.568282
13 0.424336 0.806946 0.451272 0.806946 0.451272 0.837135 0.424336 0.837135 0.424336 0.806946
13 0.517711 0.486176 0.544647 0.486176 0.544647 0.516364 0.517711 0.516364 0.517711 0.486176
13 0.810512 0.528906 0.837448 0.528906 0.837448 0.559094 0.810512 0.559094 0.810512 0.528906
13 0.659401 0.347259 0.686337 0.347259 0.686337 0.377447 0.659401 0.377447 0.659401 0.347259
13 0.506430 0.156620 0.533366 0.156620 0.533366 0.186809 0.506430 0.186809 0.506430 0.156620
9 0.260940 0.350189 0.273432 0.344548 0.444050 0.819221 0.431557 0.824861 
9 0.355059 0.590360 0.349950 0.576394 0.528624 0.494287 0.533734 0.508253 
9 0.264078 0.354064 0.270293 0.340673 0.534287 0.494574 0.528072 0.507965 
9 0.513169 0.172004 0.526627 0.171425 0.537908 0.500981 0.524450 0.501559 
9 0.514931 0.176810 0.524865 0.166618 0.828947 0.538904 0.819013 0.549096 
9 0.535613 0.506950 0.526745 0.495589 0.668435 0.356673 0.677303 0.368033 
3 0.823429 0.502262 0.807342 0.610306 0.760825 0.706641 0.688918 0.780829 0.599415 0.824830 0.502013 0.833876 0.407268 0.806986 0.325447 0.747074 0.265416 0.660634 0.233681 0.557031 0.233681 0.447493 0.265416 0.343890 0.325447 0.257450 0.407268 0.197538 0.502013 0.170648 0.599415 0.179694 0.688918 0.223695 0.760825 0.297883 0.807342 0.394218 0.823429 0.502262
22 0.674623 0.267924 0.746950 0.267924 0.746950 0.364140 0.674623 0.364140
22 0.521858 0.518559 0.603724 0.518559 0.603724 0.615447 0.521858 0.615447
19 0.410138 0.552056 0.499380 0.552056 0.499380 0.645817 0.410138 0.645817
19 0.600241 0.430481 0.687901 0.430481 0.687901 0.524593 0.600241 0.524593
22 0.166862 0.265421 0.244210 0.265421 0.244210 0.365447 0.166862 0.365447
22 0.390474 0.830592 0.471017 0.830592 0.471017 0.928313 0.390474 0.928313
22 0.838475 0.494194 0.918654 0.494194 0.918654 0.591485 0.838475 0.591485
22 0.258128 0.549636 0.332318 0.549636 0.332318 0.648645 0.258128 0.648645
22 0.480615 0.063428 0.557744 0.063428 0.557744 0.158922 0.480615 0.158922
