13 0.072297 0.835453 0.085138 0.835453 0.085138 0.858709 0.072297 0.858709 0.072297 0.835453
13 0.072973 0.483443 0.085814 0.483443 0.085814 0.506699 0.072973 0.506699 0.072973 0.483443
13 0.490663 0.483101 0.503504 0.483101 0.503504 0.506357 0.490663 0.506357 0.490663 0.483101
13 0.905246 0.485360 0.918087 0.485360 0.918087 0.508616 0.905246 0.508616 0.905246 0.485360
13 0.905398 0.130760 0.918239 0.130760 0.918239 0.154016 0.905398 0.154016 0.905398 0.130760
9 0.076184 0.495051 0.082604 0.495091 0.081928 0.847101 0.075508 0.847060 
9 0.079390 0.500885 0.079398 0.489257 0.911671 0.491174 0.911663 0.502802 
9 0.908608 0.142383 0.915028 0.142392 0.914877 0.496992 0.908456 0.496983 
9 0.080076 0.852348 0.077359 0.841813 0.910460 0.137120 0.913177 0.147655 
22 0.916591 0.026873 0.960120 0.026873 0.960120 0.129053 0.916591 0.129053
2 0.683902 0.261619 0.727020 0.261619 0.727020 0.379745 0.683902 0.379745
22 0.026843 0.372097 0.074062 0.372097 0.074062 0.471087 0.026843 0.471087
12 0.846859 0.378952 0.922828 0.378952 0.922828 0.516862 0.846859 0.516862
12 0.066041 0.471959 0.143184 0.471959 0.143184 0.612135 0.066041 0.612135
22 0.475910 0.509198 0.519118 0.509198 0.519118 0.608331 0.475910 0.608331
22 0.915592 0.511434 0.961136 0.511434 0.961136 0.610681 0.915592 0.610681
2 0.256816 0.617112 0.299445 0.617112 0.299445 0.735726 0.256816 0.735726
22 0.023698 0.854089 0.067785 0.854089 0.067785 0.953682 0.023698 0.953682
