13 0.093161 0.119728 0.112721 0.119728 0.112721 0.146395 0.093161 0.146395 0.093161 0.119728
13 0.870052 0.268952 0.889612 0.268952 0.889612 0.295619 0.870052 0.295619 0.870052 0.268952
13 0.523833 0.806667 0.543393 0.806667 0.543393 0.833333 0.523833 0.833333 0.523833 0.806667
9 0.099224 0.137393 0.106658 0.128730 0.537331 0.815668 0.529896 0.824332 
9 0.876157 0.277888 0.883507 0.286684 0.537288 0.824398 0.529938 0.815602 
9 0.102259 0.139663 0.103623 0.126460 0.880514 0.275684 0.879150 0.288887 
22 0.007121 0.050080 0.081017 0.050080 0.081017 0.162580 0.007121 0.162580
19 0.493566 0.073395 0.578305 0.073395 0.578305 0.179516 0.493566 0.179516
22 0.901891 0.198476 0.977590 0.198476 0.977590 0.313516 0.901891 0.313516
19 0.710452 0.555125 0.764346 0.555125 0.764346 0.660492 0.710452 0.660492
18 0.481808 0.614895 0.599398 0.614895 0.599398 0.731646 0.481808 0.731646
22 0.487531 0.839343 0.560572 0.839343 0.560572 0.952603 0.487531 0.952603
