13 0.090758 0.817249 0.109538 0.817249 0.109538 0.841418 0.090758 0.841418 0.090758 0.817249
13 0.483944 0.816487 0.502723 0.816487 0.502723 0.840656 0.483944 0.840656 0.483944 0.816487
13 0.880055 0.818273 0.898834 0.818273 0.898834 0.842442 0.880055 0.842442 0.880055 0.818273
13 0.879993 0.500614 0.898772 0.500614 0.898772 0.524783 0.879993 0.524783 0.879993 0.500614
13 0.485653 0.287256 0.504432 0.287256 0.504432 0.311425 0.485653 0.311425 0.485653 0.287256
13 0.090610 0.073630 0.109390 0.073630 0.109390 0.097799 0.090610 0.097799 0.090610 0.073630
9 0.100143 0.835376 0.100153 0.823291 0.889449 0.824315 0.889440 0.836399 
9 0.884688 0.512700 0.894078 0.512697 0.894139 0.830356 0.884750 0.830359 
9 0.098181 0.091285 0.101819 0.080144 0.891202 0.507128 0.887564 0.518269 
9 0.095305 0.085716 0.104695 0.085713 0.104843 0.829332 0.095453 0.829335 
9 0.490348 0.299316 0.499738 0.299366 0.498028 0.828597 0.488639 0.828546 
5 0.254824 0.128765 0.337562 0.128765 0.337562 0.259328 0.254824 0.259328
10 0.069305 0.222769 0.130383 0.222769 0.130383 0.301605 0.069305 0.301605
5 0.648973 0.341830 0.730578 0.341830 0.730578 0.472528 0.648973 0.472528
19 0.033742 0.405372 0.087022 0.405372 0.087022 0.504027 0.033742 0.504027
2 0.273945 0.766828 0.322392 0.766828 0.322392 0.897624 0.273945 0.897624
2 0.666509 0.764928 0.716693 0.764928 0.716693 0.897951 0.666509 0.897951
19 0.901353 0.618614 0.957209 0.618614 0.957209 0.717952 0.901353 0.717952
10 0.858790 0.541443 0.919394 0.541443 0.919394 0.617117 0.858790 0.617117
