13 0.034660 0.662206 0.053662 0.662206 0.053662 0.694594 0.034660 0.694594 0.034660 0.662206
13 0.166673 0.659361 0.185676 0.659361 0.185676 0.691750 0.166673 0.691750 0.166673 0.659361
13 0.467161 0.659650 0.486164 0.659650 0.486164 0.692038 0.467161 0.692038 0.467161 0.659650
13 0.808938 0.660497 0.827940 0.660497 0.827940 0.692886 0.808938 0.692886 0.808938 0.660497
13 0.939184 0.662139 0.958187 0.662139 0.958187 0.694528 0.939184 0.694528 0.939184 0.662139
13 0.643183 0.292377 0.662186 0.292377 0.662186 0.324766 0.643183 0.324766 0.643183 0.292377
13 0.741531 0.091278 0.760534 0.091278 0.760534 0.123667 0.741531 0.123667 0.741531 0.091278
9 0.044161 0.686497 0.044161 0.670303 0.948685 0.670236 0.948686 0.686430 
9 0.747364 0.102328 0.754701 0.112617 0.480331 0.680989 0.472994 0.670699 
18 0.155767 0.466692 0.515400 0.466692 0.515400 0.631824 0.155767 0.631824
18 0.554365 0.508731 0.640961 0.508731 0.640961 0.641242 0.554365 0.641242
22 0.687175 0.248590 0.774694 0.248590 0.774694 0.394693 0.687175 0.394693
22 0.782381 0.727697 0.850990 0.727697 0.850990 0.876280 0.782381 0.876280
22 0.421377 0.718127 0.496889 0.718127 0.496889 0.862316 0.421377 0.862316
22 0.127113 0.733239 0.201234 0.733239 0.201234 0.877089 0.127113 0.877089
