13 0.108922 0.881026 0.142964 0.881026 0.142964 0.904486 0.108922 0.904486 0.108922 0.881026
13 0.228693 0.748112 0.262736 0.748112 0.262736 0.771573 0.228693 0.771573 0.228693 0.748112
13 0.781161 0.881792 0.815203 0.881792 0.815203 0.905252 0.781161 0.905252 0.781161 0.881792
13 0.668174 0.744533 0.702216 0.744533 0.702216 0.767994 0.668174 0.767994 0.668174 0.744533
13 0.456271 0.496144 0.490313 0.496144 0.490313 0.519604 0.456271 0.519604 0.456271 0.496144
13 0.205316 0.200510 0.239359 0.200510 0.239359 0.223971 0.205316 0.223971 0.205316 0.200510
13 0.091550 0.062581 0.125593 0.062581 0.125593 0.086041 0.091550 0.086041 0.091550 0.062581
13 0.717264 0.205879 0.751307 0.205879 0.751307 0.229339 0.717264 0.229339 0.717264 0.205879
13 0.846682 0.068031 0.880725 0.068031 0.880725 0.091491 0.846682 0.091491 0.846682 0.068031
9 0.101210 0.077254 0.115933 0.071368 0.805543 0.890579 0.790820 0.896465 
9 0.856488 0.076651 0.870919 0.082871 0.133159 0.895866 0.118727 0.889646 
22 0.066323 0.166854 0.161585 0.166854 0.161585 0.272134 0.066323 0.272134
22 0.784672 0.171879 0.894996 0.171879 0.894996 0.275075 0.784672 0.275075
22 0.741132 0.701447 0.897678 0.701447 0.897678 0.805989 0.741132 0.805989
22 0.539469 0.453323 0.667225 0.453323 0.667225 0.557005 0.539469 0.557005
22 0.084082 0.703799 0.204836 0.703799 0.204836 0.805922 0.084082 0.805922
18 0.370869 0.261399 0.593788 0.261399 0.593788 0.365313 0.370869 0.365313
