13 0.036326 0.744447 0.063172 0.744447 0.063172 0.774981 0.036326 0.774981 0.036326 0.744447
13 0.871502 0.744447 0.898347 0.744447 0.898347 0.774981 0.871502 0.774981 0.871502 0.744447
13 0.354205 0.058116 0.381050 0.058116 0.381050 0.088651 0.354205 0.088651 0.354205 0.058116
9 0.049749 0.767348 0.049749 0.752081 0.884925 0.752081 0.884925 0.767348 
9 0.362532 0.078352 0.372723 0.068415 0.890020 0.754746 0.879829 0.764683 
9 0.361690 0.069826 0.373565 0.076941 0.055687 0.763272 0.043811 0.756156 
19 0.135715 0.323714 0.199257 0.323714 0.199257 0.410726 0.135715 0.410726
18 0.634838 0.632743 0.775355 0.632743 0.775355 0.747375 0.634838 0.747375
19 0.410654 0.795167 0.479078 0.795167 0.479078 0.903480 0.410654 0.903480
18 0.308035 0.184188 0.442608 0.184188 0.442608 0.299340 0.308035 0.299340
