13 0.402133 0.163111 0.419227 0.163111 0.419227 0.186779 0.402133 0.186779 0.402133 0.163111
13 0.584905 0.161792 0.601999 0.161792 0.601999 0.185461 0.584905 0.185461 0.584905 0.161792
13 0.494834 0.289984 0.511928 0.289984 0.511928 0.313653 0.494834 0.313653 0.494834 0.289984
13 0.665597 0.531431 0.682691 0.531431 0.682691 0.555100 0.665597 0.555100 0.665597 0.531431
13 0.320103 0.531785 0.337197 0.531785 0.337197 0.555453 0.320103 0.555453 0.320103 0.531785
13 0.724924 0.811023 0.742018 0.811023 0.742018 0.834691 0.724924 0.834691 0.724924 0.811023
13 0.864856 0.810503 0.881950 0.810503 0.881950 0.834172 0.864856 0.834172 0.864856 0.810503
13 0.121055 0.810503 0.138149 0.810503 0.138149 0.834172 0.121055 0.834172 0.121055 0.810503
13 0.259297 0.812062 0.276391 0.812062 0.276391 0.835730 0.259297 0.835730 0.259297 0.812062
9 0.410702 0.180862 0.410658 0.169028 0.593430 0.167709 0.593474 0.179543 
9 0.589357 0.175319 0.597547 0.171933 0.737566 0.821164 0.729376 0.824550 
9 0.129602 0.828255 0.129602 0.816421 0.873403 0.816421 0.873403 0.828255 
9 0.407643 0.179107 0.413718 0.170783 0.876441 0.818175 0.870366 0.826500 
9 0.406592 0.173220 0.414768 0.176670 0.271932 0.825621 0.263756 0.822171 
9 0.590415 0.169463 0.596489 0.177789 0.132639 0.826501 0.126565 0.818175 
2 0.192717 0.762625 0.222912 0.762625 0.222912 0.885302 0.192717 0.885302
2 0.779005 0.758722 0.808970 0.758722 0.808970 0.885968 0.779005 0.885968
22 0.888951 0.761658 0.943097 0.761658 0.943097 0.872712 0.888951 0.872712
22 0.701250 0.844348 0.761302 0.844348 0.761302 0.951846 0.701250 0.951846
22 0.234317 0.844927 0.301521 0.844927 0.301521 0.952653 0.234317 0.952653
22 0.055522 0.760758 0.119815 0.760758 0.119815 0.868851 0.055522 0.868851
22 0.235863 0.446011 0.321023 0.446011 0.321023 0.553981 0.235863 0.553981
22 0.460614 0.369124 0.528442 0.369124 0.528442 0.477557 0.460614 0.477557
22 0.687735 0.449005 0.746281 0.449005 0.746281 0.557266 0.687735 0.557266
22 0.608775 0.082406 0.677105 0.082406 0.677105 0.204275 0.608775 0.204275
22 0.343886 0.082340 0.401820 0.082340 0.401820 0.188376 0.343886 0.188376
0 0.806326 0.752244 0.847155 0.752244 0.847155 0.834133 0.806326 0.834133
0 0.153124 0.752770 0.192871 0.752770 0.192871 0.830377 0.153124 0.830377
