13 0.273332 0.488870 0.286173 0.488870 0.286173 0.512539 0.273332 0.512539 0.273332 0.488870
13 0.334480 0.143702 0.347321 0.143702 0.347321 0.167371 0.334480 0.167371 0.334480 0.143702
13 0.468241 0.490279 0.481082 0.490279 0.481082 0.513948 0.468241 0.513948 0.468241 0.490279
13 0.852710 0.487461 0.865551 0.487461 0.865551 0.511130 0.852710 0.511130 0.852710 0.487461
9 0.279542 0.507422 0.279535 0.495587 0.859696 0.494334 0.859704 0.506168 
9 0.281909 0.503345 0.275807 0.499664 0.337020 0.154914 0.343122 0.158595 
9 0.338988 0.162324 0.341155 0.151185 0.860784 0.494681 0.858616 0.505821 
3 0.475678 0.502465 0.464998 0.620433 0.434116 0.725617 0.386377 0.806619 0.326955 0.854662 0.262290 0.864538 0.199389 0.835178 0.145068 0.769764 0.105214 0.675384 0.084145 0.562265 0.084145 0.442666 0.105214 0.329547 0.145068 0.235167 0.199389 0.169753 0.262290 0.140393 0.326955 0.150269 0.386377 0.198312 0.434116 0.279314 0.464998 0.384498 0.475678 0.502465
1 0.272873 0.562130 0.550562 0.562130 0.550562 0.627219 0.272873 0.627219
1 0.587480 0.562130 0.871589 0.562130 0.871589 0.630178 0.587480 0.630178
8 0.270899 0.566829 0.320350 0.566829 0.320350 0.621081 0.270899 0.621081
8 0.823263 0.568468 0.872471 0.568468 0.872471 0.622110 0.823263 0.622110
19 0.551142 0.558286 0.591080 0.558286 0.591080 0.650322 0.551142 0.650322
19 0.250338 0.231426 0.293845 0.231426 0.293845 0.348744 0.250338 0.348744
19 0.586728 0.185718 0.654041 0.185718 0.654041 0.303662 0.586728 0.303662
