13 0.117407 0.730773 0.129259 0.730773 0.129259 0.754942 0.117407 0.754942 0.117407 0.730773
13 0.553657 0.730262 0.565509 0.730262 0.565509 0.754432 0.553657 0.754432 0.553657 0.730262
13 0.838074 0.729412 0.849926 0.729412 0.849926 0.753581 0.838074 0.753581 0.838074 0.729412
13 0.600741 0.246419 0.612593 0.246419 0.612593 0.270588 0.600741 0.270588 0.600741 0.246419
9 0.123336 0.748899 0.123331 0.736815 0.843997 0.735454 0.844003 0.747539 
9 0.603760 0.257327 0.609573 0.259680 0.562490 0.743523 0.556677 0.741171 
9 0.604574 0.262780 0.608760 0.254226 0.846093 0.737220 0.841907 0.745774 
18 0.680382 0.596722 0.768883 0.596722 0.768883 0.722606 0.680382 0.722606
18 0.591559 0.413418 0.679986 0.413418 0.679986 0.545688 0.591559 0.545688
22 0.526926 0.781454 0.581488 0.781454 0.581488 0.907440 0.526926 0.907440
22 0.862492 0.691365 0.922546 0.691365 0.922546 0.820982 0.862492 0.820982
22 0.094625 0.781341 0.156069 0.781341 0.156069 0.915679 0.094625 0.915679
22 0.565552 0.092038 0.634179 0.092038 0.634179 0.221076 0.565552 0.221076
