13 0.876690 0.105765 0.901690 0.105765 0.901690 0.141007 0.876690 0.141007 0.876690 0.105765
13 0.876539 0.419839 0.901539 0.419839 0.901539 0.455081 0.876539 0.455081 0.876539 0.419839
13 0.463233 0.419955 0.488233 0.419955 0.488233 0.455197 0.463233 0.455197 0.463233 0.419955
13 0.054197 0.738146 0.079197 0.738146 0.079197 0.773388 0.054197 0.773388 0.054197 0.738146
13 0.876437 0.738501 0.901437 0.738501 0.901437 0.773744 0.876437 0.773744 0.876437 0.738501
9 0.069689 0.763502 0.063704 0.748032 0.886197 0.115651 0.892183 0.131121 
9 0.882940 0.123381 0.895440 0.123391 0.895187 0.756127 0.882687 0.756117 
9 0.066695 0.764578 0.066699 0.746957 0.888939 0.747312 0.888935 0.764933 
9 0.475734 0.446386 0.475732 0.428765 0.889038 0.428650 0.889041 0.446271 
5 0.216073 0.500490 0.321547 0.500490 0.321547 0.690487 0.216073 0.690487
5 0.627256 0.183217 0.734796 0.183217 0.734796 0.373483 0.627256 0.373483
2 0.819315 0.250915 0.956802 0.250915 0.956802 0.305340 0.819315 0.305340
2 0.818965 0.567722 0.958001 0.567722 0.958001 0.624799 0.818965 0.624799
19 0.617340 0.474515 0.739070 0.474515 0.739070 0.616673 0.617340 0.616673
19 0.412598 0.794852 0.533519 0.794852 0.533519 0.938235 0.412598 0.938235
