13 0.526623 0.883055 0.558495 0.883055 0.558495 0.922659 0.526623 0.922659 0.526623 0.883055
13 0.436203 0.539545 0.468076 0.539545 0.468076 0.579149 0.436203 0.579149 0.436203 0.539545
13 0.087820 0.416735 0.119693 0.416735 0.119693 0.456339 0.087820 0.456339 0.087820 0.416735
13 0.376559 0.311627 0.408431 0.311627 0.408431 0.351231 0.376559 0.351231 0.376559 0.311627
13 0.671095 0.201749 0.702967 0.201749 0.702967 0.241353 0.671095 0.241353 0.671095 0.201749
13 0.316914 0.086320 0.348787 0.086320 0.348787 0.125924 0.316914 0.125924 0.316914 0.086320
9 0.106022 0.446029 0.101490 0.427045 0.684765 0.212059 0.689297 0.231043 
9 0.325277 0.109200 0.340424 0.103045 0.550132 0.899779 0.534986 0.905935 
3 0.769885 0.502438 0.751660 0.638148 0.698960 0.759151 0.617496 0.852335 0.516096 0.907603 0.405747 0.918964 0.298409 0.885189 0.205713 0.809937 0.137703 0.701362 0.101750 0.571231 0.101750 0.433645 0.137703 0.303514 0.205713 0.194940 0.298409 0.119688 0.405747 0.085912 0.516096 0.097274 0.617496 0.152542 0.698960 0.245726 0.751660 0.366729 0.769885 0.502438
19 0.211057 0.250698 0.277981 0.250698 0.277981 0.365214 0.211057 0.365214
19 0.365390 0.146375 0.426052 0.146375 0.426052 0.237924 0.365390 0.237924
19 0.476983 0.479260 0.541353 0.479260 0.541353 0.595861 0.476983 0.595861
19 0.483115 0.145632 0.549959 0.145632 0.549959 0.262384 0.483115 0.262384
