13 0.496491 0.144733 0.524561 0.144733 0.524561 0.175267 0.496491 0.175267 0.496491 0.144733
13 0.496491 0.796161 0.524561 0.796161 0.524561 0.826696 0.496491 0.826696 0.496491 0.796161
13 0.112281 0.796161 0.140351 0.796161 0.140351 0.826696 0.112281 0.826696 0.112281 0.796161
13 0.883333 0.796161 0.911404 0.796161 0.911404 0.826696 0.883333 0.826696 0.883333 0.796161
9 0.126316 0.819062 0.126316 0.803795 0.897368 0.803795 0.897368 0.819062 
9 0.504632 0.164142 0.516421 0.155858 0.903263 0.807287 0.891474 0.815571 
9 0.503509 0.152366 0.517544 0.152366 0.517544 0.819062 0.503509 0.819062 
9 0.504620 0.155878 0.516433 0.164122 0.132222 0.815551 0.120409 0.807306 
22 0.472296 0.020447 0.556731 0.020447 0.556731 0.144519 0.472296 0.144519
2 0.240114 0.452980 0.361552 0.452980 0.361552 0.565815 0.240114 0.565815
2 0.656252 0.451151 0.778994 0.451151 0.778994 0.561988 0.656252 0.561988
22 0.050738 0.827225 0.174930 0.827225 0.174930 0.952918 0.050738 0.952918
22 0.449713 0.829112 0.562057 0.829112 0.562057 0.953224 0.449713 0.953224
22 0.855888 0.828688 0.960057 0.828688 0.960057 0.951342 0.855888 0.951342
