13 0.318710 0.178822 0.344854 0.178822 0.344854 0.206892 0.318710 0.206892 0.318710 0.178822
13 0.641496 0.179242 0.667640 0.179242 0.667640 0.207312 0.641496 0.207312 0.641496 0.179242
13 0.803713 0.480251 0.829857 0.480251 0.829857 0.508321 0.803713 0.508321 0.803713 0.480251
13 0.155013 0.480822 0.181157 0.480822 0.181157 0.508892 0.155013 0.508892 0.155013 0.480822
13 0.478284 0.481679 0.504428 0.481679 0.504428 0.509749 0.478284 0.509749 0.478284 0.481679
13 0.642303 0.783860 0.668447 0.783860 0.668447 0.811930 0.642303 0.811930 0.642303 0.783860
13 0.317306 0.784378 0.343450 0.784378 0.343450 0.812448 0.317306 0.812448 0.317306 0.784378
9 0.330388 0.805430 0.330369 0.791395 0.655365 0.790877 0.655385 0.804912 
9 0.811109 0.490807 0.822461 0.497765 0.661051 0.801374 0.649699 0.794416 
9 0.648911 0.196792 0.660225 0.189763 0.822442 0.490771 0.811128 0.497800 
9 0.331774 0.199875 0.331790 0.185840 0.654576 0.186260 0.654560 0.200295 
9 0.326133 0.189327 0.337431 0.196387 0.173734 0.498387 0.162436 0.491327 
9 0.162417 0.498351 0.173754 0.491364 0.336047 0.794919 0.324710 0.801906 
9 0.171353 0.500934 0.164817 0.488780 0.651300 0.187200 0.657836 0.199355 
3 0.820277 0.495652 0.802437 0.610440 0.750850 0.712788 0.671106 0.791606 0.571847 0.838353 0.463830 0.847963 0.358759 0.819395 0.268020 0.755744 0.201447 0.663908 0.166253 0.553840 0.166253 0.437465 0.201447 0.327396 0.268020 0.235561 0.358759 0.171910 0.463830 0.143342 0.571847 0.152952 0.671106 0.199699 0.750850 0.278517 0.802437 0.380865 0.820277 0.495652
22 0.646913 0.052506 0.752668 0.052506 0.752668 0.169593 0.646913 0.169593
22 0.216446 0.058197 0.325659 0.058197 0.325659 0.177019 0.216446 0.177019
22 0.040941 0.416392 0.133571 0.416392 0.133571 0.535024 0.040941 0.535024
22 0.846797 0.418606 0.932676 0.418606 0.932676 0.534828 0.846797 0.534828
22 0.519870 0.427485 0.633964 0.427485 0.633964 0.546472 0.519870 0.546472
22 0.238912 0.816387 0.320459 0.816387 0.320459 0.936469 0.238912 0.936469
22 0.637419 0.813736 0.741078 0.813736 0.741078 0.933226 0.637419 0.933226
