13 0.046625 0.443015 0.075716 0.443015 0.075716 0.474388 0.046625 0.474388 0.046625 0.443015
13 0.454380 0.442359 0.483470 0.442359 0.483470 0.473731 0.454380 0.473731 0.454380 0.442359
13 0.454023 0.880937 0.483114 0.880937 0.483114 0.912310 0.454023 0.912310 0.454023 0.880937
13 0.861848 0.443633 0.890939 0.443633 0.890939 0.475006 0.861848 0.475006 0.861848 0.443633
13 0.454806 0.006899 0.483897 0.006899 0.483897 0.038271 0.454806 0.038271 0.454806 0.006899
9 0.061181 0.466544 0.061159 0.450858 0.468914 0.450202 0.468936 0.465888 
9 0.066289 0.464273 0.056052 0.453130 0.464233 0.017013 0.474470 0.028157 
9 0.464222 0.028145 0.474481 0.017025 0.881523 0.453760 0.871264 0.464880 
9 0.473697 0.902185 0.463441 0.891062 0.871265 0.453758 0.881521 0.464881 
9 0.056036 0.464256 0.066304 0.453146 0.473703 0.891068 0.463434 0.902178 
19 0.190222 0.337729 0.368874 0.337729 0.368874 0.443207 0.190222 0.443207
