13 0.407609 0.865931 0.420724 0.865931 0.420724 0.893328 0.407609 0.893328 0.407609 0.865931
13 0.357443 0.701579 0.370557 0.701579 0.370557 0.728976 0.357443 0.728976 0.357443 0.701579
13 0.208897 0.200948 0.222012 0.200948 0.222012 0.228345 0.208897 0.228345 0.208897 0.200948
13 0.022161 0.198908 0.035275 0.198908 0.035275 0.226305 0.022161 0.226305 0.022161 0.198908
13 0.680776 0.201579 0.693891 0.201579 0.693891 0.228976 0.680776 0.228976 0.680776 0.201579
13 0.817988 0.714837 0.831103 0.714837 0.831103 0.742234 0.817988 0.742234 0.817988 0.714837
13 0.860943 0.865931 0.874057 0.865931 0.874057 0.893328 0.860943 0.893328 0.860943 0.865931
13 0.834049 0.200317 0.847163 0.200317 0.847163 0.227714 0.834049 0.227714 0.834049 0.200317
13 0.948897 0.202210 0.962012 0.202210 0.962012 0.229608 0.948897 0.229608 0.948897 0.202210
9 0.212673 0.218273 0.218236 0.211019 0.416948 0.876003 0.411385 0.883257 
9 0.684481 0.218654 0.690186 0.211902 0.870353 0.876253 0.864647 0.883006 
9 0.028712 0.219456 0.028724 0.205758 0.955460 0.209060 0.955449 0.222758 
22 0.174220 0.063815 0.217787 0.063815 0.217787 0.181132 0.174220 0.181132
22 0.670174 0.065075 0.717334 0.065075 0.717334 0.180368 0.670174 0.180368
22 0.816423 0.061367 0.862022 0.061367 0.862022 0.175057 0.816423 0.175057
18 0.258537 0.236735 0.338196 0.236735 0.338196 0.347642 0.258537 0.347642
18 0.726592 0.234625 0.806869 0.234625 0.806869 0.349188 0.726592 0.349188
22 0.299943 0.661504 0.342675 0.661504 0.342675 0.777427 0.299943 0.777427
22 0.763491 0.676245 0.806340 0.676245 0.806340 0.791141 0.763491 0.791141
