13 0.904596 0.767192 0.932568 0.767192 0.932568 0.801675 0.904596 0.801675 0.904596 0.767192
13 0.905491 0.153167 0.933464 0.153167 0.933464 0.187650 0.905491 0.187650 0.905491 0.153167
13 0.042084 0.155245 0.070056 0.155245 0.070056 0.189728 0.042084 0.189728 0.042084 0.155245
13 0.042847 0.767980 0.070819 0.767980 0.070819 0.802463 0.042847 0.802463 0.042847 0.767980
9 0.049077 0.172500 0.063063 0.172474 0.063826 0.785208 0.049840 0.785235 
9 0.056838 0.793842 0.056828 0.776601 0.918577 0.775813 0.918588 0.793054 
9 0.912485 0.170393 0.926471 0.170424 0.925575 0.784449 0.911589 0.784418 
9 0.056084 0.181107 0.056056 0.163866 0.919464 0.161787 0.919491 0.179029 
9 0.052582 0.179958 0.059558 0.165015 0.922071 0.776962 0.915094 0.791905 
12 0.832208 0.146144 0.939578 0.146144 0.939578 0.275880 0.832208 0.275880
12 0.038500 0.673123 0.145871 0.673123 0.145871 0.804645 0.038500 0.804645
18 0.579915 0.647105 0.724469 0.647105 0.724469 0.773025 0.579915 0.773025
19 0.359801 0.805234 0.636262 0.805234 0.636262 0.925809 0.359801 0.925809
19 0.361292 0.034439 0.636445 0.034439 0.636445 0.152700 0.361292 0.152700
