13 0.520414 0.295782 0.537363 0.295782 0.537363 0.327655 0.520414 0.327655 0.520414 0.295782
13 0.140414 0.553595 0.157363 0.553595 0.157363 0.585468 0.140414 0.585468 0.140414 0.553595
13 0.898192 0.552814 0.915141 0.552814 0.915141 0.584686 0.898192 0.584686 0.898192 0.552814
13 0.519462 0.813826 0.536411 0.813826 0.536411 0.845698 0.519462 0.845698 0.519462 0.813826
13 0.519474 0.556660 0.536423 0.556660 0.536423 0.588532 0.519474 0.588532 0.519474 0.556660
9 0.150327 0.577026 0.147451 0.562036 0.527451 0.304224 0.530327 0.319214 
9 0.527447 0.319212 0.530331 0.304226 0.908108 0.561257 0.905225 0.576243 
9 0.529395 0.837243 0.526478 0.822280 0.905209 0.561268 0.908125 0.576232 
9 0.147436 0.577016 0.150342 0.562046 0.529390 0.822277 0.526483 0.837247 
9 0.148891 0.577499 0.148887 0.561563 0.906664 0.560782 0.906669 0.576718 
9 0.524652 0.311691 0.533126 0.311746 0.532174 0.829789 0.523699 0.829734 
1 0.131356 0.135458 0.489407 0.135458 0.489407 0.239044 0.131356 0.239044
1 0.567797 0.135458 0.925847 0.135458 0.925847 0.227092 0.567797 0.227092
1 0.065678 0.282869 0.116525 0.282869 0.116525 0.490040 0.065678 0.490040
1 0.067797 0.657371 0.114407 0.657371 0.114407 0.860558 0.067797 0.860558
8 0.133364 0.137652 0.208481 0.137652 0.208481 0.220721 0.133364 0.220721
8 0.848678 0.136261 0.923964 0.136261 0.923964 0.219316 0.848678 0.219316
8 0.071417 0.294029 0.113569 0.294029 0.113569 0.426559 0.071417 0.426559
8 0.072454 0.718147 0.114206 0.718147 0.114206 0.852864 0.072454 0.852864
19 0.059527 0.504492 0.138754 0.504492 0.138754 0.689781 0.059527 0.689781
19 0.491690 0.104681 0.557514 0.104681 0.557514 0.263256 0.491690 0.263256
2 0.330053 0.351715 0.372926 0.351715 0.372926 0.511984 0.330053 0.511984
2 0.329335 0.630081 0.374567 0.630081 0.374567 0.791704 0.329335 0.791704
2 0.682708 0.628673 0.727607 0.628673 0.727607 0.789553 0.682708 0.789553
2 0.682366 0.351785 0.728159 0.351785 0.728159 0.513882 0.682366 0.513882
