13 0.101829 0.175545 0.119686 0.175545 0.119686 0.200782 0.101829 0.200782 0.101829 0.175545
13 0.852552 0.175545 0.870409 0.175545 0.870409 0.200782 0.852552 0.200782 0.852552 0.175545
13 0.477480 0.479218 0.495337 0.479218 0.495337 0.504455 0.477480 0.504455 0.477480 0.479218
13 0.103167 0.780953 0.121024 0.780953 0.121024 0.806190 0.103167 0.806190 0.103167 0.780953
13 0.852263 0.780851 0.870120 0.780851 0.870120 0.806088 0.852263 0.806088 0.852263 0.780851
9 0.108545 0.193643 0.112971 0.182684 0.863404 0.787990 0.858979 0.798949 
9 0.857016 0.188159 0.865945 0.188168 0.865656 0.793474 0.856727 0.793465 
9 0.114311 0.799049 0.109880 0.788094 0.859265 0.182686 0.863696 0.193641 
9 0.112096 0.799881 0.112095 0.787262 0.861191 0.787160 0.861192 0.799779 
9 0.106293 0.188183 0.115222 0.188144 0.116559 0.793552 0.107631 0.793591 
22 0.037771 0.072898 0.104294 0.072898 0.104294 0.182146 0.037771 0.182146
22 0.871860 0.073226 0.936206 0.073226 0.936206 0.184130 0.871860 0.184130
24 0.260801 0.274549 0.366567 0.274549 0.366567 0.422259 0.260801 0.422259
24 0.602554 0.275080 0.708952 0.275080 0.708952 0.421647 0.602554 0.421647
22 0.460855 0.350633 0.520433 0.350633 0.520433 0.456200 0.460855 0.456200
2 0.061550 0.477975 0.156379 0.477975 0.156379 0.546136 0.061550 0.546136
2 0.813332 0.477743 0.908120 0.477743 0.908120 0.545675 0.813332 0.545675
5 0.271033 0.564783 0.355529 0.564783 0.355529 0.698583 0.271033 0.698583
5 0.614843 0.564101 0.698650 0.564101 0.698650 0.697061 0.614843 0.697061
22 0.035204 0.810747 0.094446 0.810747 0.094446 0.919754 0.035204 0.919754
22 0.862282 0.810987 0.949176 0.810987 0.949176 0.920200 0.862282 0.920200
