13 0.245569 0.357765 0.273640 0.357765 0.273640 0.386235 0.245569 0.386235 0.245569 0.357765
13 0.516374 0.148118 0.544444 0.148118 0.544444 0.176588 0.516374 0.176588 0.516374 0.148118
13 0.545287 0.468622 0.573357 0.468622 0.573357 0.497092 0.545287 0.497092 0.545287 0.468622
13 0.438884 0.774971 0.466954 0.774971 0.466954 0.803441 0.438884 0.803441 0.438884 0.774971
13 0.576360 0.791479 0.604431 0.791479 0.604431 0.819949 0.576360 0.819949 0.576360 0.791479
13 0.845350 0.575924 0.873420 0.575924 0.873420 0.604394 0.845350 0.604394 0.845350 0.575924
9 0.257236 0.378700 0.261973 0.365300 0.861754 0.583459 0.857016 0.596858 
9 0.552703 0.480492 0.565941 0.485222 0.459538 0.791571 0.446300 0.786842 
9 0.523422 0.163023 0.537395 0.161683 0.597382 0.805044 0.583409 0.806384 
3 0.873353 0.481932 0.856130 0.586613 0.806327 0.679950 0.729342 0.751829 0.633517 0.794460 0.529235 0.803224 0.427798 0.777171 0.340198 0.719124 0.275927 0.635374 0.241951 0.534996 0.241951 0.428868 0.275927 0.328490 0.340198 0.244739 0.427798 0.186693 0.529235 0.160640 0.633517 0.169404 0.729342 0.212035 0.806327 0.283914 0.856130 0.377251 0.873353 0.481932
12 0.464971 0.448697 0.565242 0.448697 0.565242 0.553776 0.464971 0.553776
22 0.565688 0.383389 0.645967 0.383389 0.645967 0.473431 0.565688 0.473431
22 0.165702 0.301131 0.240469 0.301131 0.240469 0.392965 0.165702 0.392965
22 0.380522 0.800376 0.471474 0.800376 0.471474 0.896843 0.380522 0.896843
22 0.482920 0.054197 0.569101 0.054197 0.569101 0.148612 0.482920 0.148612
22 0.542963 0.821124 0.643979 0.821124 0.643979 0.916076 0.542963 0.916076
22 0.875581 0.555505 0.943169 0.555505 0.943169 0.652333 0.875581 0.652333
