13 0.396798 0.847879 0.413092 0.847879 0.413092 0.872121 0.396798 0.872121 0.396798 0.847879
13 0.168185 0.487659 0.184478 0.487659 0.184478 0.511901 0.168185 0.511901 0.168185 0.487659
13 0.013831 0.487879 0.030125 0.487879 0.030125 0.512121 0.013831 0.512121 0.013831 0.487879
13 0.396798 0.122165 0.413092 0.122165 0.413092 0.146407 0.396798 0.146407 0.396798 0.122165
13 0.619289 0.488069 0.635583 0.488069 0.635583 0.512312 0.619289 0.512312 0.619289 0.488069
13 0.395700 0.487879 0.411993 0.487879 0.411993 0.512121 0.395700 0.512121 0.395700 0.487879
13 0.916029 0.484205 0.932322 0.484205 0.932322 0.508448 0.916029 0.508448 0.916029 0.484205
9 0.400872 0.128225 0.409018 0.128225 0.409018 0.866061 0.400872 0.866061 
9 0.021977 0.506061 0.021979 0.493939 0.627437 0.494130 0.627435 0.506251 
9 0.173370 0.503941 0.179293 0.495619 0.407907 0.855839 0.401983 0.864161 
9 0.401963 0.130157 0.407927 0.138415 0.179313 0.503909 0.173350 0.495651 
9 0.403217 0.139774 0.406674 0.128798 0.925904 0.490839 0.922447 0.501814 
9 0.406680 0.865483 0.403210 0.854517 0.922441 0.490843 0.925911 0.501810 
22 0.347385 0.045672 0.399598 0.045672 0.399598 0.146897 0.347385 0.146897
19 0.655720 0.204668 0.731996 0.204668 0.731996 0.306984 0.655720 0.306984
2 0.360448 0.280605 0.446748 0.280605 0.446748 0.343574 0.360448 0.343574
12 0.389541 0.380258 0.482718 0.380258 0.482718 0.520183 0.389541 0.520183
22 0.328012 0.519061 0.388978 0.519061 0.388978 0.621361 0.328012 0.621361
22 0.908910 0.518851 0.965660 0.518851 0.965660 0.622884 0.908910 0.622884
22 0.089820 0.522932 0.163768 0.522932 0.163768 0.627935 0.089820 0.627935
2 0.362701 0.648776 0.448728 0.648776 0.448728 0.712265 0.362701 0.712265
19 0.655681 0.690789 0.732256 0.690789 0.732256 0.793081 0.655681 0.793081
22 0.335817 0.863582 0.390317 0.863582 0.390317 0.968236 0.335817 0.968236
