13 0.115400 0.310042 0.136905 0.310042 0.136905 0.338211 0.115400 0.338211 0.115400 0.310042
13 0.397544 0.280201 0.419050 0.280201 0.419050 0.308370 0.397544 0.308370 0.397544 0.280201
13 0.330950 0.473773 0.352456 0.473773 0.352456 0.501942 0.330950 0.501942 0.330950 0.473773
13 0.661154 0.251820 0.682660 0.251820 0.682660 0.279989 0.661154 0.279989 0.661154 0.251820
13 0.861639 0.234487 0.883145 0.234487 0.883145 0.262656 0.861639 0.262656 0.861639 0.234487
13 0.654094 0.714844 0.675600 0.714844 0.675600 0.743013 0.654094 0.743013 0.654094 0.714844
13 0.765850 0.798246 0.787356 0.798246 0.787356 0.826415 0.765850 0.826415 0.765850 0.798246
9 0.123479 0.330237 0.128825 0.318017 0.779276 0.806221 0.773930 0.818441 
9 0.126567 0.331148 0.125738 0.317106 0.871978 0.241550 0.872806 0.255593 
3 0.761019 0.492963 0.749643 0.582256 0.716749 0.661873 0.665902 0.723185 0.602610 0.759550 0.533734 0.767026 0.466736 0.744802 0.408878 0.695288 0.366428 0.623849 0.343987 0.538227 0.343987 0.447699 0.366428 0.362077 0.408878 0.290638 0.466736 0.241124 0.533734 0.218900 0.602610 0.226376 0.665902 0.262741 0.716749 0.324053 0.749643 0.403670 0.761019 0.492963
22 0.351663 0.170956 0.434356 0.170956 0.434356 0.265110 0.351663 0.265110
22 0.661132 0.150119 0.728935 0.150119 0.728935 0.245119 0.661132 0.245119
22 0.056270 0.263579 0.118825 0.263579 0.118825 0.358054 0.056270 0.358054
22 0.705975 0.813433 0.768565 0.813433 0.768565 0.909403 0.705975 0.909403
18 0.372505 0.349977 0.436121 0.349977 0.436121 0.448000 0.372505 0.448000
22 0.267428 0.476543 0.332326 0.476543 0.332326 0.568420 0.267428 0.568420
18 0.250616 0.321593 0.349411 0.321593 0.349411 0.417390 0.250616 0.417390
18 0.772046 0.467256 0.899864 0.467256 0.899864 0.564503 0.772046 0.564503
