13 0.390073 0.064254 0.415230 0.064254 0.415230 0.089651 0.390073 0.089651 0.390073 0.064254
13 0.770447 0.202302 0.795604 0.202302 0.795604 0.227698 0.770447 0.227698 0.770447 0.202302
13 0.461853 0.465669 0.487010 0.465669 0.487010 0.491066 0.461853 0.491066 0.461853 0.465669
13 0.062043 0.533206 0.087200 0.533206 0.087200 0.558603 0.062043 0.558603 0.062043 0.533206
13 0.842724 0.605206 0.867882 0.605206 0.867882 0.630603 0.842724 0.630603 0.842724 0.605206
9 0.400524 0.082927 0.404779 0.070978 0.785153 0.209025 0.780898 0.220975 
9 0.776837 0.216131 0.789214 0.213869 0.861492 0.616773 0.849114 0.619036 
9 0.074049 0.552228 0.075193 0.539582 0.855875 0.611582 0.854731 0.624228 
9 0.397514 0.073290 0.407789 0.080615 0.079759 0.549567 0.069484 0.542242 
3 0.875759 0.476460 0.853855 0.608974 0.790516 0.727129 0.692606 0.818120 0.570735 0.872086 0.438110 0.883181 0.309103 0.850200 0.197693 0.776720 0.115954 0.670701 0.072743 0.543633 0.072743 0.409286 0.115954 0.282218 0.197693 0.176200 0.309103 0.102719 0.438110 0.069738 0.570735 0.080833 0.692606 0.134799 0.790516 0.225790 0.853855 0.343945 0.875759 0.476460
16 0.711381 0.219423 0.774183 0.219423 0.774183 0.324392 0.711381 0.324392
22 0.506122 0.419186 0.586457 0.419186 0.586457 0.526384 0.506122 0.526384
18 0.148697 0.435911 0.299986 0.435911 0.299986 0.540066 0.148697 0.540066
16 0.744826 0.486168 0.818144 0.486168 0.818144 0.589747 0.744826 0.589747
18 0.354924 0.138479 0.549904 0.138479 0.549904 0.245966 0.354924 0.245966
