13 0.627198 0.091826 0.645802 0.091826 0.645802 0.133931 0.627198 0.133931 0.627198 0.091826
13 0.933680 0.089394 0.952285 0.089394 0.952285 0.131499 0.933680 0.131499 0.933680 0.089394
13 0.039864 0.867205 0.058469 0.867205 0.058469 0.909310 0.039864 0.909310 0.039864 0.867205
13 0.627061 0.866000 0.645666 0.866000 0.645666 0.908105 0.627061 0.908105 0.627061 0.866000
9 0.636516 0.123405 0.636484 0.102353 0.942966 0.099920 0.942999 0.120973 
9 0.939514 0.103433 0.946451 0.117460 0.639832 0.894066 0.632895 0.880039 
9 0.049171 0.898784 0.049162 0.877731 0.636359 0.876526 0.636368 0.897579 
9 0.051510 0.897350 0.046823 0.879165 0.634156 0.103786 0.638844 0.121971 
9 0.631849 0.112875 0.641151 0.112883 0.641015 0.887057 0.631712 0.887048 
19 0.295593 0.280083 0.350802 0.280083 0.350802 0.449570 0.295593 0.449570
18 0.238353 0.658305 0.358205 0.658305 0.358205 0.836832 0.238353 0.836832
18 0.656463 0.481987 0.737257 0.481987 0.737257 0.651113 0.656463 0.651113
19 0.540128 0.469182 0.613648 0.469182 0.613648 0.609113 0.540128 0.609113
19 0.785844 0.511593 0.840997 0.511593 0.840997 0.674801 0.785844 0.674801
12 0.566906 0.729460 0.647803 0.729460 0.647803 0.911181 0.566906 0.911181
10 0.323711 0.818110 0.407663 0.818110 0.407663 0.946888 0.323711 0.946888
10 0.745238 0.041806 0.829435 0.041806 0.829435 0.173038 0.745238 0.173038
