13 0.447453 0.097058 0.470642 0.097058 0.470642 0.120113 0.447453 0.120113 0.447453 0.097058
13 0.356318 0.196515 0.379506 0.196515 0.379506 0.219569 0.356318 0.219569 0.356318 0.196515
13 0.636977 0.197564 0.660166 0.197564 0.660166 0.220618 0.636977 0.220618 0.636977 0.197564
13 0.814899 0.374320 0.838088 0.374320 0.838088 0.397374 0.814899 0.397374 0.814899 0.374320
13 0.185549 0.377677 0.208737 0.377677 0.208737 0.400732 0.185549 0.400732 0.185549 0.377677
13 0.911263 0.468586 0.934451 0.468586 0.934451 0.491641 0.911263 0.491641 0.911263 0.468586
13 0.099055 0.545807 0.122244 0.545807 0.122244 0.568862 0.099055 0.568862 0.099055 0.545807
13 0.183211 0.626902 0.206399 0.626902 0.206399 0.649957 0.183211 0.649957 0.183211 0.626902
13 0.810743 0.632584 0.833932 0.632584 0.833932 0.655639 0.810743 0.655639 0.810743 0.632584
13 0.370120 0.812336 0.393308 0.812336 0.393308 0.835391 0.370120 0.835391 0.370120 0.812336
13 0.223834 0.812336 0.247023 0.812336 0.247023 0.835391 0.223834 0.835391 0.223834 0.812336
13 0.631922 0.814522 0.655111 0.814522 0.655111 0.837576 0.631922 0.837576 0.631922 0.814522
13 0.542692 0.904869 0.565880 0.904869 0.565880 0.927923 0.542692 0.927923 0.542692 0.904869
13 0.810628 0.759306 0.833816 0.759306 0.833816 0.782361 0.810628 0.782361 0.810628 0.759306
13 0.762951 0.196634 0.786140 0.196634 0.786140 0.219689 0.762951 0.219689 0.762951 0.196634
13 0.183406 0.244865 0.206594 0.244865 0.206594 0.267919 0.183406 0.267919 0.183406 0.244865
9 0.235397 0.829627 0.235460 0.818100 0.643548 0.820285 0.643485 0.831813 
9 0.818195 0.640080 0.826481 0.648143 0.558429 0.920428 0.550143 0.912364 
9 0.820697 0.385784 0.832290 0.385911 0.828019 0.770897 0.816425 0.770770 
9 0.644485 0.213179 0.652658 0.205003 0.926944 0.476026 0.918771 0.484202 
9 0.367910 0.213806 0.367914 0.202278 0.774547 0.202397 0.774544 0.213925 
9 0.454798 0.104665 0.463297 0.112506 0.201392 0.393125 0.192893 0.385284 
9 0.189203 0.256389 0.200797 0.256395 0.200602 0.638433 0.189008 0.638427 
9 0.106573 0.561433 0.114726 0.553237 0.385791 0.819766 0.377638 0.827962 
22 0.292081 0.093170 0.376357 0.093170 0.376357 0.187620 0.292081 0.187620
22 0.643798 0.091900 0.735259 0.091900 0.735259 0.187213 0.643798 0.187213
4 0.405758 0.125823 0.476307 0.125823 0.476307 0.216541 0.405758 0.216541
0 0.328079 0.201624 0.427721 0.201624 0.427721 0.264137 0.328079 0.264137
0 0.592951 0.197987 0.686497 0.197987 0.686497 0.264716 0.592951 0.264716
4 0.692109 0.198711 0.760151 0.198711 0.760151 0.288463 0.692109 0.288463
4 0.187705 0.275129 0.274903 0.275129 0.274903 0.341656 0.187705 0.341656
22 0.089083 0.268097 0.177430 0.268097 0.177430 0.362556 0.089083 0.362556
22 0.850034 0.300804 0.939604 0.300804 0.939604 0.395937 0.850034 0.395937
0 0.762921 0.344002 0.830214 0.344002 0.830214 0.449785 0.762921 0.449785
0 0.187938 0.347271 0.255586 0.347271 0.255586 0.451118 0.187938 0.451118
4 0.813949 0.423519 0.898907 0.423519 0.898907 0.491434 0.813949 0.491434
4 0.117253 0.532376 0.201221 0.532376 0.201221 0.600892 0.117253 0.600892
0 0.190592 0.579733 0.255834 0.579733 0.255834 0.680482 0.190592 0.680482
0 0.763040 0.579745 0.829460 0.579745 0.829460 0.679663 0.763040 0.679663
22 0.075241 0.621019 0.168197 0.621019 0.168197 0.716828 0.075241 0.716828
22 0.842506 0.622772 0.929378 0.622772 0.929378 0.720167 0.842506 0.720167
4 0.745213 0.684290 0.832705 0.684290 0.832705 0.752114 0.745213 0.752114
4 0.268837 0.742126 0.335965 0.742126 0.335965 0.831651 0.268837 0.831651
0 0.591229 0.758895 0.690041 0.758895 0.690041 0.829452 0.591229 0.829452
0 0.338944 0.760425 0.435105 0.760425 0.435105 0.834909 0.338944 0.834909
4 0.528040 0.815182 0.598345 0.815182 0.598345 0.912784 0.528040 0.912784
22 0.271160 0.833104 0.367579 0.833104 0.367579 0.927083 0.271160 0.927083
22 0.625130 0.831839 0.706839 0.831839 0.706839 0.926631 0.625130 0.926631
