13 0.108456 0.680224 0.128658 0.680224 0.128658 0.702633 0.108456 0.702633 0.108456 0.680224
13 0.108456 0.428796 0.128658 0.428796 0.128658 0.451204 0.108456 0.451204 0.108456 0.428796
13 0.760518 0.680224 0.780720 0.680224 0.780720 0.702633 0.760518 0.702633 0.760518 0.680224
13 0.883634 0.282422 0.903836 0.282422 0.903836 0.304831 0.883634 0.304831 0.883634 0.282422
13 0.547631 0.283081 0.567833 0.283081 0.567833 0.305490 0.547631 0.305490 0.547631 0.283081
13 0.548583 0.180883 0.568785 0.180883 0.568785 0.203292 0.548583 0.203292 0.548583 0.180883
9 0.118557 0.697031 0.118557 0.685826 0.770619 0.685826 0.770619 0.697031 
9 0.116898 0.445292 0.120215 0.434708 0.772277 0.686137 0.768960 0.696720 
9 0.113506 0.434398 0.123607 0.434398 0.123607 0.697031 0.113506 0.697031 
9 0.553633 0.192030 0.563734 0.192146 0.562782 0.294344 0.552682 0.294228 
9 0.557353 0.197492 0.560015 0.186684 0.895066 0.288222 0.892404 0.299031 
9 0.557741 0.299888 0.557723 0.288683 0.893726 0.288024 0.893744 0.299229 
19 0.499897 0.211715 0.546553 0.211715 0.546553 0.280131 0.499897 0.280131
22 0.905980 0.249061 0.978737 0.249061 0.978737 0.327782 0.905980 0.327782
19 0.409134 0.467711 0.482093 0.467711 0.482093 0.542458 0.409134 0.542458
22 0.048684 0.383386 0.108683 0.383386 0.108683 0.461456 0.048684 0.461456
22 0.484694 0.131743 0.550704 0.131743 0.550704 0.210189 0.484694 0.210189
22 0.042203 0.654124 0.108358 0.654124 0.108358 0.732002 0.042203 0.732002
19 0.037506 0.523785 0.105849 0.523785 0.105849 0.598666 0.037506 0.598666
22 0.495380 0.283993 0.550179 0.283993 0.550179 0.364079 0.495380 0.364079
22 0.786827 0.652007 0.851403 0.652007 0.851403 0.732181 0.786827 0.732181
19 0.361624 0.699673 0.434875 0.699673 0.434875 0.773641 0.361624 0.773641
