13 0.032502 0.876838 0.059806 0.876838 0.059806 0.917447 0.032502 0.917447 0.032502 0.876838
13 0.851293 0.877491 0.878597 0.877491 0.878597 0.918100 0.851293 0.918100 0.851293 0.877491
13 0.488581 0.060064 0.515885 0.060064 0.515885 0.100673 0.488581 0.100673 0.488581 0.060064
9 0.046150 0.907295 0.046158 0.886991 0.864949 0.887644 0.864941 0.907948 
9 0.496536 0.085961 0.507930 0.074777 0.870642 0.892204 0.859248 0.903388 
9 0.496982 0.073882 0.507484 0.086855 0.051405 0.903629 0.040903 0.890657 
18 0.424734 0.233887 0.562167 0.233887 0.562167 0.381273 0.424734 0.381273
18 0.138004 0.729709 0.278392 0.729709 0.278392 0.873518 0.138004 0.873518
19 0.704327 0.367497 0.768315 0.367497 0.768315 0.478488 0.704327 0.478488
19 0.142112 0.333040 0.250524 0.333040 0.250524 0.476258 0.142112 0.476258
