13 0.056508 0.875223 0.086926 0.875223 0.086926 0.906595 0.056508 0.906595 0.056508 0.875223
13 0.802692 0.244314 0.833110 0.244314 0.833110 0.275686 0.802692 0.275686 0.802692 0.244314
13 0.508402 0.068599 0.538820 0.068599 0.538820 0.099972 0.508402 0.099972 0.508402 0.068599
9 0.076538 0.896975 0.066896 0.884844 0.813080 0.253935 0.822722 0.266065 
9 0.519801 0.091073 0.527421 0.077498 0.821711 0.253212 0.814091 0.266788 
9 0.517027 0.080362 0.530196 0.088210 0.078302 0.894833 0.065133 0.886985 
12 0.471458 0.067898 0.600846 0.067898 0.600846 0.205750 0.471458 0.205750
19 0.251000 0.356861 0.321382 0.356861 0.321382 0.444155 0.251000 0.444155
19 0.657003 0.053571 0.778207 0.053571 0.778207 0.162000 0.657003 0.162000
19 0.496923 0.548105 0.615469 0.548105 0.615469 0.657290 0.496923 0.657290
