13 0.720720 0.116007 0.744459 0.116007 0.744459 0.150050 0.720720 0.150050 0.720720 0.116007
13 0.224471 0.116244 0.248210 0.116244 0.248210 0.150287 0.224471 0.150287 0.224471 0.116244
13 0.472263 0.469481 0.496002 0.469481 0.496002 0.503524 0.472263 0.503524 0.472263 0.469481
13 0.223688 0.472503 0.247427 0.472503 0.247427 0.506545 0.223688 0.506545 0.223688 0.472503
13 0.721696 0.472503 0.745435 0.472503 0.745435 0.506545 0.721696 0.506545 0.721696 0.472503
13 0.720756 0.831656 0.744494 0.831656 0.744494 0.865699 0.720756 0.865699 0.720756 0.831656
13 0.224289 0.832043 0.248028 0.832043 0.248028 0.866085 0.224289 0.866085 0.224289 0.832043
9 0.236342 0.141776 0.236338 0.124755 0.732588 0.124518 0.732592 0.141539 
9 0.726655 0.133029 0.738524 0.133028 0.738560 0.848677 0.726690 0.848678 
9 0.236162 0.857575 0.236156 0.840553 0.732622 0.840167 0.732628 0.857188 
9 0.230406 0.133262 0.242275 0.133268 0.242094 0.849067 0.230224 0.849061 
3 0.480452 0.488299 0.467099 0.603050 0.428487 0.705366 0.368801 0.784160 0.294508 0.830892 0.213660 0.840499 0.135016 0.811940 0.067100 0.748309 0.017272 0.656502 -0.009070 0.546468 -0.009070 0.430130 0.017272 0.320096 0.067100 0.228289 0.135016 0.164658 0.213660 0.136099 0.294508 0.145706 0.368801 0.192439 0.428487 0.271232 0.467099 0.373548 0.480452 0.488299
3 0.981202 0.488613 0.967718 0.604484 0.928730 0.707798 0.868462 0.787360 0.793444 0.834549 0.711807 0.844249 0.632396 0.815411 0.563818 0.751160 0.513503 0.658457 0.486905 0.547350 0.486905 0.429877 0.513503 0.318769 0.563818 0.226067 0.632396 0.161815 0.711807 0.132977 0.793444 0.142678 0.868462 0.189866 0.928730 0.269428 0.967718 0.372743 0.981202 0.488613
19 0.773166 0.402089 0.931374 0.402089 0.931374 0.548417 0.773166 0.548417
19 0.037229 0.402533 0.194501 0.402533 0.194501 0.548529 0.037229 0.548529
