13 0.137215 0.855556 0.159014 0.855556 0.159014 0.887302 0.137215 0.887302 0.137215 0.855556
13 0.073670 0.665121 0.095469 0.665121 0.095469 0.696867 0.073670 0.696867 0.073670 0.665121
13 0.467889 0.847504 0.489687 0.847504 0.489687 0.879250 0.467889 0.879250 0.467889 0.847504
13 0.444003 0.624127 0.465801 0.624127 0.465801 0.655873 0.444003 0.655873 0.444003 0.624127
13 0.420473 0.406984 0.442272 0.406984 0.442272 0.438730 0.420473 0.438730 0.420473 0.406984
13 0.394557 0.174189 0.416355 0.174189 0.416355 0.205935 0.394557 0.205935 0.394557 0.174189
13 0.824582 0.337324 0.846380 0.337324 0.846380 0.369070 0.824582 0.369070 0.824582 0.337324
13 0.757046 0.154065 0.778845 0.154065 0.778845 0.185811 0.757046 0.185811 0.757046 0.154065
9 0.150620 0.878477 0.145609 0.864381 0.832975 0.346149 0.837986 0.360245 
9 0.087059 0.688054 0.082080 0.673934 0.765456 0.162878 0.770435 0.176998 
9 0.400074 0.191305 0.410838 0.188819 0.484170 0.862133 0.473406 0.864620 
18 0.513611 0.629607 0.837735 0.629607 0.837735 0.766702 0.513611 0.766702
18 0.053661 0.299357 0.376421 0.299357 0.376421 0.436446 0.053661 0.436446
20 0.857879 0.299381 0.927494 0.299381 0.927494 0.403746 0.857879 0.403746
20 0.785945 0.111538 0.876544 0.111538 0.876544 0.219102 0.785945 0.219102
