13 0.490610 0.790158 0.503329 0.790158 0.503329 0.818130 0.490610 0.818130 0.490610 0.790158
13 0.490974 0.412485 0.503693 0.412485 0.503693 0.440457 0.490974 0.440457 0.490974 0.412485
13 0.893897 0.203774 0.906616 0.203774 0.906616 0.231746 0.893897 0.231746 0.893897 0.203774
13 0.088641 0.202926 0.101359 0.202926 0.101359 0.230898 0.088641 0.230898 0.088641 0.202926
9 0.494154 0.426456 0.500513 0.426485 0.500149 0.804159 0.493790 0.804130 
9 0.498723 0.809978 0.495216 0.798311 0.898503 0.211927 0.902010 0.223594 
9 0.498062 0.433277 0.496604 0.419664 0.899527 0.210953 0.900985 0.224567 
9 0.093241 0.222737 0.096759 0.211087 0.498729 0.798319 0.495210 0.809969 
9 0.094267 0.223717 0.095733 0.210107 0.498066 0.419666 0.496601 0.433275 
22 0.037750 0.097137 0.082779 0.097137 0.082779 0.218510 0.037750 0.218510
22 0.909841 0.097257 0.951637 0.097257 0.951637 0.217293 0.909841 0.217293
5 0.272035 0.241624 0.325240 0.241624 0.325240 0.394368 0.272035 0.394368
5 0.669581 0.242474 0.722524 0.242474 0.722524 0.392989 0.669581 0.392989
22 0.479589 0.273638 0.522461 0.273638 0.522461 0.388648 0.479589 0.388648
2 0.674947 0.447218 0.722333 0.447218 0.722333 0.580585 0.674947 0.580585
2 0.271420 0.447659 0.319638 0.447659 0.319638 0.581239 0.271420 0.581239
22 0.479174 0.831813 0.523187 0.831813 0.523187 0.952077 0.479174 0.952077
