13 0.544935 0.006580 0.570494 0.006580 0.570494 0.028202 0.544935 0.028202 0.544935 0.006580
13 0.480282 0.189672 0.505841 0.189672 0.505841 0.211294 0.480282 0.211294 0.480282 0.189672
13 0.952935 0.389350 0.978494 0.389350 0.978494 0.410972 0.952935 0.410972 0.952935 0.389350
13 0.368173 0.490397 0.393732 0.490397 0.393732 0.512019 0.368173 0.512019 0.368173 0.490397
13 0.243887 0.837820 0.269446 0.837820 0.269446 0.859442 0.243887 0.859442 0.243887 0.837820
13 0.057220 0.957486 0.082780 0.957486 0.082780 0.979108 0.057220 0.979108 0.057220 0.957486
9 0.073833 0.972622 0.066167 0.963972 0.961881 0.395836 0.969547 0.404486 
9 0.382231 0.506504 0.379674 0.495912 0.964435 0.394865 0.966993 0.405457 
9 0.551605 0.015808 0.563824 0.018975 0.262776 0.850215 0.250557 0.847048 
9 0.490206 0.205319 0.495916 0.195647 0.968569 0.395325 0.962859 0.404997 
16 0.525298 0.121746 0.587781 0.121746 0.587781 0.204054 0.525298 0.204054
16 0.481814 0.228201 0.547767 0.228201 0.547767 0.310539 0.481814 0.310539
16 0.753244 0.338667 0.821291 0.338667 0.821291 0.420798 0.753244 0.420798
16 0.415361 0.399900 0.480823 0.399900 0.480823 0.481784 0.415361 0.481784
16 0.697273 0.447369 0.765825 0.447369 0.765825 0.527936 0.697273 0.527936
16 0.370807 0.506196 0.439408 0.506196 0.439408 0.586590 0.370807 0.586590
16 0.303947 0.701675 0.367863 0.701675 0.367863 0.784614 0.303947 0.784614
16 0.173248 0.776789 0.240886 0.776789 0.240886 0.861283 0.173248 0.861283
