13 0.108219 0.770438 0.126781 0.770438 0.126781 0.803091 0.108219 0.803091 0.108219 0.770438
13 0.355229 0.769141 0.373791 0.769141 0.373791 0.801794 0.355229 0.801794 0.355229 0.769141
13 0.839705 0.770630 0.858266 0.770630 0.858266 0.803283 0.839705 0.803283 0.839705 0.770630
13 0.291553 0.235144 0.310114 0.235144 0.310114 0.267797 0.291553 0.267797 0.291553 0.235144
9 0.298581 0.258607 0.303086 0.244334 0.851238 0.779820 0.846733 0.794093 
9 0.117499 0.794928 0.117501 0.778601 0.848986 0.778793 0.848985 0.795120 
9 0.296859 0.247258 0.304808 0.255683 0.121475 0.790978 0.113525 0.782552 
9 0.296292 0.253147 0.305375 0.249795 0.369051 0.783791 0.359968 0.787143 
18 0.067516 0.223955 0.192174 0.223955 0.192174 0.363177 0.067516 0.363177
18 0.431893 0.205525 0.558739 0.205525 0.558739 0.343128 0.431893 0.343128
18 0.588811 0.623956 0.673531 0.623956 0.673531 0.762162 0.588811 0.762162
18 0.379804 0.616173 0.464295 0.616173 0.464295 0.777503 0.379804 0.777503
18 0.260586 0.643819 0.343124 0.643819 0.343124 0.773913 0.260586 0.773913
18 0.167820 0.829308 0.292873 0.829308 0.292873 0.966984 0.167820 0.966984
22 0.026931 0.702749 0.097413 0.702749 0.097413 0.847111 0.026931 0.847111
22 0.343575 0.830809 0.412869 0.830809 0.412869 0.975454 0.343575 0.975454
22 0.268814 0.070240 0.331185 0.070240 0.331185 0.216215 0.268814 0.216215
22 0.868042 0.697481 0.932288 0.697481 0.932288 0.845990 0.868042 0.845990
1 0.141531 0.285714 0.308585 0.285714 0.308585 0.473469 0.141531 0.473469
1 0.313225 0.277551 0.461717 0.277551 0.461717 0.436735 0.313225 0.436735
1 0.136891 0.685714 0.245940 0.685714 0.245940 0.820408 0.136891 0.820408
7 0.262446 0.288743 0.309631 0.288743 0.309631 0.400975 0.262446 0.400975
7 0.314239 0.290068 0.366317 0.290068 0.366317 0.398370 0.314239 0.398370
7 0.138922 0.686389 0.201386 0.686389 0.201386 0.773309 0.138922 0.773309
