13 0.475097 0.064867 0.500903 0.064867 0.500903 0.089712 0.475097 0.089712 0.475097 0.064867
13 0.013382 0.848017 0.039189 0.848017 0.039189 0.872862 0.013382 0.872862 0.013382 0.848017
13 0.474444 0.847468 0.500250 0.847468 0.500250 0.872312 0.474444 0.872312 0.474444 0.847468
13 0.935668 0.847468 0.961475 0.847468 0.961475 0.872312 0.935668 0.872312 0.935668 0.847468
9 0.026290 0.866651 0.026282 0.854228 0.948567 0.853679 0.948575 0.866101 
9 0.482387 0.080351 0.493613 0.074228 0.954185 0.856828 0.942958 0.862952 
9 0.482389 0.074223 0.493611 0.080355 0.031897 0.863506 0.020675 0.857374 
9 0.481548 0.077284 0.494452 0.077294 0.493799 0.859895 0.480895 0.859885 
18 0.660057 0.067595 0.815185 0.067595 0.815185 0.175646 0.660057 0.175646
7 0.499287 0.155481 0.535401 0.155481 0.535401 0.194919 0.499287 0.194919
19 0.166404 0.421926 0.232066 0.421926 0.232066 0.496969 0.166404 0.496969
19 0.402392 0.485578 0.470379 0.485578 0.470379 0.578603 0.402392 0.578603
18 0.708437 0.736109 0.863766 0.736109 0.863766 0.841962 0.708437 0.841962
12 0.468482 0.767084 0.581549 0.767084 0.581549 0.877510 0.468482 0.877510
19 0.232204 0.876738 0.304831 0.876738 0.304831 0.971632 0.232204 0.971632
1 0.493548 0.149068 0.729032 0.149068 0.729032 0.248447 0.493548 0.248447
