13 0.109942 0.724913 0.129843 0.724913 0.129843 0.753182 0.109942 0.753182 0.109942 0.724913
13 0.296501 0.612420 0.316402 0.612420 0.316402 0.640689 0.296501 0.640689 0.296501 0.612420
13 0.575231 0.901937 0.595132 0.901937 0.595132 0.930206 0.575231 0.930206 0.575231 0.901937
13 0.464907 0.730067 0.484808 0.730067 0.484808 0.758336 0.464907 0.758336 0.464907 0.730067
13 0.365050 0.565866 0.384950 0.565866 0.384950 0.594134 0.365050 0.594134 0.365050 0.565866
13 0.193086 0.297126 0.212986 0.297126 0.212986 0.325395 0.193086 0.325395 0.193086 0.297126
13 0.106985 0.159311 0.126886 0.159311 0.126886 0.187580 0.106985 0.187580 0.106985 0.159311
13 0.782388 0.308723 0.802289 0.308723 0.802289 0.336991 0.782388 0.336991 0.782388 0.308723
13 0.927550 0.214437 0.947450 0.214437 0.947450 0.242706 0.927550 0.242706 0.927550 0.214437
9 0.121894 0.745517 0.117891 0.732578 0.935498 0.222102 0.939502 0.235041 
9 0.113230 0.178160 0.120641 0.168730 0.588887 0.911356 0.581475 0.920786 
20 0.819655 0.153033 0.872320 0.153033 0.872320 0.266157 0.819655 0.266157
22 0.112451 0.316899 0.181560 0.316899 0.181560 0.434423 0.112451 0.434423
22 0.781674 0.365334 0.848838 0.365334 0.848838 0.484459 0.781674 0.484459
22 0.361050 0.427250 0.422689 0.427250 0.422689 0.544248 0.361050 0.544248
22 0.502541 0.659761 0.566833 0.659761 0.566833 0.778541 0.502541 0.778541
22 0.268745 0.673170 0.336783 0.673170 0.336783 0.790395 0.268745 0.790395
20 0.579341 0.772573 0.655054 0.772573 0.655054 0.866567 0.579341 0.866567
