13 0.210979 0.199449 0.229627 0.199449 0.229627 0.232236 0.210979 0.232236 0.210979 0.199449
13 0.210373 0.709284 0.229021 0.709284 0.229021 0.742071 0.210373 0.742071 0.210373 0.709284
13 0.528612 0.453114 0.547261 0.453114 0.547261 0.485901 0.528612 0.485901 0.528612 0.453114
13 0.844734 0.199472 0.863382 0.199472 0.863382 0.232259 0.844734 0.232259 0.844734 0.199472
13 0.846009 0.708987 0.864657 0.708987 0.864657 0.741774 0.846009 0.741774 0.846009 0.708987
9 0.221635 0.733133 0.217759 0.718223 0.852120 0.208411 0.855996 0.223321 
9 0.218367 0.223300 0.222239 0.208386 0.857269 0.717923 0.853398 0.732837 
9 0.219698 0.733875 0.219696 0.717481 0.855332 0.717183 0.855335 0.733577 
9 0.220303 0.224039 0.220303 0.207646 0.854058 0.207669 0.854058 0.224062 
9 0.215641 0.215826 0.224965 0.215860 0.224359 0.725695 0.215035 0.725661 
9 0.849396 0.215902 0.858720 0.215830 0.859995 0.725344 0.850671 0.725416 
12 0.206477 0.627130 0.272859 0.627130 0.272859 0.743052 0.206477 0.743052
22 0.866624 0.743904 0.920097 0.743904 0.920097 0.854093 0.866624 0.854093
22 0.153166 0.080544 0.210829 0.080544 0.210829 0.190013 0.153166 0.190013
22 0.151252 0.745921 0.210958 0.745921 0.210958 0.855644 0.151252 0.855644
22 0.867378 0.078872 0.921716 0.078872 0.921716 0.191930 0.867378 0.191930
