13 0.174697 0.265304 0.196377 0.265304 0.196377 0.295267 0.174697 0.295267 0.174697 0.265304
13 0.154449 0.790733 0.176129 0.790733 0.176129 0.820696 0.154449 0.820696 0.154449 0.790733
13 0.373457 0.790733 0.395138 0.790733 0.395138 0.820696 0.373457 0.820696 0.373457 0.790733
13 0.373944 0.428380 0.395624 0.428380 0.395624 0.458343 0.373944 0.458343 0.373944 0.428380
13 0.815982 0.791252 0.837662 0.791252 0.837662 0.821215 0.815982 0.821215 0.815982 0.791252
9 0.180125 0.279887 0.190950 0.280684 0.170702 0.806113 0.159877 0.805316 
9 0.182771 0.286727 0.188303 0.273844 0.829588 0.799792 0.824056 0.812676 
9 0.165286 0.813205 0.165292 0.798224 0.826825 0.798743 0.826819 0.813724 
9 0.379364 0.443347 0.390204 0.443375 0.389718 0.805728 0.378877 0.805700 
1 0.612466 0.408240 0.918699 0.408240 0.918699 0.666667 0.612466 0.666667
1 0.224932 0.097378 0.525745 0.097378 0.525745 0.352060 0.224932 0.352060
19 0.636734 0.551395 0.690241 0.551395 0.690241 0.639155 0.636734 0.639155
22 0.372602 0.303949 0.441794 0.303949 0.441794 0.410163 0.372602 0.410163
19 0.586295 0.827054 0.642069 0.827054 0.642069 0.931778 0.586295 0.931778
22 0.844353 0.753421 0.908046 0.753421 0.908046 0.866972 0.844353 0.866972
22 0.071784 0.818735 0.149890 0.818735 0.149890 0.932880 0.071784 0.932880
19 0.219704 0.830106 0.276289 0.830106 0.276289 0.933666 0.219704 0.933666
22 0.345696 0.821818 0.423054 0.821818 0.423054 0.938422 0.345696 0.938422
19 0.534256 0.302826 0.618981 0.302826 0.618981 0.423025 0.534256 0.423025
22 0.093650 0.147893 0.181613 0.147893 0.181613 0.260810 0.093650 0.260810
