13 0.049588 0.073051 0.077269 0.073051 0.077269 0.098528 0.049588 0.098528 0.049588 0.073051
13 0.464731 0.073774 0.492412 0.073774 0.492412 0.099252 0.464731 0.099252 0.464731 0.073774
13 0.881224 0.074821 0.908906 0.074821 0.908906 0.100299 0.881224 0.100299 0.881224 0.074821
13 0.052945 0.449761 0.080627 0.449761 0.080627 0.475239 0.052945 0.475239 0.052945 0.449761
13 0.467746 0.456267 0.495428 0.456267 0.495428 0.481745 0.467746 0.481745 0.467746 0.456267
13 0.881873 0.457875 0.909555 0.457875 0.909555 0.483353 0.881873 0.483353 0.881873 0.457875
13 0.049651 0.838431 0.077333 0.838431 0.077333 0.863908 0.049651 0.863908 0.049651 0.838431
13 0.882099 0.837954 0.909781 0.837954 0.909781 0.863431 0.882099 0.863431 0.882099 0.837954
13 0.468302 0.839646 0.495984 0.839646 0.495984 0.865124 0.468302 0.865124 0.468302 0.839646
9 0.063413 0.092159 0.063445 0.079420 0.895081 0.081190 0.895049 0.093929 
9 0.888145 0.087567 0.901985 0.087553 0.902860 0.850686 0.889019 0.850699 
9 0.063496 0.857539 0.063488 0.844800 0.895936 0.844323 0.895944 0.857062 
9 0.056508 0.085790 0.070349 0.085789 0.070412 0.851169 0.056572 0.851170 
9 0.471651 0.086559 0.485492 0.086467 0.488508 0.468960 0.474667 0.469052 
9 0.481558 0.475375 0.481617 0.462636 0.895743 0.464245 0.895685 0.476983 
3 0.896489 0.467485 0.874008 0.591477 0.809003 0.702033 0.708517 0.787172 0.583439 0.837668 0.447325 0.848049 0.314923 0.817190 0.200582 0.748434 0.116692 0.649234 0.072344 0.530339 0.072344 0.404632 0.116692 0.285736 0.200582 0.186536 0.314923 0.117781 0.447325 0.086921 0.583439 0.097302 0.708517 0.147798 0.809003 0.232937 0.874008 0.343493 0.896489 0.467485
12 0.461392 0.347687 0.615515 0.347687 0.615515 0.488288 0.461392 0.488288
