13 0.698540 0.148063 0.723937 0.148063 0.723937 0.172678 0.698540 0.172678 0.698540 0.148063
13 0.218226 0.160568 0.243623 0.160568 0.243623 0.185184 0.218226 0.185184 0.218226 0.160568
13 0.705104 0.473162 0.730501 0.473162 0.730501 0.497778 0.705104 0.497778 0.705104 0.473162
13 0.467974 0.478869 0.493371 0.478869 0.493371 0.503484 0.467974 0.503484 0.467974 0.478869
13 0.227302 0.484518 0.252698 0.484518 0.252698 0.509133 0.227302 0.509133 0.227302 0.484518
13 0.714921 0.795100 0.740317 0.795100 0.740317 0.819715 0.714921 0.819715 0.714921 0.795100
13 0.236041 0.805666 0.261438 0.805666 0.261438 0.830282 0.236041 0.830282 0.236041 0.805666
9 0.224577 0.173040 0.237271 0.172711 0.255086 0.817809 0.242393 0.818139 
9 0.240156 0.502977 0.239844 0.490673 0.717647 0.479318 0.717958 0.491622 
9 0.704891 0.160521 0.717585 0.160219 0.733966 0.807256 0.721272 0.807558 
3 0.890316 0.487412 0.868017 0.616931 0.803537 0.732414 0.703862 0.821348 0.579795 0.874094 0.444779 0.884938 0.313446 0.852703 0.200029 0.780883 0.116816 0.677262 0.072826 0.553067 0.072826 0.421757 0.116816 0.297562 0.200029 0.193940 0.313446 0.122120 0.444779 0.089886 0.579795 0.100729 0.703862 0.153476 0.803537 0.242409 0.868017 0.357893 0.890316 0.487412
22 0.148177 0.069364 0.229081 0.069364 0.229081 0.172068 0.148177 0.172068
22 0.741396 0.070623 0.825084 0.070623 0.825084 0.172576 0.741396 0.172576
22 0.419522 0.317306 0.510958 0.317306 0.510958 0.420784 0.419522 0.420784
12 0.594745 0.364078 0.735890 0.364078 0.735890 0.500882 0.594745 0.500882
2 0.372584 0.429099 0.428725 0.429099 0.428725 0.553631 0.372584 0.553631
2 0.531622 0.426806 0.587791 0.426806 0.587791 0.549507 0.531622 0.549507
12 0.218531 0.470309 0.363481 0.470309 0.363481 0.609948 0.218531 0.609948
22 0.132486 0.798440 0.217982 0.798440 0.217982 0.900517 0.132486 0.900517
22 0.724386 0.795574 0.806805 0.795574 0.806805 0.898441 0.724386 0.898441
19 0.741373 0.421242 0.854492 0.421242 0.854492 0.523095 0.741373 0.523095
