13 0.327129 0.467510 0.360602 0.467510 0.360602 0.514568 0.327129 0.514568 0.327129 0.467510
13 0.582451 0.823785 0.615923 0.823785 0.615923 0.870844 0.582451 0.870844 0.582451 0.823785
13 0.835444 0.468159 0.868917 0.468159 0.868917 0.515218 0.835444 0.515218 0.835444 0.468159
13 0.581547 0.111455 0.615020 0.111455 0.615020 0.158514 0.581547 0.158514 0.581547 0.111455
13 0.581547 0.469042 0.615020 0.469042 0.615020 0.516101 0.581547 0.516101 0.581547 0.469042
9 0.343858 0.502804 0.343873 0.479274 0.852188 0.479924 0.852173 0.503453 
9 0.589915 0.135005 0.606652 0.134963 0.607555 0.847293 0.590819 0.847335 
9 0.592368 0.143306 0.604199 0.126662 0.858096 0.483367 0.846265 0.500010 
9 0.605104 0.855634 0.593270 0.838995 0.846264 0.483369 0.858097 0.500008 
9 0.337970 0.499389 0.349761 0.482689 0.605082 0.838964 0.593292 0.855664 
9 0.349769 0.499377 0.337962 0.482701 0.592380 0.126646 0.604187 0.143322 
1 0.305439 0.147059 0.594142 0.147059 0.594142 0.370588 0.305439 0.370588
1 0.305439 0.488235 0.489540 0.488235 0.489540 0.870588 0.305439 0.870588
7 0.509942 0.267768 0.587158 0.267768 0.587158 0.355198 0.509942 0.355198
7 0.417566 0.491064 0.492275 0.491064 0.492275 0.597313 0.417566 0.597313
19 0.038612 0.794491 0.298430 0.794491 0.298430 0.935973 0.038612 0.935973
19 0.049839 0.084494 0.303263 0.084494 0.303263 0.228442 0.049839 0.228442
