13 0.125986 0.473919 0.151792 0.473919 0.151792 0.503223 0.125986 0.503223 0.125986 0.473919
13 0.218623 0.201589 0.244429 0.201589 0.244429 0.230893 0.218623 0.230893 0.218623 0.201589
13 0.840632 0.473919 0.866439 0.473919 0.866439 0.503223 0.840632 0.503223 0.840632 0.473919
9 0.225508 0.213601 0.237544 0.218880 0.144907 0.491211 0.132871 0.485932 
9 0.229205 0.223076 0.233847 0.209405 0.855856 0.481736 0.851214 0.495407 
9 0.138889 0.495897 0.138889 0.481245 0.853535 0.481245 0.853535 0.495897 
3 0.851598 0.486145 0.832152 0.618472 0.775921 0.736459 0.688999 0.827321 0.580806 0.881211 0.463065 0.892290 0.348536 0.859356 0.249629 0.785979 0.177064 0.680111 0.138702 0.553223 0.138702 0.419067 0.177064 0.292179 0.249629 0.186311 0.348536 0.112934 0.463065 0.080000 0.580806 0.091079 0.688999 0.144969 0.775921 0.235831 0.832152 0.353818 0.851598 0.486145
19 0.464565 0.213482 0.568218 0.213482 0.568218 0.317515 0.464565 0.317515
22 0.040152 0.443082 0.124221 0.443082 0.124221 0.551616 0.040152 0.551616
22 0.151963 0.108116 0.232869 0.108116 0.232869 0.216426 0.151963 0.216426
22 0.861401 0.442563 0.937553 0.442563 0.937553 0.548683 0.861401 0.548683
19 0.442620 0.500521 0.545753 0.500521 0.545753 0.604810 0.442620 0.604810
