13 0.151161 0.721538 0.188544 0.721538 0.188544 0.754324 0.151161 0.754324 0.151161 0.721538
13 0.893198 0.721348 0.930581 0.721348 0.930581 0.754135 0.893198 0.754135 0.893198 0.721348
13 0.149880 0.071107 0.187263 0.071107 0.187263 0.103893 0.149880 0.103893 0.149880 0.071107
9 0.169855 0.746128 0.169850 0.729734 0.911887 0.729545 0.911892 0.745939 
9 0.159226 0.087514 0.177917 0.087486 0.179198 0.737917 0.160506 0.737945 
9 0.161972 0.093303 0.175171 0.081697 0.918489 0.731938 0.905289 0.743545 
12 0.147558 0.639664 0.276889 0.639664 0.276889 0.758426 0.147558 0.758426
18 0.577790 0.610970 0.749325 0.610970 0.749325 0.717010 0.577790 0.717010
19 0.469249 0.759487 0.548147 0.759487 0.548147 0.851191 0.469249 0.851191
19 0.053016 0.376581 0.125558 0.376581 0.125558 0.452265 0.053016 0.452265
19 0.518733 0.292738 0.639885 0.292738 0.639885 0.390920 0.518733 0.390920
