13 0.123626 0.204747 0.142494 0.204747 0.142494 0.231063 0.123626 0.231063 0.123626 0.204747
13 0.905131 0.205304 0.923999 0.205304 0.923999 0.231619 0.905131 0.231619 0.905131 0.205304
13 0.215976 0.498271 0.234844 0.498271 0.234844 0.524586 0.215976 0.524586 0.215976 0.498271
13 0.857842 0.497611 0.876710 0.497611 0.876710 0.523927 0.857842 0.523927 0.857842 0.497611
13 0.303954 0.776175 0.322822 0.776175 0.322822 0.802491 0.303954 0.802491 0.303954 0.776175
13 0.812287 0.777046 0.831155 0.777046 0.831155 0.803362 0.812287 0.803362 0.812287 0.777046
9 0.313382 0.795912 0.313394 0.782754 0.821727 0.783625 0.821716 0.796783 
9 0.909964 0.217008 0.919165 0.219915 0.826322 0.791657 0.817121 0.788751 
9 0.133058 0.224484 0.133063 0.211326 0.914567 0.211883 0.914563 0.225040 
9 0.128743 0.220555 0.137377 0.215254 0.317705 0.786683 0.309071 0.791984 
9 0.225413 0.518008 0.225406 0.504850 0.867273 0.504190 0.867280 0.517348 
22 0.091369 0.076963 0.167852 0.076963 0.167852 0.190320 0.091369 0.190320
22 0.878879 0.079042 0.954256 0.079042 0.954256 0.189793 0.878879 0.189793
19 0.499252 0.087409 0.587248 0.087409 0.587248 0.194227 0.499252 0.194227
19 0.498121 0.383711 0.587381 0.383711 0.587381 0.490968 0.498121 0.490968
22 0.124213 0.461119 0.200351 0.461119 0.200351 0.571980 0.124213 0.571980
22 0.887235 0.458987 0.959486 0.458987 0.959486 0.572391 0.887235 0.572391
22 0.273321 0.808979 0.354904 0.808979 0.354904 0.922189 0.273321 0.922189
22 0.774624 0.808633 0.845356 0.808633 0.845356 0.920113 0.774624 0.920113
