13 0.197802 0.074961 0.219780 0.074961 0.219780 0.100039 0.197802 0.100039 0.197802 0.074961
13 0.197802 0.271836 0.219780 0.271836 0.219780 0.296914 0.197802 0.296914 0.197802 0.271836
13 0.703907 0.272877 0.725885 0.272877 0.725885 0.297956 0.703907 0.297956 0.703907 0.272877
13 0.703907 0.664544 0.725885 0.664544 0.725885 0.689623 0.703907 0.689623 0.703907 0.664544
13 0.197802 0.862461 0.219780 0.862461 0.219780 0.887539 0.197802 0.887539 0.197802 0.862461
9 0.199774 0.085317 0.210763 0.085306 0.211383 0.872897 0.200394 0.872908 
9 0.208266 0.878843 0.204752 0.866962 0.713139 0.671143 0.716654 0.683024 
9 0.204700 0.089109 0.208318 0.077269 0.716705 0.279496 0.713088 0.291337 
9 0.209617 0.289010 0.209603 0.276471 0.715643 0.275763 0.715657 0.288302 
9 0.707675 0.277886 0.718664 0.277886 0.718664 0.685282 0.707675 0.685282 
12 0.192308 0.216301 0.263736 0.216301 0.263736 0.297806 0.192308 0.297806
19 0.390110 0.300940 0.530220 0.300940 0.530220 0.379310 0.390110 0.379310
19 0.032967 0.432602 0.173077 0.432602 0.173077 0.510972 0.032967 0.510972
19 0.744505 0.432602 0.909341 0.432602 0.909341 0.514107 0.744505 0.514107
