13 0.921101 0.279710 0.938158 0.279710 0.938158 0.324155 0.921101 0.324155 0.921101 0.279710
13 0.794412 0.346576 0.811470 0.346576 0.811470 0.391020 0.794412 0.391020 0.794412 0.346576
13 0.394434 0.562802 0.411492 0.562802 0.411492 0.607246 0.394434 0.607246 0.394434 0.562802
13 0.194805 0.670361 0.211862 0.670361 0.211862 0.714805 0.194805 0.714805 0.194805 0.670361
13 0.068138 0.738647 0.085195 0.738647 0.085195 0.783092 0.068138 0.783092 0.068138 0.738647
13 0.648138 0.757317 0.665195 0.757317 0.665195 0.801762 0.648138 0.801762 0.648138 0.757317
9 0.077529 0.771751 0.075804 0.749988 0.928767 0.291051 0.930492 0.312814 
22 0.372802 0.307286 0.430440 0.307286 0.430440 0.505215 0.372802 0.505215
22 0.166847 0.426836 0.233906 0.426836 0.233906 0.620318 0.166847 0.620318
22 0.675770 0.693772 0.735052 0.693772 0.735052 0.897731 0.675770 0.897731
22 0.766334 0.088702 0.827309 0.088702 0.827309 0.290958 0.766334 0.290958
