13 0.243014 0.214166 0.263633 0.214166 0.263633 0.244016 0.243014 0.244016 0.243014 0.214166
13 0.737350 0.214548 0.757969 0.214548 0.757969 0.244399 0.737350 0.244399 0.737350 0.214548
13 0.119293 0.750789 0.139912 0.750789 0.139912 0.780640 0.119293 0.780640 0.119293 0.750789
13 0.862376 0.750789 0.882995 0.750789 0.882995 0.780640 0.862376 0.780640 0.862376 0.750789
13 0.365544 0.750269 0.386163 0.750269 0.386163 0.780120 0.365544 0.780120 0.365544 0.750269
9 0.253321 0.236554 0.253327 0.221628 0.747662 0.222011 0.747657 0.236936 
9 0.742776 0.231860 0.752544 0.227087 0.877570 0.763328 0.867802 0.768101 
9 0.129603 0.773177 0.129603 0.758252 0.872686 0.758252 0.872686 0.773177 
9 0.248434 0.226728 0.258213 0.231454 0.134492 0.768077 0.124713 0.763351 
9 0.248430 0.231435 0.258217 0.226747 0.380747 0.762850 0.370960 0.767539 
10 0.449317 0.179237 0.546338 0.179237 0.546338 0.273301 0.449317 0.273301
10 0.449382 0.712393 0.545474 0.712393 0.545474 0.807482 0.449382 0.807482
2 0.758912 0.449564 0.860789 0.449564 0.860789 0.539901 0.758912 0.539901
2 0.142031 0.448039 0.240645 0.448039 0.240645 0.541017 0.142031 0.541017
22 0.043480 0.762102 0.112507 0.762102 0.112507 0.895198 0.043480 0.895198
22 0.344816 0.791974 0.412254 0.791974 0.412254 0.927120 0.344816 0.927120
22 0.873119 0.753277 0.946234 0.753277 0.946234 0.889169 0.873119 0.889169
22 0.741508 0.068345 0.819842 0.068345 0.819842 0.199752 0.741508 0.199752
22 0.189616 0.066885 0.269403 0.066885 0.269403 0.196839 0.189616 0.196839
16 0.278883 0.613814 0.329331 0.613814 0.329331 0.741931 0.278883 0.741931
