13 0.215497 0.196559 0.240814 0.196559 0.240814 0.226298 0.215497 0.226298 0.215497 0.196559
13 0.365321 0.520455 0.390637 0.520455 0.390637 0.550195 0.365321 0.550195 0.365321 0.520455
13 0.681031 0.521987 0.706348 0.521987 0.706348 0.551727 0.681031 0.551727 0.681031 0.521987
13 0.517075 0.846082 0.542391 0.846082 0.542391 0.875822 0.517075 0.875822 0.517075 0.846082
9 0.688248 0.533059 0.699130 0.540655 0.535174 0.864751 0.524292 0.857154 
9 0.224919 0.217818 0.231392 0.205039 0.696926 0.530468 0.690453 0.543246 
9 0.222599 0.214989 0.233712 0.207868 0.535289 0.857392 0.524177 0.864512 
3 0.691983 0.536469 0.674829 0.657231 0.625225 0.764906 0.548546 0.847827 0.453103 0.897007 0.349237 0.907118 0.248204 0.877062 0.160953 0.810099 0.096938 0.713483 0.063097 0.597685 0.063097 0.475253 0.096938 0.359455 0.160953 0.262839 0.248204 0.195875 0.349237 0.165820 0.453103 0.175930 0.548546 0.225111 0.625225 0.308031 0.674829 0.415707 0.691983 0.536469
7 0.468855 0.338244 0.511458 0.338244 0.511458 0.380105 0.468855 0.380105
12 0.578629 0.478098 0.702500 0.478098 0.702500 0.620277 0.578629 0.620277
7 0.598548 0.705582 0.640079 0.705582 0.640079 0.746600 0.598548 0.746600
1 0.598101 0.698885 0.699367 0.698885 0.699367 0.780669 0.598101 0.780669
19 0.678421 0.173449 0.894930 0.173449 0.894930 0.291708 0.678421 0.291708
1 0.465190 0.226766 0.677215 0.226766 0.677215 0.390335 0.465190 0.390335
19 0.705658 0.720778 0.912683 0.720778 0.912683 0.839701 0.705658 0.839701
