13 0.269393 0.905759 0.295200 0.905759 0.295200 0.936647 0.269393 0.936647 0.269393 0.905759
13 0.298102 0.194782 0.323908 0.194782 0.323908 0.225670 0.298102 0.225670 0.298102 0.194782
13 0.885863 0.231173 0.911669 0.231173 0.911669 0.262061 0.885863 0.262061 0.885863 0.231173
9 0.286650 0.926902 0.277943 0.915504 0.894413 0.240917 0.903119 0.252316 
9 0.310671 0.217937 0.311338 0.202514 0.899099 0.238905 0.898433 0.254328 
9 0.304561 0.209853 0.317449 0.210598 0.288741 0.921576 0.275853 0.920830 
12 0.290515 0.187810 0.390483 0.187810 0.390483 0.309040 0.290515 0.309040
18 0.621941 0.269750 0.756848 0.269750 0.756848 0.386462 0.621941 0.386462
19 0.483949 0.068318 0.735128 0.068318 0.735128 0.201216 0.483949 0.201216
19 0.599982 0.617384 0.663684 0.617384 0.663684 0.707389 0.599982 0.707389
19 0.027532 0.497400 0.273500 0.497400 0.273500 0.632130 0.027532 0.632130
