13 0.312374 0.188029 0.334292 0.188029 0.334292 0.227633 0.312374 0.227633 0.312374 0.188029
13 0.113991 0.825945 0.135908 0.825945 0.135908 0.865549 0.113991 0.865549 0.113991 0.825945
13 0.313409 0.824818 0.335327 0.824818 0.335327 0.864422 0.313409 0.864422 0.313409 0.824818
13 0.720995 0.825233 0.742913 0.825233 0.742913 0.864837 0.720995 0.864837 0.720995 0.825233
13 0.919041 0.188029 0.940959 0.188029 0.940959 0.227633 0.919041 0.227633 0.919041 0.188029
9 0.124953 0.855648 0.124946 0.835846 0.731950 0.835134 0.731958 0.854936 
9 0.925222 0.202983 0.934778 0.212680 0.736732 0.849883 0.727176 0.840187 
9 0.323333 0.217732 0.323333 0.197930 0.930000 0.197930 0.930000 0.217732 
9 0.318556 0.202981 0.328110 0.212682 0.129726 0.850597 0.120173 0.840896 
9 0.317854 0.207860 0.328813 0.207802 0.329847 0.844591 0.318888 0.844649 
12 0.308460 0.711667 0.393674 0.711667 0.393674 0.866058 0.308460 0.866058
18 0.175368 0.673676 0.286732 0.673676 0.286732 0.822475 0.175368 0.822475
19 0.025472 0.434396 0.192524 0.434396 0.192524 0.575661 0.025472 0.575661
19 0.539666 0.048647 0.708476 0.048647 0.708476 0.185051 0.539666 0.185051
