13 0.284997 0.634471 0.296676 0.634471 0.296676 0.651243 0.284997 0.651243 0.284997 0.634471
13 0.340276 0.609471 0.351955 0.609471 0.351955 0.626243 0.340276 0.626243 0.340276 0.609471
13 0.456312 0.561410 0.467991 0.561410 0.467991 0.578182 0.456312 0.578182 0.456312 0.561410
13 0.611690 0.491614 0.623369 0.491614 0.623369 0.508386 0.611690 0.508386 0.611690 0.491614
13 0.881943 0.373519 0.893622 0.373519 0.893622 0.390291 0.881943 0.390291 0.881943 0.373519
13 0.336790 0.387533 0.348469 0.387533 0.348469 0.404304 0.336790 0.404304 0.336790 0.387533
13 0.424439 0.794471 0.436118 0.794471 0.436118 0.811243 0.424439 0.811243 0.424439 0.794471
9 0.291687 0.646868 0.289986 0.638846 0.886932 0.377894 0.888632 0.385916 
3 0.468529 0.640461 0.458848 0.723777 0.430853 0.798065 0.387578 0.855273 0.333713 0.889204 0.275095 0.896179 0.218075 0.875443 0.168834 0.829244 0.132706 0.762587 0.113607 0.682695 0.113607 0.598227 0.132706 0.518336 0.168834 0.451679 0.218075 0.405479 0.275095 0.384744 0.333713 0.391719 0.387578 0.425649 0.430853 0.482858 0.458848 0.557145 0.468529 0.640461
3 0.898387 0.494611 0.883049 0.626601 0.838699 0.744288 0.770143 0.834918 0.684809 0.888671 0.591945 0.899721 0.501615 0.866872 0.423606 0.793682 0.366372 0.688083 0.336116 0.561518 0.336116 0.427703 0.366372 0.301139 0.423606 0.195540 0.501615 0.122350 0.591945 0.089500 0.684809 0.100551 0.770143 0.154303 0.838699 0.244934 0.883049 0.362621 0.898387 0.494611
22 0.457575 0.441268 0.514887 0.441268 0.514887 0.532905 0.457575 0.532905
22 0.345972 0.489107 0.404068 0.489107 0.404068 0.581482 0.345972 0.581482
22 0.217911 0.647534 0.276661 0.647534 0.276661 0.741615 0.217911 0.741615
22 0.626601 0.507865 0.682093 0.507865 0.682093 0.603704 0.626601 0.603704
