13 0.059540 0.814960 0.082076 0.814960 0.082076 0.853984 0.059540 0.853984 0.059540 0.814960
13 0.627116 0.813734 0.649651 0.813734 0.649651 0.852758 0.627116 0.852758 0.627116 0.813734
13 0.811890 0.212158 0.834426 0.212158 0.834426 0.251182 0.811890 0.251182 0.811890 0.212158
13 0.244909 0.212212 0.267444 0.212212 0.267444 0.251236 0.244909 0.251236 0.244909 0.212212
9 0.070815 0.844228 0.070801 0.824716 0.638377 0.823490 0.638391 0.843002 
9 0.818184 0.227089 0.828132 0.236252 0.643358 0.837827 0.633410 0.828664 
9 0.256177 0.241480 0.256176 0.221968 0.823158 0.221914 0.823158 0.241426 
9 0.251204 0.227138 0.261149 0.236310 0.075781 0.839058 0.065835 0.829886 
19 0.756772 0.457682 0.982026 0.457682 0.982026 0.582902 0.756772 0.582902
19 0.241032 0.858436 0.447681 0.858436 0.447681 0.982966 0.241032 0.982966
19 0.066744 0.423159 0.144808 0.423159 0.144808 0.540997 0.066744 0.540997
19 0.465160 0.063931 0.544200 0.063931 0.544200 0.203532 0.465160 0.203532
