13 0.172969 0.507093 0.190668 0.507093 0.190668 0.527193 0.172969 0.527193 0.172969 0.507093
13 0.217792 0.316378 0.235491 0.316378 0.235491 0.336479 0.217792 0.336479 0.217792 0.316378
13 0.510342 0.507093 0.528041 0.507093 0.528041 0.527193 0.510342 0.527193 0.510342 0.507093
9 0.224439 0.330787 0.228844 0.322070 0.521395 0.512785 0.516989 0.521501 
9 0.181818 0.522168 0.181818 0.512118 0.519192 0.512118 0.519192 0.522168 
3 0.848317 0.514621 0.830193 0.637975 0.777782 0.747961 0.696766 0.832661 0.595922 0.882896 0.486180 0.893223 0.379432 0.862523 0.287245 0.794123 0.219609 0.695434 0.183853 0.577151 0.183853 0.452092 0.219609 0.333809 0.287245 0.235120 0.379432 0.166720 0.486180 0.136019 0.595922 0.146347 0.696766 0.196582 0.777782 0.281282 0.830193 0.391268 0.848317 0.514621
22 0.132123 0.227888 0.215168 0.227888 0.215168 0.337179 0.132123 0.337179
22 0.542091 0.474794 0.627228 0.474794 0.627228 0.584943 0.542091 0.584943
22 0.079427 0.468857 0.154614 0.468857 0.154614 0.575329 0.079427 0.575329
18 0.207199 0.399445 0.341131 0.399445 0.341131 0.506703 0.207199 0.506703
19 0.358790 0.298204 0.493941 0.298204 0.493941 0.402196 0.358790 0.402196
