13 0.201465 0.187461 0.225346 0.187461 0.225346 0.212539 0.201465 0.212539 0.201465 0.187461
13 0.485161 0.188223 0.509042 0.188223 0.509042 0.213301 0.485161 0.213301 0.485161 0.188223
13 0.766592 0.185318 0.790473 0.185318 0.790473 0.210396 0.766592 0.210396 0.766592 0.185318
13 0.485342 0.471542 0.509223 0.471542 0.509223 0.496621 0.485342 0.496621 0.485342 0.471542
13 0.811429 0.701747 0.835310 0.701747 0.835310 0.726825 0.811429 0.726825 0.811429 0.701747
9 0.213427 0.206270 0.213384 0.193730 0.778511 0.191588 0.778554 0.204127 
9 0.491131 0.200766 0.503072 0.200758 0.503253 0.484077 0.491312 0.484086 
9 0.493952 0.489285 0.500613 0.478878 0.826700 0.709083 0.820039 0.719489 
3 0.888310 0.483228 0.866968 0.617538 0.805255 0.737293 0.709859 0.829517 0.591116 0.884214 0.461896 0.895459 0.336200 0.862032 0.227650 0.787556 0.148009 0.680101 0.105907 0.551312 0.105907 0.415145 0.148009 0.286356 0.227650 0.178901 0.336200 0.104424 0.461896 0.070997 0.591116 0.082242 0.709859 0.136940 0.805255 0.229163 0.866968 0.348918 0.888310 0.483228
12 0.480546 0.181661 0.585063 0.181661 0.585063 0.289396 0.480546 0.289396
19 0.458995 0.086286 0.530393 0.086286 0.530393 0.185804 0.458995 0.185804
19 0.321077 0.278891 0.470166 0.278891 0.470166 0.389061 0.321077 0.389061
19 0.542582 0.588061 0.614843 0.588061 0.614843 0.675574 0.542582 0.675574
22 0.388431 0.492316 0.483004 0.492316 0.483004 0.606173 0.388431 0.606173
