13 0.484788 0.036970 0.505145 0.036970 0.505145 0.071602 0.484788 0.071602 0.484788 0.036970
13 0.483292 0.454499 0.503648 0.454499 0.503648 0.489131 0.483292 0.489131 0.483292 0.454499
13 0.006905 0.858701 0.027262 0.858701 0.027262 0.893333 0.006905 0.893333 0.006905 0.858701
13 0.960114 0.859155 0.980470 0.859155 0.980470 0.893787 0.960114 0.893787 0.960114 0.859155
9 0.019355 0.883765 0.014812 0.868269 0.491199 0.464067 0.495741 0.479563 
9 0.491198 0.479562 0.495742 0.464067 0.972564 0.868723 0.968021 0.884218 
9 0.491338 0.060357 0.498595 0.048215 0.973920 0.870399 0.966664 0.882542 
9 0.491349 0.048196 0.498584 0.060375 0.020701 0.882107 0.013466 0.869928 
2 0.227682 0.378777 0.311354 0.378777 0.311354 0.510207 0.227682 0.510207
2 0.681805 0.377795 0.765298 0.377795 0.765298 0.510209 0.681805 0.510209
5 0.621602 0.528808 0.703758 0.528808 0.703758 0.696129 0.621602 0.696129
5 0.290404 0.528124 0.371267 0.528124 0.371267 0.696024 0.290404 0.696024
