13 0.097391 0.572990 0.116214 0.572990 0.116214 0.604610 0.097391 0.604610 0.097391 0.572990
13 0.238578 0.572242 0.257402 0.572242 0.257402 0.603862 0.238578 0.603862 0.238578 0.572242
13 0.377456 0.798103 0.396280 0.798103 0.396280 0.829723 0.377456 0.829723 0.377456 0.798103
13 0.377627 0.569152 0.396451 0.569152 0.396451 0.600773 0.377627 0.600773 0.377627 0.569152
13 0.378343 0.144190 0.397167 0.144190 0.397167 0.175810 0.378343 0.175810 0.378343 0.144190
13 0.632636 0.569224 0.651459 0.569224 0.651459 0.600844 0.632636 0.600844 0.632636 0.569224
13 0.894358 0.568714 0.913182 0.568714 0.913182 0.600334 0.894358 0.600334 0.894358 0.568714
9 0.104772 0.595931 0.108834 0.581669 0.388899 0.806782 0.384837 0.821044 
9 0.383049 0.159982 0.392461 0.160018 0.391574 0.813931 0.382162 0.813895 
9 0.244717 0.593731 0.251263 0.582372 0.390141 0.808234 0.383595 0.819593 
9 0.106818 0.596705 0.106788 0.580895 0.903755 0.576619 0.903785 0.592429 
9 0.384436 0.165604 0.391074 0.154396 0.645367 0.579430 0.638728 0.590638 
9 0.385685 0.167099 0.389825 0.152901 0.905840 0.577424 0.901700 0.591623 
12 0.376163 0.492322 0.440478 0.492322 0.440478 0.602499 0.376163 0.602499
5 0.492183 0.520148 0.544023 0.520148 0.544023 0.652581 0.492183 0.652581
5 0.709729 0.520558 0.759912 0.520558 0.759912 0.651742 0.709729 0.651742
0 0.807719 0.509603 0.834636 0.509603 0.834636 0.596715 0.807719 0.596715
0 0.155137 0.572477 0.176752 0.572477 0.176752 0.645915 0.155137 0.645915
2 0.179929 0.522334 0.211368 0.522334 0.211368 0.646552 0.179929 0.646552
2 0.313516 0.522469 0.346832 0.522469 0.346832 0.649466 0.313516 0.649466
22 0.362244 0.035243 0.421008 0.035243 0.421008 0.136349 0.362244 0.136349
22 0.394629 0.602599 0.446175 0.602599 0.446175 0.700888 0.394629 0.700888
22 0.072558 0.470689 0.126437 0.470689 0.126437 0.570414 0.072558 0.570414
22 0.224170 0.467659 0.288936 0.467659 0.288936 0.569536 0.224170 0.569536
22 0.616097 0.602533 0.675756 0.602533 0.675756 0.704690 0.616097 0.704690
22 0.361572 0.829080 0.416427 0.829080 0.416427 0.932012 0.361572 0.932012
22 0.884358 0.600961 0.941839 0.600961 0.941839 0.704105 0.884358 0.704105
