13 0.034605 0.533491 0.059145 0.533491 0.059145 0.569366 0.034605 0.569366 0.034605 0.533491
13 0.173277 0.869002 0.197817 0.869002 0.197817 0.904876 0.173277 0.904876 0.173277 0.869002
13 0.538511 0.402063 0.563051 0.402063 0.563051 0.437937 0.538511 0.437937 0.538511 0.402063
13 0.795673 0.072348 0.820213 0.072348 0.820213 0.108223 0.795673 0.108223 0.795673 0.072348
13 0.478301 0.263639 0.502841 0.263639 0.502841 0.299514 0.478301 0.299514 0.478301 0.263639
9 0.189588 0.893686 0.181505 0.880191 0.803901 0.083538 0.811984 0.097033 
9 0.049224 0.559714 0.044526 0.543143 0.805594 0.082001 0.810292 0.098571 
3 0.563138 0.551514 0.549124 0.674283 0.508601 0.783749 0.445960 0.868048 0.367990 0.918046 0.283139 0.928324 0.200603 0.897769 0.129325 0.829692 0.077030 0.731470 0.049385 0.613747 0.049385 0.489280 0.077030 0.371557 0.129325 0.273335 0.200603 0.205258 0.283139 0.174703 0.367990 0.184982 0.445960 0.234980 0.508601 0.319279 0.549124 0.428744 0.563138 0.551514
19 0.303294 0.716488 0.480366 0.716488 0.480366 0.824405 0.303294 0.824405
19 0.588085 0.086161 0.638969 0.086161 0.638969 0.173341 0.588085 0.173341
19 0.670090 0.263672 0.721588 0.263672 0.721588 0.371252 0.670090 0.371252
19 0.222891 0.267667 0.305405 0.267667 0.305405 0.375664 0.222891 0.375664
