13 0.103191 0.910390 0.144428 0.910390 0.144428 0.944432 0.103191 0.944432 0.103191 0.910390
13 0.050048 0.118042 0.091285 0.118042 0.091285 0.152084 0.050048 0.152084 0.050048 0.118042
13 0.899708 0.240795 0.940945 0.240795 0.940945 0.274838 0.899708 0.274838 0.899708 0.240795
9 0.912971 0.251854 0.927682 0.263780 0.131165 0.933374 0.116454 0.921448 
9 0.060373 0.135533 0.080960 0.134592 0.134103 0.926940 0.113516 0.927881 
9 0.068889 0.143446 0.072444 0.126680 0.922104 0.249433 0.918549 0.266200 
18 0.127820 0.665325 0.331273 0.665325 0.331273 0.787879 0.127820 0.787879
19 0.433410 0.049551 0.598847 0.049551 0.598847 0.167867 0.433410 0.167867
19 0.523274 0.613066 0.684244 0.613066 0.684244 0.730359 0.523274 0.730359
18 0.113547 0.195791 0.243381 0.195791 0.243381 0.319954 0.113547 0.319954
