13 0.454318 0.858323 0.478342 0.858323 0.478342 0.891518 0.454318 0.891518 0.454318 0.858323
13 0.468398 0.482873 0.492422 0.482873 0.492422 0.516068 0.468398 0.516068 0.468398 0.482873
13 0.840605 0.509831 0.864629 0.509831 0.864629 0.543026 0.840605 0.543026 0.840605 0.509831
13 0.097492 0.457688 0.121516 0.457688 0.121516 0.490883 0.097492 0.490883 0.097492 0.457688
13 0.482172 0.096630 0.506196 0.096630 0.506196 0.129825 0.482172 0.129825 0.482172 0.096630
9 0.488186 0.112809 0.500183 0.113646 0.472328 0.875339 0.460332 0.874502 
9 0.109200 0.482574 0.109809 0.465998 0.852922 0.518140 0.852312 0.534717 
20 0.523459 0.092949 0.603387 0.092949 0.603387 0.225784 0.523459 0.225784
2 0.266208 0.400120 0.324005 0.400120 0.324005 0.573594 0.266208 0.573594
22 0.055193 0.527237 0.149938 0.527237 0.149938 0.666958 0.055193 0.666958
22 0.502479 0.562341 0.608149 0.562341 0.608149 0.697131 0.502479 0.697131
22 0.803981 0.581334 0.892506 0.581334 0.892506 0.717346 0.803981 0.717346
12 0.462891 0.343159 0.598937 0.343159 0.598937 0.531871 0.462891 0.531871
2 0.636325 0.423250 0.695296 0.423250 0.695296 0.601690 0.636325 0.601690
