13 0.106772 0.384939 0.133528 0.384939 0.133528 0.413716 0.106772 0.413716 0.106772 0.384939
13 0.296315 0.382754 0.323071 0.382754 0.323071 0.411531 0.296315 0.411531 0.296315 0.382754
13 0.807101 0.382040 0.833857 0.382040 0.833857 0.410817 0.807101 0.410817 0.807101 0.382040
13 0.240611 0.601802 0.267367 0.601802 0.267367 0.630579 0.240611 0.630579 0.240611 0.601802
13 0.399521 0.864540 0.426277 0.864540 0.426277 0.893317 0.399521 0.893317 0.399521 0.864540
9 0.120176 0.406522 0.120124 0.392134 0.820453 0.389234 0.820504 0.403623 
9 0.114559 0.403276 0.125742 0.395379 0.418491 0.874980 0.407307 0.882877 
3 0.873127 0.586549 0.856222 0.695510 0.807338 0.792664 0.731772 0.867482 0.637713 0.911856 0.535354 0.920979 0.435788 0.893860 0.349803 0.833440 0.286717 0.746265 0.253368 0.641783 0.253368 0.531315 0.286717 0.426832 0.349803 0.339657 0.435788 0.279237 0.535354 0.252118 0.637713 0.261241 0.731772 0.305615 0.807338 0.380433 0.856222 0.477587 0.873127 0.586549
19 0.147104 0.260448 0.272009 0.260448 0.272009 0.375255 0.147104 0.375255
19 0.056398 0.503231 0.179631 0.503231 0.179631 0.622308 0.056398 0.622308
1 0.107023 0.122302 0.424749 0.122302 0.424749 0.197842 0.107023 0.197842
1 0.521739 0.115108 0.846154 0.115108 0.846154 0.201439 0.521739 0.201439
19 0.341336 0.622261 0.472954 0.622261 0.472954 0.740667 0.341336 0.740667
19 0.432995 0.107243 0.527967 0.107243 0.527967 0.215790 0.432995 0.215790
8 0.100717 0.123215 0.202891 0.123215 0.202891 0.195074 0.100717 0.195074
8 0.738733 0.126345 0.844903 0.126345 0.844903 0.201879 0.738733 0.201879
