13 0.273338 0.871008 0.293591 0.871008 0.293591 0.900420 0.273338 0.900420 0.273338 0.871008
13 0.919836 0.838828 0.940089 0.838828 0.940089 0.868240 0.919836 0.868240 0.919836 0.838828
13 0.765927 0.101933 0.786180 0.101933 0.786180 0.131345 0.765927 0.131345 0.765927 0.101933
13 0.480687 0.093321 0.500940 0.093321 0.500940 0.122733 0.480687 0.122733 0.480687 0.093321
9 0.486092 0.105372 0.495535 0.110682 0.288186 0.888369 0.278743 0.883059 
9 0.490708 0.115379 0.490919 0.100676 0.776159 0.109287 0.775948 0.123990 
9 0.771208 0.118773 0.780899 0.114504 0.934808 0.851400 0.925117 0.855668 
9 0.283638 0.893063 0.283291 0.878366 0.929789 0.846185 0.930136 0.860882 
18 0.607994 0.143751 0.765233 0.143751 0.765233 0.264275 0.607994 0.264275
18 0.751348 0.714863 0.891964 0.714863 0.891964 0.836955 0.751348 0.836955
18 0.331937 0.737152 0.457037 0.737152 0.457037 0.856793 0.331937 0.856793
18 0.027459 0.215270 0.407430 0.215270 0.407430 0.367470 0.027459 0.367470
7 0.496056 0.119104 0.554569 0.119104 0.554569 0.235909 0.496056 0.235909
1 0.389873 0.110294 0.559494 0.110294 0.559494 0.345588 0.389873 0.345588
