13 0.495103 0.213127 0.517142 0.213127 0.517142 0.244015 0.495103 0.244015 0.495103 0.213127
13 0.120150 0.767413 0.142188 0.767413 0.142188 0.798301 0.120150 0.798301 0.120150 0.767413
13 0.494695 0.767127 0.516734 0.767127 0.516734 0.798015 0.494695 0.798015 0.494695 0.767127
13 0.866940 0.767127 0.888978 0.767127 0.888978 0.798015 0.866940 0.798015 0.866940 0.767127
9 0.502109 0.233862 0.510136 0.223280 0.881972 0.777280 0.873946 0.787862 
9 0.131170 0.790579 0.131167 0.775135 0.877958 0.774849 0.877961 0.790293 
9 0.502124 0.223259 0.510121 0.233884 0.135167 0.788170 0.127171 0.777544 
9 0.500613 0.228563 0.511632 0.228579 0.511224 0.782579 0.500205 0.782563 
2 0.272439 0.441631 0.363312 0.441631 0.363312 0.562328 0.272439 0.562328
2 0.645448 0.443067 0.737634 0.443067 0.737634 0.562350 0.645448 0.562350
22 0.468174 0.812162 0.541962 0.812162 0.541962 0.949601 0.468174 0.949601
22 0.897960 0.727957 0.974446 0.727957 0.974446 0.868730 0.897960 0.868730
22 0.032100 0.737420 0.114854 0.737420 0.114854 0.873289 0.032100 0.873289
22 0.470644 0.055915 0.553597 0.055915 0.553597 0.191589 0.470644 0.191589
