13 0.043564 0.709870 0.063268 0.709870 0.063268 0.735844 0.043564 0.735844 0.043564 0.709870
13 0.323300 0.891299 0.343004 0.891299 0.343004 0.917273 0.323300 0.917273 0.323300 0.891299
13 0.324061 0.708156 0.343765 0.708156 0.343765 0.734130 0.324061 0.734130 0.324061 0.708156
13 0.906297 0.709870 0.926001 0.709870 0.926001 0.735844 0.906297 0.735844 0.906297 0.709870
13 0.911887 0.267013 0.931591 0.267013 0.931591 0.292987 0.911887 0.292987 0.911887 0.267013
13 0.327104 0.055584 0.346809 0.055584 0.346809 0.081558 0.327104 0.081558 0.327104 0.055584
9 0.332031 0.068532 0.341883 0.068610 0.338078 0.904325 0.328226 0.904247 
9 0.053416 0.729351 0.053416 0.716364 0.916149 0.716364 0.916149 0.729351 
9 0.336350 0.726786 0.331476 0.715500 0.919302 0.274357 0.924176 0.285643 
20 0.370301 0.053587 0.429102 0.053587 0.429102 0.162908 0.370301 0.162908
16 0.355676 0.535527 0.408737 0.535527 0.408737 0.643517 0.355676 0.643517
20 0.860650 0.569328 0.919965 0.569328 0.919965 0.677990 0.860650 0.677990
16 0.258729 0.593106 0.316201 0.593106 0.316201 0.700328 0.258729 0.700328
16 0.474240 0.610042 0.532748 0.610042 0.532748 0.713432 0.474240 0.713432
