13 0.555542 0.917773 0.575055 0.917773 0.575055 0.947624 0.555542 0.947624 0.555542 0.917773
13 0.523487 0.630269 0.542999 0.630269 0.542999 0.660120 0.523487 0.660120 0.523487 0.630269
13 0.918105 0.628884 0.937617 0.628884 0.937617 0.658735 0.918105 0.658735 0.918105 0.628884
13 0.914788 0.347932 0.934300 0.347932 0.934300 0.377783 0.914788 0.377783 0.914788 0.347932
13 0.490244 0.350789 0.509756 0.350789 0.509756 0.380640 0.490244 0.380640 0.490244 0.350789
13 0.458037 0.050639 0.477549 0.050639 0.477549 0.080489 0.458037 0.080489 0.458037 0.050639
13 0.040173 0.352149 0.059685 0.352149 0.059685 0.382000 0.040173 0.382000 0.040173 0.352149
13 0.043416 0.626503 0.062928 0.626503 0.062928 0.656354 0.043416 0.656354 0.043416 0.626503
9 0.462985 0.066829 0.472600 0.064299 0.570106 0.931433 0.560491 0.933964 
9 0.049944 0.374537 0.049914 0.359612 0.924529 0.355394 0.924559 0.370320 
9 0.053163 0.648891 0.053180 0.633966 0.927869 0.636347 0.927852 0.651272 
20 0.391839 0.074267 0.446052 0.074267 0.446052 0.170826 0.391839 0.170826
20 0.872617 0.207343 0.929659 0.207343 0.929659 0.329669 0.872617 0.329669
20 0.866950 0.683701 0.918954 0.683701 0.918954 0.822756 0.866950 0.822756
18 0.515128 0.212213 0.631658 0.212213 0.631658 0.331376 0.515128 0.331376
18 0.412677 0.676011 0.529811 0.676011 0.529811 0.796775 0.412677 0.796775
