13 0.130170 0.178779 0.152330 0.178779 0.152330 0.221789 0.130170 0.221789 0.130170 0.178779
13 0.314980 0.751222 0.337141 0.751222 0.337141 0.794233 0.314980 0.794233 0.314980 0.751222
13 0.856966 0.749431 0.879126 0.749431 0.879126 0.792441 0.856966 0.792441 0.856966 0.749431
13 0.672670 0.180808 0.694830 0.180808 0.694830 0.223819 0.672670 0.223819 0.672670 0.180808
9 0.141239 0.211037 0.141261 0.189531 0.683761 0.191561 0.683739 0.213066 
9 0.136555 0.205993 0.145945 0.194575 0.330755 0.767018 0.321366 0.778437 
9 0.326070 0.783480 0.326051 0.761975 0.868037 0.760183 0.868055 0.781689 
9 0.679061 0.208039 0.688439 0.196588 0.872735 0.765211 0.863356 0.776661 
19 0.506375 0.789205 0.697592 0.789205 0.697592 0.936490 0.506375 0.936490
19 0.019549 0.432729 0.211955 0.432729 0.211955 0.566482 0.019549 0.566482
19 0.323669 0.018080 0.514418 0.018080 0.514418 0.166382 0.323669 0.166382
19 0.789757 0.364710 0.949916 0.364710 0.949916 0.491855 0.789757 0.491855
