13 0.413494 0.045115 0.435533 0.045115 0.435533 0.077636 0.413494 0.077636 0.413494 0.045115
13 0.058980 0.821471 0.081019 0.821471 0.081019 0.853992 0.058980 0.853992 0.058980 0.821471
13 0.413494 0.819805 0.435533 0.819805 0.435533 0.852326 0.413494 0.852326 0.413494 0.819805
13 0.938133 0.824365 0.960172 0.824365 0.960172 0.856885 0.938133 0.856885 0.938133 0.824365
9 0.071791 0.844158 0.071831 0.827898 0.949172 0.832495 0.949133 0.848755 
9 0.419544 0.071707 0.427331 0.060201 0.953046 0.834872 0.945259 0.846378 
9 0.416394 0.062321 0.425529 0.071414 0.075140 0.837834 0.066005 0.828741 
9 0.416690 0.062370 0.427709 0.062230 0.432265 0.840555 0.421246 0.840695 
12 0.366391 0.752033 0.438017 0.752033 0.438017 0.857724 0.366391 0.857724
19 0.446281 0.394309 0.586777 0.394309 0.586777 0.495935 0.446281 0.495935
19 0.192837 0.865854 0.333333 0.865854 0.333333 0.959350 0.192837 0.959350
19 0.625344 0.861789 0.768595 0.861789 0.768595 0.959350 0.625344 0.959350
