13 0.233555 0.126711 0.256544 0.126711 0.256544 0.153289 0.233555 0.153289 0.233555 0.126711
13 0.364850 0.122816 0.387838 0.122816 0.387838 0.149394 0.364850 0.149394 0.364850 0.122816
13 0.495551 0.124960 0.518539 0.124960 0.518539 0.151538 0.495551 0.151538 0.495551 0.124960
13 0.050937 0.337187 0.073925 0.337187 0.073925 0.363765 0.050937 0.363765 0.050937 0.337187
13 0.675843 0.336185 0.698831 0.336185 0.698831 0.362763 0.675843 0.362763 0.675843 0.336185
13 0.364850 0.487193 0.387838 0.487193 0.387838 0.513771 0.364850 0.513771 0.364850 0.487193
13 0.050387 0.638140 0.073375 0.638140 0.073375 0.664718 0.050387 0.664718 0.050387 0.638140
13 0.676075 0.637822 0.699063 0.637822 0.699063 0.664400 0.676075 0.664400 0.676075 0.637822
13 0.233946 0.850170 0.256935 0.850170 0.256935 0.876748 0.233946 0.876748 0.233946 0.850170
13 0.492081 0.850203 0.515070 0.850203 0.515070 0.876781 0.492081 0.876781 0.492081 0.850203
9 0.244696 0.144893 0.244737 0.131604 0.507065 0.132676 0.507025 0.145965 
9 0.502971 0.144007 0.511119 0.134634 0.693729 0.346830 0.685581 0.356203 
9 0.683908 0.344872 0.695402 0.344872 0.695402 0.656093 0.683908 0.656093 
9 0.685581 0.643690 0.693729 0.653063 0.511119 0.865259 0.502971 0.855886 
9 0.506077 0.853928 0.506159 0.867217 0.244757 0.869360 0.244676 0.856071 
9 0.248811 0.858053 0.240622 0.867378 0.058012 0.653039 0.066200 0.643714 
9 0.056359 0.641732 0.067853 0.641732 0.067853 0.358161 0.056359 0.358161 
9 0.066190 0.356191 0.058022 0.346842 0.240632 0.133574 0.248801 0.142923 
9 0.371524 0.139301 0.383018 0.139340 0.382091 0.498359 0.370597 0.498319 
12 0.265746 0.116604 0.395045 0.116604 0.395045 0.265714 0.265746 0.265714
7 0.399165 0.285050 0.496462 0.285050 0.496462 0.362127 0.399165 0.362127
19 0.709868 0.445132 0.849977 0.445132 0.849977 0.559373 0.709868 0.559373
19 0.723368 0.145905 0.938878 0.145905 0.938878 0.262941 0.723368 0.262941
1 0.399425 0.189369 0.718391 0.189369 0.718391 0.372093 0.399425 0.372093
