13 0.360110 0.245390 0.375890 0.245390 0.375890 0.273658 0.360110 0.273658 0.360110 0.245390
13 0.747735 0.498515 0.763515 0.498515 0.763515 0.526783 0.747735 0.526783 0.747735 0.498515
13 0.113777 0.753723 0.129556 0.753723 0.129556 0.781991 0.113777 0.781991 0.113777 0.753723
13 0.627444 0.756104 0.643223 0.756104 0.643223 0.784372 0.627444 0.784372 0.627444 0.756104
13 0.868777 0.756699 0.884556 0.756699 0.884556 0.784968 0.868777 0.784968 0.868777 0.756699
9 0.121658 0.774924 0.121675 0.760790 0.876675 0.763766 0.876658 0.777900 
9 0.752604 0.517194 0.758646 0.508104 0.879687 0.766288 0.873646 0.775379 
9 0.752599 0.508114 0.758651 0.517184 0.638359 0.774773 0.632308 0.765703 
9 0.365123 0.264358 0.370877 0.254690 0.638211 0.765404 0.632456 0.775072 
9 0.365021 0.254891 0.370979 0.264157 0.124645 0.772490 0.118688 0.763224 
22 0.343913 0.097572 0.399491 0.097572 0.399491 0.227903 0.343913 0.227903
22 0.730179 0.356219 0.792361 0.356219 0.792361 0.485736 0.730179 0.485736
22 0.886861 0.743417 0.947585 0.743417 0.947585 0.875848 0.886861 0.875848
22 0.605469 0.796817 0.664572 0.796817 0.664572 0.929507 0.605469 0.929507
22 0.045413 0.740567 0.108168 0.740567 0.108168 0.868601 0.045413 0.868601
10 0.210147 0.452209 0.277549 0.452209 0.277549 0.572943 0.210147 0.572943
10 0.660795 0.581332 0.726216 0.581332 0.726216 0.700199 0.660795 0.700199
6 0.445541 0.403558 0.559458 0.403558 0.559458 0.625751 0.445541 0.625751
6 0.769155 0.539891 0.877191 0.539891 0.877191 0.762784 0.769155 0.762784
