13 0.222227 0.396797 0.252530 0.396797 0.252530 0.446486 0.222227 0.446486 0.222227 0.396797
13 0.563478 0.395473 0.593781 0.395473 0.593781 0.445162 0.563478 0.445162 0.563478 0.395473
13 0.390434 0.397074 0.420737 0.397074 0.420737 0.446764 0.390434 0.446764 0.390434 0.397074
13 0.051816 0.389033 0.082119 0.389033 0.082119 0.438722 0.051816 0.438722 0.051816 0.389033
13 0.222335 0.119010 0.252638 0.119010 0.252638 0.168700 0.222335 0.168700 0.222335 0.119010
13 0.560034 0.119173 0.590337 0.119173 0.590337 0.168863 0.560034 0.168863 0.560034 0.119173
13 0.730702 0.393080 0.761005 0.393080 0.761005 0.442769 0.730702 0.442769 0.730702 0.393080
13 0.558951 0.673893 0.589254 0.673893 0.589254 0.723582 0.558951 0.723582 0.558951 0.673893
13 0.221530 0.674226 0.251833 0.674226 0.251833 0.723915 0.221530 0.723915 0.221530 0.674226
13 0.052188 0.675563 0.082491 0.675563 0.082491 0.725253 0.052188 0.725253 0.052188 0.675563
13 0.051429 0.115901 0.081732 0.115901 0.081732 0.165590 0.051429 0.165590 0.051429 0.115901
13 0.729782 0.115563 0.760085 0.115563 0.760085 0.165253 0.729782 0.165253 0.729782 0.115563
13 0.729259 0.674322 0.759562 0.674322 0.759562 0.724011 0.729259 0.724011 0.729259 0.674322
9 0.237397 0.434064 0.237361 0.409219 0.578612 0.407895 0.578647 0.432740 
9 0.066583 0.153168 0.066579 0.128323 0.744931 0.127986 0.744936 0.152831 
9 0.737358 0.140389 0.752509 0.140427 0.751986 0.699186 0.736835 0.699148 
9 0.067348 0.712831 0.067331 0.687986 0.744402 0.686744 0.744419 0.711589 
9 0.059005 0.140773 0.074157 0.140718 0.074916 0.700381 0.059764 0.700436 
3 0.741541 0.415648 0.732454 0.504941 0.706179 0.584557 0.665561 0.645869 0.615003 0.682233 0.559984 0.689709 0.506465 0.667486 0.460247 0.617972 0.426338 0.546534 0.408412 0.460912 0.408412 0.370385 0.426338 0.284763 0.460247 0.213324 0.506465 0.163811 0.559984 0.141587 0.615003 0.149063 0.665561 0.185427 0.706179 0.246740 0.732454 0.326356 0.741541 0.415648
3 0.402521 0.415498 0.393462 0.504511 0.367269 0.583878 0.326778 0.644998 0.276378 0.681249 0.221531 0.688701 0.168180 0.666548 0.122107 0.617189 0.088304 0.545974 0.070434 0.460620 0.070434 0.370376 0.088304 0.285022 0.122107 0.213807 0.168180 0.164448 0.221531 0.142295 0.276378 0.149747 0.326778 0.185997 0.367269 0.247118 0.393462 0.326485 0.402521 0.415498
19 0.274979 0.761150 0.535083 0.761150 0.535083 0.924030 0.274979 0.924030
19 0.772051 0.347000 0.980442 0.347000 0.980442 0.510545 0.772051 0.510545
