13 0.280843 0.886303 0.303315 0.886303 0.303315 0.912193 0.280843 0.912193 0.280843 0.886303
13 0.691734 0.887807 0.714206 0.887807 0.714206 0.913697 0.691734 0.913697 0.691734 0.887807
13 0.891104 0.658484 0.913576 0.658484 0.913576 0.684374 0.891104 0.684374 0.891104 0.658484
13 0.890400 0.331154 0.912872 0.331154 0.912872 0.357044 0.890400 0.357044 0.890400 0.331154
13 0.691519 0.103577 0.713991 0.103577 0.713991 0.129467 0.691519 0.129467 0.691519 0.103577
13 0.281518 0.103159 0.303990 0.103159 0.303990 0.129049 0.281518 0.129049 0.281518 0.103159
13 0.083924 0.332769 0.106395 0.332769 0.106395 0.358659 0.083924 0.358659 0.083924 0.332769
13 0.082823 0.659235 0.105295 0.659235 0.105295 0.685125 0.082823 0.685125 0.082823 0.659235
9 0.090096 0.676768 0.098023 0.667593 0.296042 0.894661 0.288116 0.903836 
9 0.292061 0.905721 0.292097 0.892776 0.702988 0.894279 0.702952 0.907224 
9 0.706940 0.905332 0.699001 0.896171 0.898371 0.666848 0.906310 0.676009 
9 0.896018 0.344115 0.907254 0.344083 0.907958 0.671413 0.896722 0.671445 
9 0.698796 0.121114 0.706714 0.111929 0.905595 0.339507 0.897677 0.348692 
9 0.292749 0.122576 0.292759 0.109631 0.702760 0.110049 0.702750 0.122994 
9 0.288765 0.111547 0.296744 0.120661 0.099149 0.350271 0.091170 0.341157 
9 0.089542 0.345689 0.100777 0.345739 0.099677 0.672206 0.088441 0.672155 
5 0.461119 0.057438 0.545122 0.057438 0.545122 0.196265 0.461119 0.196265
2 0.151616 0.176704 0.244772 0.176704 0.244772 0.281530 0.151616 0.281530
2 0.757699 0.175265 0.850956 0.175265 0.850956 0.280758 0.757699 0.280758
0 0.792531 0.258714 0.920076 0.258714 0.920076 0.479767 0.792531 0.479767
2 0.041756 0.481959 0.159644 0.481959 0.159644 0.539039 0.041756 0.539039
2 0.846300 0.481644 0.961680 0.481644 0.961680 0.538480 0.846300 0.538480
2 0.150338 0.743954 0.243275 0.743954 0.243275 0.845953 0.150338 0.845953
2 0.750172 0.746496 0.843484 0.746496 0.843484 0.847924 0.750172 0.847924
5 0.460920 0.832215 0.544679 0.832215 0.544679 0.972924 0.460920 0.972924
0 0.590734 0.098148 0.782331 0.098148 0.782331 0.250432 0.590734 0.250432
0 0.081933 0.260791 0.214607 0.260791 0.214607 0.479287 0.081933 0.479287
0 0.591603 0.768558 0.784680 0.768558 0.784680 0.913594 0.591603 0.913594
0 0.222256 0.101134 0.414921 0.101134 0.414921 0.250186 0.222256 0.250186
0 0.085676 0.545152 0.215963 0.545152 0.215963 0.762387 0.085676 0.762387
0 0.219518 0.770903 0.413394 0.770903 0.413394 0.914695 0.219518 0.914695
0 0.791476 0.545539 0.921907 0.545539 0.921907 0.759163 0.791476 0.759163
