13 0.085058 0.379689 0.121257 0.379689 0.121257 0.410817 0.085058 0.410817 0.085058 0.379689
13 0.290700 0.389338 0.326900 0.389338 0.326900 0.420466 0.290700 0.420466 0.290700 0.389338
13 0.495014 0.387402 0.531213 0.387402 0.531213 0.418531 0.495014 0.418531 0.495014 0.387402
13 0.694428 0.388848 0.730627 0.388848 0.730627 0.419976 0.694428 0.419976 0.694428 0.388848
13 0.899996 0.381792 0.936195 0.381792 0.936195 0.412920 0.899996 0.412920 0.899996 0.381792
9 0.308813 0.412684 0.308787 0.397120 0.712515 0.396630 0.712540 0.412194 
3 0.910438 0.400567 0.888623 0.512984 0.825542 0.613219 0.728031 0.690411 0.606657 0.736193 0.474572 0.745604 0.346090 0.717626 0.235135 0.655289 0.153728 0.565349 0.110693 0.457553 0.110693 0.343581 0.153728 0.235784 0.235135 0.145844 0.346090 0.083508 0.474572 0.055529 0.606657 0.064941 0.728031 0.110723 0.825542 0.187914 0.888623 0.288149 0.910438 0.400567
3 0.507161 0.400947 0.496386 0.456478 0.465226 0.505990 0.417059 0.544120 0.357104 0.566735 0.291859 0.571384 0.228394 0.557563 0.173585 0.526771 0.133374 0.482344 0.112116 0.429096 0.112116 0.372798 0.133374 0.319551 0.173585 0.275124 0.228394 0.244331 0.291859 0.230511 0.357104 0.235160 0.417059 0.257775 0.465226 0.295904 0.496386 0.345417 0.507161 0.400947
3 0.911696 0.400947 0.900843 0.456876 0.869460 0.506744 0.820947 0.545147 0.760563 0.567923 0.694850 0.572606 0.630929 0.558686 0.575728 0.527673 0.535228 0.482928 0.513818 0.429298 0.513818 0.372597 0.535228 0.318967 0.575728 0.274221 0.630929 0.243208 0.694850 0.229289 0.760563 0.233971 0.820947 0.256748 0.869460 0.295151 0.900843 0.345019 0.911696 0.400947
2 0.377362 0.335587 0.440483 0.335587 0.440483 0.466501 0.377362 0.466501
2 0.569105 0.336478 0.631327 0.336478 0.631327 0.466048 0.569105 0.466048
1 0.081448 0.813230 0.343891 0.813230 0.343891 0.879377 0.081448 0.879377
1 0.678733 0.817121 0.936652 0.817121 0.936652 0.875486 0.678733 0.875486
8 0.080738 0.825354 0.174676 0.825354 0.174676 0.872010 0.080738 0.872010
8 0.840052 0.824930 0.939643 0.824930 0.939643 0.871563 0.840052 0.871563
19 0.332360 0.782720 0.680433 0.782720 0.680433 0.890631 0.332360 0.890631
