13 0.793842 0.879321 0.818842 0.879321 0.818842 0.912516 0.793842 0.912516 0.793842 0.879321
13 0.660735 0.708845 0.685735 0.708845 0.685735 0.742040 0.660735 0.742040 0.660735 0.708845
13 0.242185 0.707875 0.267185 0.707875 0.267185 0.741070 0.242185 0.741070 0.242185 0.707875
13 0.242718 0.151222 0.267718 0.151222 0.267718 0.184417 0.242718 0.184417 0.242718 0.151222
9 0.250810 0.173702 0.259626 0.161937 0.810751 0.890035 0.801934 0.901801 
9 0.248968 0.167809 0.261468 0.167830 0.260935 0.724483 0.248435 0.724462 
9 0.254674 0.732771 0.254696 0.716173 0.673246 0.717143 0.673224 0.733741 
12 0.241788 0.629512 0.325107 0.629512 0.325107 0.741512 0.241788 0.741512
18 0.530443 0.736459 0.678979 0.736459 0.678979 0.846633 0.530443 0.846633
19 0.359861 0.610643 0.519983 0.610643 0.519983 0.710252 0.359861 0.710252
22 0.175532 0.066126 0.248959 0.066126 0.248959 0.174211 0.175532 0.174211
22 0.168689 0.677910 0.238718 0.677910 0.238718 0.785214 0.168689 0.785214
22 0.699874 0.656301 0.766137 0.656301 0.766137 0.764330 0.699874 0.764330
