13 0.479137 0.479398 0.498005 0.479398 0.498005 0.498003 0.479137 0.498003 0.479137 0.479398
13 0.533423 0.165839 0.552291 0.165839 0.552291 0.184444 0.533423 0.184444 0.533423 0.165839
13 0.421042 0.165211 0.439910 0.165211 0.439910 0.183816 0.421042 0.183816 0.421042 0.165211
9 0.538207 0.174359 0.547507 0.175924 0.493221 0.489483 0.483922 0.487918 
9 0.425836 0.175348 0.435117 0.173679 0.493212 0.487866 0.483931 0.489535 
3 0.810179 0.487016 0.792692 0.590349 0.742125 0.682483 0.663959 0.753436 0.566664 0.795518 0.460784 0.804169 0.357791 0.778452 0.268847 0.721153 0.203591 0.638482 0.169094 0.539397 0.169094 0.434636 0.203591 0.335551 0.268847 0.252880 0.357791 0.195581 0.460784 0.169863 0.566664 0.178514 0.663959 0.220596 0.742125 0.291549 0.792692 0.383684 0.810179 0.487016
18 0.397593 0.557630 0.591324 0.557630 0.591324 0.659727 0.397593 0.659727
22 0.375160 0.059112 0.455165 0.059112 0.455165 0.154923 0.375160 0.154923
22 0.525434 0.060021 0.603113 0.060021 0.603113 0.158250 0.525434 0.158250
22 0.367512 0.434858 0.455207 0.434858 0.455207 0.534996 0.367512 0.534996
19 0.344396 0.834698 0.651531 0.834698 0.651531 0.933781 0.344396 0.933781
