13 0.112074 0.813148 0.129132 0.813148 0.129132 0.832566 0.112074 0.832566 0.112074 0.813148
13 0.894989 0.813148 0.912046 0.813148 0.912046 0.832566 0.894989 0.832566 0.894989 0.813148
13 0.895435 0.125529 0.912493 0.125529 0.912493 0.144947 0.895435 0.144947 0.895435 0.125529
13 0.503476 0.468387 0.520533 0.468387 0.520533 0.487804 0.503476 0.487804 0.503476 0.468387
13 0.110567 0.123434 0.127624 0.123434 0.127624 0.142852 0.110567 0.142852 0.110567 0.123434
9 0.123207 0.826701 0.117999 0.819013 0.901360 0.131394 0.906568 0.139082 
9 0.899700 0.135235 0.908229 0.135242 0.907782 0.822861 0.899253 0.822854 
9 0.120603 0.827712 0.120603 0.818003 0.903518 0.818003 0.903518 0.827712 
9 0.114831 0.133155 0.123360 0.133131 0.124867 0.822845 0.116339 0.822869 
9 0.116489 0.136985 0.121702 0.129301 0.906124 0.819015 0.900911 0.826699 
22 0.070839 0.034743 0.138755 0.034743 0.138755 0.119174 0.070839 0.119174
22 0.889224 0.031949 0.949690 0.031949 0.949690 0.115704 0.889224 0.115704
22 0.480641 0.338207 0.546619 0.338207 0.546619 0.426151 0.480641 0.426151
10 0.088473 0.420225 0.145283 0.420225 0.145283 0.491079 0.088473 0.491079
10 0.873141 0.419790 0.929507 0.419790 0.929507 0.490578 0.873141 0.490578
22 0.070056 0.831818 0.148906 0.831818 0.148906 0.915684 0.070056 0.915684
22 0.894663 0.829270 0.956507 0.829270 0.956507 0.915941 0.894663 0.915941
