13 0.277934 0.192830 0.304337 0.192830 0.304337 0.221607 0.277934 0.221607 0.277934 0.192830
13 0.728073 0.232228 0.754476 0.232228 0.754476 0.261005 0.728073 0.261005 0.728073 0.232228
13 0.547325 0.391326 0.573728 0.391326 0.573728 0.420103 0.547325 0.420103 0.547325 0.391326
13 0.478904 0.511326 0.505307 0.511326 0.505307 0.540103 0.478904 0.540103 0.478904 0.511326
13 0.829133 0.598282 0.855535 0.598282 0.855535 0.627059 0.829133 0.627059 0.829133 0.598282
13 0.175441 0.712228 0.201844 0.712228 0.201844 0.741005 0.175441 0.741005 0.175441 0.712228
9 0.287443 0.213181 0.294828 0.201255 0.846027 0.606708 0.838642 0.618634 
9 0.189685 0.733721 0.187600 0.719513 0.841292 0.605567 0.843376 0.619775 
9 0.192756 0.732243 0.184529 0.720990 0.737161 0.240990 0.745388 0.252243 
3 0.845774 0.525439 0.826465 0.651560 0.770629 0.764014 0.684317 0.850615 0.576883 0.901978 0.459969 0.912537 0.346244 0.881148 0.248032 0.811212 0.175975 0.710309 0.137883 0.589372 0.137883 0.461507 0.175975 0.340570 0.248032 0.239667 0.346244 0.169731 0.459969 0.138342 0.576883 0.148901 0.684317 0.200264 0.770629 0.286864 0.826465 0.399318 0.845774 0.525439
16 0.378459 0.347389 0.447021 0.347389 0.447021 0.471340 0.378459 0.471340
22 0.531782 0.494616 0.632105 0.494616 0.632105 0.620118 0.531782 0.620118
22 0.864224 0.535149 0.959027 0.535149 0.959027 0.660514 0.864224 0.660514
22 0.752403 0.118136 0.844970 0.118136 0.844970 0.248114 0.752403 0.248114
22 0.190795 0.068645 0.278207 0.068645 0.278207 0.195940 0.190795 0.195940
22 0.051405 0.676873 0.150973 0.676873 0.150973 0.802464 0.051405 0.802464
