13 0.326351 0.102143 0.348090 0.102143 0.348090 0.138673 0.326351 0.138673 0.326351 0.102143
13 0.111239 0.319640 0.132978 0.319640 0.132978 0.356170 0.111239 0.356170 0.111239 0.319640
13 0.246456 0.417999 0.268196 0.417999 0.268196 0.454529 0.246456 0.454529 0.246456 0.417999
13 0.164594 0.749026 0.186333 0.749026 0.186333 0.785555 0.164594 0.785555 0.164594 0.749026
13 0.701822 0.769414 0.723561 0.769414 0.723561 0.805943 0.701822 0.805943 0.701822 0.769414
13 0.864666 0.782158 0.886405 0.782158 0.886405 0.818688 0.864666 0.818688 0.864666 0.782158
9 0.332210 0.116870 0.342231 0.123946 0.180474 0.770828 0.170453 0.763753 
9 0.175310 0.776419 0.175616 0.758162 0.875688 0.791294 0.875382 0.809552 
22 0.075607 0.128826 0.159152 0.128826 0.159152 0.274911 0.075607 0.274911
22 0.268654 0.368069 0.349977 0.368069 0.349977 0.519409 0.268654 0.519409
22 0.109762 0.790235 0.188712 0.790235 0.188712 0.939492 0.109762 0.939492
22 0.653107 0.833699 0.736664 0.833699 0.736664 0.984040 0.653107 0.984040
