13 0.057260 0.768047 0.085934 0.768047 0.085934 0.792815 0.057260 0.792815 0.057260 0.768047
13 0.286806 0.766576 0.315480 0.766576 0.315480 0.791344 0.286806 0.791344 0.286806 0.766576
13 0.288520 0.132928 0.317194 0.132928 0.317194 0.157695 0.288520 0.157695 0.288520 0.132928
13 0.877764 0.133219 0.906438 0.133219 0.906438 0.157987 0.877764 0.157987 0.877764 0.133219
13 0.866298 0.768419 0.894972 0.768419 0.894972 0.793187 0.866298 0.793187 0.866298 0.768419
9 0.071593 0.786623 0.071600 0.774239 0.880639 0.774611 0.880631 0.786995 
9 0.295689 0.145297 0.310026 0.145326 0.308311 0.778975 0.293974 0.778946 
9 0.302853 0.151504 0.302861 0.139120 0.892105 0.139411 0.892097 0.151795 
9 0.884933 0.145506 0.899268 0.145699 0.887803 0.780900 0.873467 0.780707 
9 0.296019 0.143454 0.309695 0.147169 0.078435 0.782289 0.064758 0.778573 
12 0.280639 0.694395 0.395319 0.694395 0.395319 0.794098 0.280639 0.794098
1 0.053763 0.842105 0.354839 0.842105 0.354839 0.897833 0.053763 0.897833
1 0.616487 0.839009 0.892473 0.839009 0.892473 0.900929 0.616487 0.900929
8 0.051191 0.848482 0.133123 0.848482 0.133123 0.890541 0.051191 0.890541
8 0.813717 0.848376 0.895641 0.848376 0.895641 0.890535 0.813717 0.890535
19 0.480287 0.042013 0.688253 0.042013 0.688253 0.129302 0.480287 0.129302
19 0.324153 0.407781 0.570941 0.407781 0.570941 0.497265 0.324153 0.497265
19 0.357662 0.816118 0.609400 0.816118 0.609400 0.909608 0.357662 0.909608
