13 0.576113 0.046860 0.595626 0.046860 0.595626 0.067426 0.576113 0.067426 0.576113 0.046860
13 0.734809 0.128085 0.754321 0.128085 0.754321 0.148650 0.734809 0.148650 0.734809 0.128085
13 0.443272 0.146656 0.462784 0.146656 0.462784 0.167222 0.443272 0.167222 0.443272 0.146656
13 0.882152 0.199241 0.901664 0.199241 0.901664 0.219807 0.882152 0.219807 0.882152 0.199241
13 0.894116 0.381860 0.913628 0.381860 0.913628 0.402426 0.894116 0.402426 0.894116 0.381860
13 0.604978 0.399241 0.624490 0.399241 0.624490 0.419807 0.604978 0.419807 0.604978 0.399241
13 0.316331 0.418289 0.335843 0.418289 0.335843 0.438854 0.316331 0.438854 0.316331 0.418289
13 0.908118 0.551622 0.927630 0.551622 0.927630 0.572188 0.908118 0.572188 0.908118 0.551622
13 0.327200 0.600003 0.346713 0.600003 0.346713 0.620568 0.327200 0.620568 0.327200 0.600003
13 0.763342 0.654479 0.782854 0.654479 0.782854 0.675045 0.763342 0.675045 0.763342 0.654479
13 0.482092 0.675432 0.501604 0.675432 0.501604 0.695997 0.482092 0.695997 0.482092 0.675432
13 0.629572 0.752315 0.649084 0.752315 0.649084 0.772880 0.629572 0.772880 0.629572 0.752315
13 0.299532 0.248938 0.319045 0.248938 0.319045 0.269504 0.299532 0.269504 0.299532 0.248938
9 0.334853 0.614925 0.339060 0.605647 0.641432 0.757959 0.637225 0.767236 
9 0.642081 0.766842 0.636575 0.758353 0.915122 0.557660 0.920627 0.566149 
9 0.887045 0.209922 0.896772 0.209126 0.922738 0.561507 0.913011 0.562303 
9 0.583786 0.061792 0.587953 0.052494 0.893992 0.204875 0.889825 0.214173 
9 0.312068 0.263446 0.306509 0.254995 0.583090 0.052917 0.588649 0.061368 
9 0.304427 0.259646 0.314150 0.258795 0.341818 0.609860 0.332095 0.610711 
3 0.899971 0.408229 0.884386 0.506666 0.839321 0.594435 0.769658 0.662026 0.682947 0.702114 0.588585 0.710355 0.496797 0.685856 0.417529 0.631272 0.359372 0.552518 0.328627 0.458128 0.328627 0.358331 0.359372 0.263941 0.417529 0.185187 0.496797 0.130603 0.588585 0.106104 0.682947 0.114345 0.769658 0.154433 0.839321 0.222024 0.884386 0.309793 0.899971 0.408229
8 0.105645 0.378007 0.159548 0.378007 0.159548 0.439954 0.105645 0.439954
19 0.227009 0.600209 0.318909 0.600209 0.318909 0.686228 0.227009 0.686228
8 0.403493 0.846650 0.463029 0.846650 0.463029 0.914502 0.403493 0.914502
1 0.109756 0.383033 0.246341 0.383033 0.246341 0.583548 0.109756 0.583548
1 0.302439 0.694087 0.460976 0.694087 0.460976 0.910026 0.302439 0.910026
