13 0.077007 0.052924 0.107195 0.052924 0.107195 0.080994 0.077007 0.080994 0.077007 0.052924
13 0.802049 0.053994 0.832237 0.053994 0.832237 0.082064 0.802049 0.082064 0.802049 0.053994
13 0.080846 0.725327 0.111034 0.725327 0.111034 0.753397 0.080846 0.753397 0.080846 0.725327
13 0.802049 0.725327 0.832237 0.725327 0.832237 0.753397 0.802049 0.753397 0.802049 0.725327
9 0.811803 0.063070 0.822482 0.072989 0.101279 0.744321 0.090600 0.734402 
9 0.095940 0.746379 0.095940 0.732344 0.817143 0.732344 0.817143 0.746379 
9 0.809596 0.061012 0.824690 0.061012 0.824690 0.746379 0.809596 0.746379 
9 0.092089 0.073976 0.092113 0.059941 0.817155 0.061012 0.817131 0.075047 
9 0.084554 0.066996 0.099648 0.066921 0.103487 0.739324 0.088393 0.739399 
19 0.368114 0.306611 0.448827 0.306611 0.448827 0.409446 0.368114 0.409446
19 0.842315 0.347473 0.963372 0.347473 0.963372 0.452758 0.842315 0.452758
18 0.194979 0.615607 0.298927 0.615607 0.298927 0.727301 0.194979 0.727301
12 0.703654 0.633827 0.839043 0.633827 0.839043 0.759730 0.703654 0.759730
19 0.402023 0.762109 0.527480 0.762109 0.527480 0.868254 0.402023 0.868254
