13 0.258572 0.917143 0.272960 0.917143 0.272960 0.932381 0.258572 0.932381 0.258572 0.917143
13 0.332445 0.728571 0.346834 0.728571 0.346834 0.743810 0.332445 0.743810 0.332445 0.728571
13 0.614427 0.700952 0.628816 0.700952 0.628816 0.716190 0.614427 0.716190 0.614427 0.700952
13 0.527040 0.239048 0.541428 0.239048 0.541428 0.254286 0.527040 0.254286 0.527040 0.239048
13 0.768481 0.303810 0.782870 0.303810 0.782870 0.319048 0.768481 0.319048 0.768481 0.303810
13 0.880193 0.336190 0.894582 0.336190 0.894582 0.351429 0.880193 0.351429 0.880193 0.336190
13 0.171184 0.139320 0.185573 0.139320 0.185573 0.154558 0.171184 0.154558 0.171184 0.139320
9 0.530917 0.245194 0.537552 0.248140 0.269083 0.926235 0.262448 0.923289 
9 0.177466 0.150624 0.179291 0.143254 0.888300 0.340125 0.886475 0.347494 
3 0.710770 0.501497 0.697169 0.587812 0.657842 0.664774 0.597049 0.724042 0.521379 0.759194 0.439031 0.766420 0.358930 0.744938 0.289755 0.697075 0.239003 0.628018 0.212173 0.545251 0.212173 0.457742 0.239003 0.374975 0.289755 0.305918 0.358930 0.258055 0.439031 0.236573 0.521379 0.243800 0.597049 0.278951 0.657842 0.338220 0.697169 0.415181 0.710770 0.501497
18 0.385210 0.249068 0.495291 0.249068 0.495291 0.333547 0.385210 0.333547
22 0.743571 0.204432 0.817592 0.204432 0.817592 0.288567 0.743571 0.288567
22 0.326314 0.763330 0.390320 0.763330 0.390320 0.846981 0.326314 0.846981
22 0.508802 0.150198 0.585814 0.150198 0.585814 0.236764 0.508802 0.236764
22 0.625694 0.699824 0.689725 0.699824 0.689725 0.784052 0.625694 0.784052
