13 0.120605 0.843526 0.147816 0.843526 0.147816 0.873046 0.120605 0.873046 0.120605 0.843526
13 0.440884 0.456500 0.468095 0.456500 0.468095 0.486021 0.440884 0.486021 0.440884 0.456500
13 0.118593 0.068601 0.145804 0.068601 0.145804 0.098121 0.118593 0.098121 0.118593 0.068601
13 0.717710 0.070383 0.744921 0.070383 0.744921 0.099903 0.717710 0.099903 0.717710 0.070383
13 0.717389 0.843970 0.744600 0.843970 0.744600 0.873490 0.717389 0.873490 0.717389 0.843970
9 0.125395 0.083382 0.139001 0.083341 0.141013 0.858265 0.127408 0.858307 
9 0.127145 0.088303 0.137251 0.078420 0.459542 0.466319 0.449436 0.476202 
9 0.449427 0.466330 0.459551 0.476191 0.139273 0.863216 0.129149 0.853355 
9 0.134206 0.865666 0.134215 0.850906 0.730999 0.851350 0.730989 0.866110 
9 0.724513 0.085140 0.738119 0.085146 0.737797 0.858733 0.724191 0.858727 
9 0.132179 0.090741 0.132217 0.075981 0.731334 0.077763 0.731297 0.092523 
12 0.639147 0.062847 0.748561 0.062847 0.748561 0.177584 0.639147 0.177584
12 0.112503 0.063658 0.218606 0.063658 0.218606 0.180049 0.112503 0.180049
12 0.638472 0.761568 0.748110 0.761568 0.748110 0.878037 0.638472 0.878037
19 0.363109 0.876755 0.515887 0.876755 0.515887 0.977205 0.363109 0.977205
19 0.316038 0.209800 0.465044 0.209800 0.465044 0.309243 0.316038 0.309243
19 0.316863 0.630056 0.464713 0.630056 0.464713 0.730930 0.316863 0.730930
19 0.759822 0.410016 0.912394 0.410016 0.912394 0.514093 0.759822 0.514093
