13 0.425418 0.137266 0.450186 0.137266 0.450186 0.158888 0.425418 0.158888 0.425418 0.137266
13 0.771997 0.409523 0.796765 0.409523 0.796765 0.431144 0.771997 0.431144 0.771997 0.409523
13 0.156847 0.777266 0.181615 0.777266 0.181615 0.798888 0.156847 0.798888 0.156847 0.777266
13 0.785418 0.777266 0.810186 0.777266 0.810186 0.798888 0.785418 0.798888 0.785418 0.777266
9 0.431988 0.146218 0.443616 0.149936 0.175045 0.789936 0.163417 0.786218 
9 0.433660 0.152095 0.441944 0.144059 0.788523 0.416315 0.780239 0.424351 
9 0.778192 0.420505 0.790570 0.420161 0.803991 0.787905 0.791613 0.788249 
9 0.169231 0.793482 0.169231 0.782672 0.797802 0.782672 0.797802 0.793482 
22 0.345387 0.045794 0.431720 0.045794 0.431720 0.136819 0.345387 0.136819
19 0.595615 0.177592 0.709694 0.177592 0.709694 0.267169 0.595615 0.267169
22 0.784646 0.314944 0.853435 0.314944 0.853435 0.406177 0.784646 0.406177
19 0.165140 0.392429 0.284530 0.392429 0.284530 0.481079 0.165140 0.481079
22 0.088514 0.804980 0.171553 0.804980 0.171553 0.893417 0.088514 0.893417
19 0.440990 0.801965 0.526509 0.801965 0.526509 0.890738 0.440990 0.890738
22 0.753379 0.801207 0.865354 0.801207 0.865354 0.891672 0.753379 0.891672
19 0.808956 0.568382 0.898020 0.568382 0.898020 0.647773 0.808956 0.647773
