13 0.118736 0.123649 0.138392 0.123649 0.138392 0.149208 0.118736 0.149208 0.118736 0.123649
13 0.579262 0.129363 0.598918 0.129363 0.598918 0.154922 0.579262 0.154922 0.579262 0.129363
13 0.378330 0.501506 0.397986 0.501506 0.397986 0.527065 0.378330 0.527065 0.378330 0.501506
13 0.843887 0.501506 0.863543 0.501506 0.863543 0.527065 0.843887 0.527065 0.843887 0.501506
13 0.119119 0.875220 0.138775 0.875220 0.138775 0.900780 0.119119 0.900780 0.119119 0.875220
13 0.579144 0.870078 0.598800 0.870078 0.598800 0.895637 0.579144 0.895637 0.579144 0.870078
9 0.124899 0.140686 0.132228 0.132172 0.391823 0.510029 0.384493 0.518543 
9 0.384509 0.510006 0.391807 0.518565 0.132596 0.892280 0.125298 0.883720 
9 0.123650 0.136433 0.133478 0.136424 0.133861 0.887996 0.124033 0.888004 
9 0.585482 0.146481 0.592698 0.137805 0.857323 0.509948 0.850107 0.518624 
9 0.850124 0.509924 0.857306 0.518647 0.592564 0.887219 0.585381 0.878496 
9 0.584176 0.142142 0.594004 0.142144 0.593886 0.882858 0.584058 0.882856 
22 0.045117 0.051917 0.109736 0.051917 0.109736 0.157476 0.045117 0.157476
22 0.494107 0.064598 0.563242 0.064598 0.563242 0.172171 0.494107 0.172171
2 0.212523 0.271888 0.299840 0.271888 0.299840 0.374229 0.212523 0.374229
5 0.668206 0.259731 0.772573 0.259731 0.772573 0.388303 0.668206 0.388303
22 0.405128 0.446402 0.471595 0.446402 0.471595 0.557033 0.405128 0.557033
18 0.225123 0.460890 0.346243 0.460890 0.346243 0.566894 0.225123 0.566894
22 0.864426 0.454417 0.927596 0.454417 0.927596 0.561673 0.864426 0.561673
5 0.670394 0.629402 0.772242 0.629402 0.772242 0.747975 0.670394 0.747975
2 0.213631 0.649338 0.299826 0.649338 0.299826 0.751893 0.213631 0.751893
22 0.041738 0.827656 0.109339 0.827656 0.109339 0.936759 0.041738 0.936759
22 0.482209 0.830031 0.568517 0.830031 0.568517 0.938906 0.482209 0.938906
1 0.589681 0.699681 0.771499 0.699681 0.771499 0.837061 0.589681 0.837061
18 0.766724 0.757098 0.889501 0.757098 0.889501 0.866120 0.766724 0.866120
7 0.594172 0.719662 0.646205 0.719662 0.646205 0.826493 0.594172 0.826493
