13 0.774366 0.073032 0.791208 0.073032 0.791208 0.096492 0.774366 0.096492 0.774366 0.073032
13 0.476210 0.075889 0.493052 0.075889 0.493052 0.099349 0.476210 0.099349 0.476210 0.075889
13 0.476762 0.226072 0.493604 0.226072 0.493604 0.249532 0.476762 0.249532 0.476762 0.226072
13 0.145267 0.488270 0.162110 0.488270 0.162110 0.511730 0.145267 0.511730 0.145267 0.488270
13 0.476762 0.488929 0.493604 0.488929 0.493604 0.512390 0.476762 0.512390 0.476762 0.488929
13 0.809202 0.488270 0.826044 0.488270 0.826044 0.511730 0.809202 0.511730 0.809202 0.488270
13 0.924639 0.489698 0.941481 0.489698 0.941481 0.513159 0.924639 0.513159 0.924639 0.489698
13 0.032563 0.489984 0.049405 0.489984 0.049405 0.513444 0.032563 0.513444 0.032563 0.489984
13 0.477235 0.740923 0.494077 0.740923 0.494077 0.764383 0.477235 0.764383 0.477235 0.740923
13 0.476942 0.896841 0.493784 0.896841 0.493784 0.920302 0.476942 0.920302 0.476942 0.896841
13 0.180104 0.902556 0.196946 0.902556 0.196946 0.926016 0.180104 0.926016 0.180104 0.902556
9 0.040985 0.507579 0.040983 0.495849 0.933059 0.495563 0.933061 0.507294 
9 0.480421 0.087626 0.488842 0.087612 0.489574 0.908564 0.481152 0.908579 
9 0.779806 0.080619 0.785767 0.088905 0.191505 0.918429 0.185544 0.910143 
22 0.402157 0.185590 0.461170 0.185590 0.461170 0.285869 0.402157 0.285869
16 0.493993 0.301360 0.538302 0.301360 0.538302 0.400171 0.493993 0.400171
22 0.412555 0.383893 0.467789 0.383893 0.467789 0.481809 0.412555 0.481809
16 0.568731 0.384690 0.620436 0.384690 0.620436 0.481771 0.568731 0.481771
16 0.337803 0.515562 0.390116 0.515562 0.390116 0.611873 0.337803 0.611873
22 0.118819 0.533729 0.178473 0.533729 0.178473 0.634154 0.118819 0.634154
22 0.784323 0.538132 0.843543 0.538132 0.843543 0.641629 0.784323 0.641629
16 0.423895 0.591758 0.472551 0.591758 0.472551 0.689843 0.423895 0.689843
22 0.506090 0.707491 0.559646 0.707491 0.559646 0.811984 0.506090 0.811984
