13 0.191398 0.116724 0.220702 0.116724 0.220702 0.134502 0.191398 0.134502 0.191398 0.116724
13 0.214554 0.849715 0.243858 0.849715 0.243858 0.867492 0.214554 0.867492 0.214554 0.849715
13 0.775189 0.850486 0.804493 0.850486 0.804493 0.868264 0.775189 0.868264 0.775189 0.850486
9 0.199453 0.127545 0.212648 0.123681 0.796439 0.857443 0.783244 0.861307 
9 0.229190 0.863048 0.229223 0.854159 0.789858 0.854931 0.789825 0.863819 
9 0.198726 0.125698 0.213375 0.125528 0.236531 0.858518 0.221882 0.858689 
22 0.160675 0.026078 0.262122 0.026078 0.262122 0.101781 0.160675 0.101781
19 0.540365 0.464159 0.684214 0.464159 0.684214 0.537991 0.540365 0.537991
19 0.059585 0.464270 0.195489 0.464270 0.195489 0.538954 0.059585 0.538954
22 0.087694 0.869159 0.194127 0.869159 0.194127 0.945216 0.087694 0.945216
19 0.424650 0.872001 0.568245 0.872001 0.568245 0.945433 0.424650 0.945433
22 0.816108 0.867633 0.917811 0.867633 0.917811 0.945613 0.816108 0.945613
