13 0.265432 0.184265 0.297053 0.184265 0.297053 0.214684 0.265432 0.214684 0.265432 0.184265
13 0.452761 0.490285 0.484382 0.490285 0.484382 0.520704 0.452761 0.520704 0.452761 0.490285
13 0.820034 0.494781 0.851654 0.494781 0.851654 0.525199 0.820034 0.525199 0.820034 0.494781
13 0.265904 0.802923 0.297525 0.802923 0.297525 0.833341 0.265904 0.833341 0.265904 0.802923
9 0.273337 0.199480 0.289147 0.199469 0.289619 0.818126 0.273809 0.818137 
9 0.277266 0.206047 0.285219 0.192902 0.839821 0.503418 0.831868 0.516562 
9 0.285671 0.824716 0.277758 0.811548 0.831888 0.503406 0.839800 0.516574 
9 0.468471 0.513098 0.468672 0.497891 0.835945 0.502386 0.835744 0.517594 
3 0.837568 0.505773 0.817272 0.622771 0.758586 0.727091 0.667868 0.807427 0.554949 0.855075 0.432066 0.864870 0.312534 0.835751 0.209308 0.770874 0.133573 0.677270 0.093536 0.565081 0.093536 0.446465 0.133573 0.334275 0.209308 0.240671 0.312534 0.175794 0.432066 0.146675 0.554949 0.156471 0.667868 0.204118 0.758586 0.284455 0.817272 0.388774 0.837568 0.505773
19 0.410669 0.534553 0.577313 0.534553 0.577313 0.651601 0.410669 0.651601
