13 0.053300 0.057408 0.079444 0.057408 0.079444 0.091163 0.053300 0.091163 0.053300 0.057408
13 0.364018 0.731694 0.390161 0.731694 0.390161 0.765449 0.364018 0.765449 0.364018 0.731694
13 0.363034 0.060265 0.389178 0.060265 0.389178 0.094020 0.363034 0.094020 0.363034 0.060265
13 0.616722 0.058122 0.642865 0.058122 0.642865 0.091878 0.616722 0.091878 0.616722 0.058122
13 0.925903 0.732884 0.952047 0.732884 0.952047 0.766640 0.925903 0.766640 0.925903 0.732884
9 0.369570 0.077159 0.382642 0.077127 0.383625 0.748555 0.370554 0.748587 
9 0.066365 0.082725 0.066378 0.065847 0.629800 0.066561 0.629787 0.083439 
9 0.624168 0.079297 0.635419 0.070703 0.944600 0.745465 0.933350 0.754059 
9 0.377079 0.757010 0.377100 0.740133 0.938986 0.741323 0.938964 0.758201 
9 0.060755 0.078601 0.071989 0.069971 0.382706 0.744257 0.371473 0.752886 
12 0.359367 0.638722 0.458529 0.638722 0.458529 0.766434 0.359367 0.766434
1 0.196078 0.586498 0.362745 0.586498 0.362745 0.873418 0.196078 0.873418
7 0.326223 0.593232 0.360703 0.593232 0.360703 0.644287 0.326223 0.644287
19 0.035365 0.415522 0.202270 0.415522 0.202270 0.537509 0.035365 0.537509
19 0.593003 0.768403 0.763995 0.768403 0.763995 0.886601 0.593003 0.886601
18 0.066911 0.793454 0.196920 0.793454 0.196920 0.922476 0.066911 0.922476
