13 0.072634 0.743124 0.092584 0.743124 0.092584 0.781402 0.072634 0.781402 0.072634 0.743124
13 0.315025 0.743148 0.334975 0.743148 0.334975 0.781425 0.315025 0.781425 0.315025 0.743148
13 0.893068 0.742288 0.913019 0.742288 0.913019 0.780566 0.893068 0.780566 0.893068 0.742288
13 0.213358 0.179579 0.233308 0.179579 0.233308 0.217857 0.213358 0.217857 0.213358 0.179579
9 0.082611 0.771832 0.082606 0.752694 0.903041 0.751858 0.903046 0.770996 
9 0.218835 0.194583 0.227831 0.202853 0.087107 0.766398 0.078111 0.758128 
9 0.218620 0.201848 0.228047 0.195588 0.329713 0.759156 0.320287 0.765416 
9 0.221357 0.207504 0.225309 0.189932 0.905019 0.752641 0.901068 0.770213 
22 0.295115 0.794448 0.369265 0.794448 0.369265 0.941875 0.295115 0.941875
22 0.870677 0.798209 0.936768 0.798209 0.936768 0.934646 0.870677 0.934646
22 0.032955 0.796882 0.102190 0.796882 0.102190 0.935525 0.032955 0.935525
22 0.197927 0.034055 0.262990 0.034055 0.262990 0.174654 0.197927 0.174654
