13 0.060787 0.059698 0.073880 0.059698 0.073880 0.083159 0.060787 0.083159 0.060787 0.059698
13 0.846787 0.059698 0.859880 0.059698 0.859880 0.083159 0.846787 0.083159 0.846787 0.059698
13 0.160120 0.235294 0.173213 0.235294 0.173213 0.258754 0.160120 0.258754 0.160120 0.235294
13 0.748453 0.235294 0.761547 0.235294 0.761547 0.258754 0.748453 0.258754 0.748453 0.235294
13 0.160120 0.586484 0.173213 0.586484 0.173213 0.609944 0.160120 0.609944 0.160120 0.586484
13 0.748453 0.586484 0.761547 0.586484 0.761547 0.609944 0.748453 0.609944 0.748453 0.586484
13 0.061787 0.760379 0.074880 0.760379 0.074880 0.783839 0.061787 0.783839 0.061787 0.760379
13 0.846181 0.760997 0.859274 0.760997 0.859274 0.784457 0.846181 0.784457 0.846181 0.760997
9 0.066017 0.073782 0.066017 0.062052 0.854090 0.062052 0.854090 0.073782 
9 0.850816 0.067897 0.857363 0.067937 0.855988 0.777664 0.849441 0.777623 
9 0.070665 0.773937 0.064119 0.773957 0.063431 0.067927 0.069978 0.067907 
9 0.165733 0.252446 0.165725 0.240716 0.755061 0.239483 0.755069 0.251214 
9 0.751791 0.245328 0.758338 0.245369 0.757650 0.599000 0.751104 0.598959 
9 0.754385 0.593115 0.754369 0.604845 0.165034 0.602381 0.165049 0.590650 
9 0.168315 0.596536 0.161768 0.596495 0.162456 0.246560 0.169002 0.246601 
9 0.853411 0.771779 0.853393 0.783509 0.067383 0.779812 0.067401 0.768082 
19 0.174982 0.372900 0.279854 0.372900 0.279854 0.475684 0.174982 0.475684
19 0.869388 0.369576 0.974266 0.369576 0.974266 0.471878 0.869388 0.471878
19 0.405103 0.635827 0.509669 0.635827 0.509669 0.742986 0.405103 0.742986
19 0.404478 0.813948 0.508369 0.813948 0.508369 0.922980 0.404478 0.922980
1 0.155483 0.645161 0.396072 0.645161 0.396072 0.727273 0.155483 0.727273
1 0.517185 0.653959 0.765957 0.653959 0.765957 0.739003 0.517185 0.739003
1 0.888707 0.041056 0.949264 0.041056 0.949264 0.360704 0.888707 0.360704
1 0.893617 0.478006 0.947627 0.478006 0.947627 0.797654 0.893617 0.797654
1 0.518822 0.824047 0.865794 0.824047 0.865794 0.917889 0.518822 0.917889
1 0.055646 0.818182 0.396072 0.818182 0.396072 0.920821 0.055646 0.920821
8 0.057659 0.841165 0.115817 0.841165 0.115817 0.903818 0.057659 0.903818
8 0.806607 0.841219 0.863271 0.841219 0.863271 0.902235 0.806607 0.902235
8 0.905748 0.689461 0.939562 0.689461 0.939562 0.791651 0.905748 0.791651
8 0.905071 0.054188 0.938148 0.054188 0.938148 0.152090 0.905071 0.152090
8 0.708168 0.665285 0.764689 0.665285 0.764689 0.725858 0.708168 0.725858
8 0.156562 0.664902 0.212694 0.664902 0.212694 0.724107 0.156562 0.724107
1 0.207856 0.480938 0.243863 0.480938 0.243863 0.618768 0.207856 0.618768
1 0.206219 0.225806 0.242226 0.225806 0.242226 0.363636 0.206219 0.363636
8 0.209901 0.234098 0.242495 0.234098 0.242495 0.331877 0.209901 0.331877
8 0.210352 0.507235 0.241890 0.507235 0.241890 0.612712 0.210352 0.612712
