13 0.069397 0.044310 0.126950 0.044310 0.126950 0.072282 0.069397 0.072282 0.069397 0.044310
13 0.879899 0.436014 0.937453 0.436014 0.937453 0.463986 0.879899 0.463986 0.879899 0.436014
13 0.068862 0.928425 0.126416 0.928425 0.126416 0.956397 0.068862 0.956397 0.068862 0.928425
9 0.897443 0.445630 0.919909 0.454370 0.108872 0.946782 0.086406 0.938041 
9 0.083785 0.058294 0.112562 0.058298 0.112028 0.942413 0.083251 0.942409 
9 0.088028 0.063255 0.108319 0.053338 0.918821 0.445041 0.898530 0.454959 
19 0.517636 0.717155 0.725170 0.717155 0.725170 0.810357 0.517636 0.810357
18 0.131287 0.678254 0.420466 0.678254 0.420466 0.782227 0.131287 0.782227
18 0.497936 0.416225 0.792470 0.416225 0.792470 0.517814 0.497936 0.517814
19 0.542926 0.166960 0.674603 0.166960 0.674603 0.241970 0.542926 0.241970
