13 0.076805 0.132381 0.098310 0.132381 0.098310 0.159048 0.076805 0.159048 0.076805 0.132381
13 0.573886 0.132571 0.595392 0.132571 0.595392 0.159238 0.573886 0.159238 0.573886 0.132571
13 0.952923 0.131877 0.974428 0.131877 0.974428 0.158543 0.952923 0.158543 0.952923 0.131877
13 0.710599 0.305905 0.732104 0.305905 0.732104 0.332571 0.710599 0.332571 0.710599 0.305905
13 0.572197 0.403810 0.593702 0.403810 0.593702 0.430476 0.572197 0.430476 0.572197 0.403810
13 0.872142 0.507339 0.893648 0.507339 0.893648 0.534006 0.872142 0.534006 0.872142 0.507339
13 0.341782 0.569524 0.363287 0.569524 0.363287 0.596190 0.341782 0.596190 0.341782 0.569524
13 0.573886 0.955429 0.595392 0.955429 0.595392 0.982095 0.573886 0.982095 0.573886 0.955429
9 0.579263 0.139238 0.590015 0.139238 0.590015 0.975429 0.579263 0.975429 
9 0.087560 0.152381 0.087555 0.139048 0.963673 0.138543 0.963678 0.151877 
9 0.355223 0.588630 0.349846 0.577084 0.960987 0.139437 0.966365 0.150983 
9 0.083254 0.149711 0.091861 0.141718 0.588942 0.964766 0.580336 0.972758 
9 0.580812 0.150587 0.588466 0.141222 0.886722 0.515990 0.879068 0.525355 
22 0.071287 0.026801 0.145011 0.026801 0.145011 0.126369 0.071287 0.126369
22 0.547183 0.025327 0.640795 0.025327 0.640795 0.125699 0.547183 0.125699
22 0.902381 0.025836 0.973500 0.025836 0.973500 0.123995 0.902381 0.123995
2 0.302669 0.085435 0.350022 0.085435 0.350022 0.208091 0.302669 0.208091
12 0.513417 0.126162 0.595969 0.126162 0.595969 0.228418 0.513417 0.228418
18 0.731993 0.157466 0.842358 0.157466 0.842358 0.251071 0.731993 0.251071
22 0.785385 0.274366 0.850778 0.274366 0.850778 0.373618 0.785385 0.373618
2 0.177008 0.322898 0.264481 0.322898 0.264481 0.409458 0.177008 0.409458
22 0.595856 0.408201 0.668336 0.408201 0.668336 0.507912 0.595856 0.507912
22 0.263649 0.566357 0.334208 0.566357 0.334208 0.665724 0.263649 0.665724
18 0.458212 0.649930 0.567100 0.649930 0.567100 0.746495 0.458212 0.746495
22 0.605880 0.878194 0.679341 0.878194 0.679341 0.979188 0.605880 0.979188
