13 0.468458 0.084688 0.494861 0.084688 0.494861 0.122603 0.468458 0.122603 0.468458 0.084688
13 0.049083 0.685995 0.075486 0.685995 0.075486 0.723910 0.049083 0.723910 0.049083 0.685995
13 0.467071 0.686296 0.493474 0.686296 0.493474 0.724211 0.467071 0.724211 0.467071 0.686296
13 0.888525 0.686757 0.914928 0.686757 0.914928 0.724672 0.888525 0.724672 0.888525 0.686757
13 0.467909 0.842520 0.494311 0.842520 0.494311 0.880435 0.467909 0.880435 0.467909 0.842520
9 0.476997 0.110354 0.486322 0.096936 0.906389 0.699005 0.897064 0.712423 
9 0.482758 0.870656 0.479462 0.852299 0.900078 0.696536 0.903375 0.714893 
9 0.060622 0.714125 0.063947 0.695779 0.482772 0.852305 0.479448 0.870651 
9 0.066948 0.711660 0.057620 0.698245 0.476996 0.096938 0.486323 0.110353 
9 0.475059 0.103635 0.488260 0.103655 0.487711 0.861488 0.474509 0.861468 
9 0.062280 0.714431 0.062288 0.695474 0.901731 0.696236 0.901722 0.715193 
18 0.640701 0.148051 0.824405 0.148051 0.824405 0.315097 0.640701 0.315097
1 0.508251 0.227488 0.673267 0.227488 0.673267 0.379147 0.508251 0.379147
7 0.510905 0.229550 0.577840 0.229550 0.577840 0.357339 0.510905 0.357339
2 0.654022 0.351684 0.728585 0.351684 0.728585 0.455594 0.654022 0.455594
2 0.232691 0.347003 0.309578 0.347003 0.309578 0.457820 0.232691 0.457820
5 0.230548 0.709865 0.315227 0.709865 0.315227 0.853617 0.230548 0.853617
5 0.646649 0.707935 0.731317 0.707935 0.731317 0.853272 0.646649 0.853272
16 0.508145 0.502488 0.568748 0.502488 0.568748 0.663298 0.508145 0.663298
16 0.660862 0.496146 0.737816 0.496146 0.737816 0.662980 0.660862 0.662980
16 0.378336 0.282068 0.452187 0.282068 0.452187 0.451570 0.378336 0.451570
