13 0.040635 0.447734 0.065250 0.447734 0.065250 0.488139 0.040635 0.488139 0.040635 0.447734
13 0.809442 0.106715 0.834057 0.106715 0.834057 0.147119 0.809442 0.147119 0.809442 0.106715
13 0.586995 0.871227 0.611611 0.871227 0.611611 0.911631 0.586995 0.911631 0.586995 0.871227
9 0.816196 0.122564 0.827303 0.131270 0.604856 0.895782 0.593750 0.887075 
9 0.054548 0.477688 0.051337 0.458185 0.820144 0.117166 0.823355 0.136669 
9 0.050315 0.477070 0.055570 0.458803 0.601931 0.882295 0.596675 0.900562 
12 0.532199 0.731091 0.636583 0.731091 0.636583 0.906103 0.532199 0.906103
19 0.738384 0.489157 0.795210 0.489157 0.795210 0.599065 0.738384 0.599065
19 0.236169 0.709104 0.333757 0.709104 0.333757 0.847766 0.236169 0.847766
19 0.396391 0.095556 0.496470 0.095556 0.496470 0.234625 0.396391 0.234625
