13 0.468080 0.049887 0.492772 0.049887 0.492772 0.077098 0.468080 0.077098 0.468080 0.049887
13 0.051903 0.845823 0.076594 0.845823 0.076594 0.873034 0.051903 0.873034 0.051903 0.845823
13 0.884718 0.846204 0.909410 0.846204 0.909410 0.873415 0.884718 0.873415 0.884718 0.846204
9 0.475078 0.060096 0.485774 0.066888 0.069597 0.862825 0.058900 0.856032 
9 0.475078 0.066890 0.485774 0.060094 0.902411 0.856412 0.891716 0.863208 
9 0.064246 0.866231 0.064251 0.852626 0.897066 0.853007 0.897061 0.866612 
0 0.409698 0.163133 0.552945 0.163133 0.552945 0.224635 0.409698 0.224635
19 0.717208 0.361337 0.877242 0.361337 0.877242 0.476162 0.717208 0.476162
0 0.118733 0.722421 0.212909 0.722421 0.212909 0.868006 0.118733 0.868006
0 0.752893 0.725389 0.844357 0.725389 0.844357 0.867986 0.752893 0.867986
