13 0.110244 0.597175 0.131692 0.597175 0.131692 0.619967 0.110244 0.619967 0.110244 0.597175
13 0.494164 0.740812 0.515611 0.740812 0.515611 0.763604 0.494164 0.763604 0.494164 0.740812
13 0.931672 0.900033 0.953120 0.900033 0.953120 0.922825 0.931672 0.922825 0.931672 0.900033
13 0.556480 0.546971 0.577928 0.546971 0.577928 0.569763 0.556480 0.569763 0.556480 0.546971
13 0.387126 0.340033 0.408573 0.340033 0.408573 0.362825 0.387126 0.362825 0.387126 0.340033
13 0.691785 0.055747 0.713233 0.055747 0.713233 0.078539 0.691785 0.078539 0.691785 0.055747
9 0.119210 0.613955 0.122725 0.603188 0.944154 0.906045 0.940639 0.916812 
9 0.124501 0.612857 0.117434 0.604286 0.698976 0.062857 0.706042 0.071429 
9 0.393804 0.355168 0.401895 0.347689 0.571250 0.554628 0.563158 0.562107 
9 0.562130 0.556525 0.572278 0.560209 0.509962 0.754050 0.499814 0.750366 
12 0.320590 0.339440 0.461820 0.339440 0.461820 0.490946 0.320590 0.490946
19 0.482685 0.365998 0.549492 0.365998 0.549492 0.458894 0.482685 0.458894
22 0.578110 0.501117 0.648167 0.501117 0.648167 0.597616 0.578110 0.597616
22 0.031715 0.555284 0.108625 0.555284 0.108625 0.654756 0.031715 0.654756
19 0.556586 0.617617 0.622280 0.617617 0.622280 0.714142 0.556586 0.714142
12 0.412266 0.619708 0.541365 0.619708 0.541365 0.761461 0.412266 0.761461
