13 0.482637 0.150398 0.505173 0.150398 0.505173 0.173997 0.482637 0.173997 0.482637 0.150398
13 0.481376 0.510838 0.503912 0.510838 0.503912 0.534437 0.481376 0.534437 0.481376 0.510838
13 0.482637 0.688860 0.505173 0.688860 0.505173 0.712459 0.482637 0.712459 0.482637 0.688860
13 0.182091 0.693256 0.204626 0.693256 0.204626 0.716854 0.182091 0.716854 0.182091 0.693256
13 0.785818 0.694105 0.808353 0.694105 0.808353 0.717704 0.785818 0.717704 0.785818 0.694105
9 0.193351 0.710955 0.193366 0.699155 0.797093 0.700005 0.797078 0.711804 
9 0.489040 0.165173 0.498770 0.159223 0.801951 0.702930 0.792221 0.708880 
9 0.488271 0.156298 0.499539 0.156298 0.499539 0.706559 0.488271 0.706559 
9 0.489031 0.159239 0.498779 0.165157 0.198232 0.708014 0.188485 0.702096 
3 0.843764 0.525101 0.824816 0.644008 0.770026 0.750030 0.685331 0.831677 0.579909 0.880102 0.465185 0.890057 0.353589 0.860463 0.257216 0.794528 0.186509 0.699396 0.149131 0.585376 0.149131 0.464825 0.186509 0.350806 0.257216 0.255674 0.353589 0.189739 0.465185 0.160145 0.579909 0.170100 0.685331 0.218525 0.770026 0.300172 0.824816 0.406194 0.843764 0.525101
22 0.440656 0.039779 0.531639 0.039779 0.531639 0.141709 0.440656 0.141709
22 0.370630 0.469645 0.458055 0.469645 0.458055 0.570801 0.370630 0.570801
18 0.573438 0.584751 0.711062 0.584751 0.711062 0.688497 0.573438 0.688497
12 0.475190 0.613397 0.573960 0.613397 0.573960 0.717241 0.475190 0.717241
22 0.077197 0.679330 0.164523 0.679330 0.164523 0.784032 0.077197 0.784032
22 0.802647 0.679795 0.891354 0.679795 0.891354 0.784066 0.802647 0.784066
22 0.443965 0.716885 0.527579 0.716885 0.527579 0.817741 0.443965 0.817741
19 0.547286 0.716972 0.720531 0.716972 0.720531 0.823525 0.547286 0.823525
