13 0.040363 0.867961 0.057907 0.867961 0.057907 0.889182 0.040363 0.889182 0.040363 0.867961
13 0.041543 0.619390 0.059086 0.619390 0.059086 0.640610 0.041543 0.640610 0.041543 0.619390
13 0.277249 0.618481 0.294793 0.618481 0.294793 0.639701 0.277249 0.639701 0.277249 0.618481
13 0.678964 0.617961 0.696508 0.617961 0.696508 0.639182 0.678964 0.639182 0.678964 0.617961
13 0.912755 0.618481 0.930299 0.618481 0.930299 0.639701 0.912755 0.639701 0.912755 0.618481
13 0.914899 0.866273 0.932443 0.866273 0.932443 0.887493 0.914899 0.887493 0.914899 0.866273
13 0.912854 0.408731 0.930397 0.408731 0.930397 0.429951 0.912854 0.429951 0.912854 0.408731
13 0.480222 0.407168 0.497766 0.407168 0.497766 0.428388 0.480222 0.428388 0.480222 0.407168
13 0.041301 0.408731 0.058844 0.408731 0.058844 0.429951 0.041301 0.429951 0.041301 0.408731
13 0.146888 0.056818 0.164432 0.056818 0.164432 0.078039 0.146888 0.078039 0.146888 0.056818
13 0.811983 0.057961 0.829527 0.057961 0.829527 0.079182 0.811983 0.079182 0.811983 0.057961
9 0.152779 0.071428 0.158542 0.063429 0.926552 0.872883 0.920789 0.880883 
9 0.052010 0.882578 0.046260 0.874565 0.817880 0.064565 0.823630 0.072578 
9 0.050073 0.424646 0.050073 0.414036 0.921626 0.414036 0.921626 0.424646 
9 0.050318 0.635305 0.050311 0.624695 0.921523 0.623786 0.921530 0.634396 
18 0.447328 0.262239 0.564467 0.262239 0.564467 0.358011 0.447328 0.358011
18 0.271784 0.437938 0.392585 0.437938 0.392585 0.534205 0.271784 0.534205
18 0.242227 0.758153 0.576827 0.758153 0.576827 0.879158 0.242227 0.879158
7 0.289207 0.654740 0.340206 0.654740 0.340206 0.729659 0.289207 0.729659
1 0.285088 0.647215 0.361842 0.647215 0.361842 0.785146 0.285088 0.785146
20 0.840159 0.457941 0.899302 0.457941 0.899302 0.556408 0.840159 0.556408
20 0.829819 0.671498 0.908232 0.671498 0.908232 0.755440 0.829819 0.755440
