13 0.087301 0.932449 0.122699 0.932449 0.122699 0.963699 0.087301 0.963699 0.087301 0.932449
13 0.465920 0.497675 0.501318 0.497675 0.501318 0.528925 0.465920 0.528925 0.465920 0.497675
13 0.847253 0.743803 0.882651 0.743803 0.882651 0.775053 0.847253 0.775053 0.847253 0.743803
13 0.846110 0.060764 0.881509 0.060764 0.881509 0.092014 0.846110 0.092014 0.846110 0.060764
13 0.068244 0.244981 0.103642 0.244981 0.103642 0.276231 0.068244 0.276231 0.068244 0.244981
9 0.107395 0.955595 0.102605 0.940554 0.862557 0.751907 0.867348 0.766948 
9 0.854960 0.076400 0.872659 0.076377 0.873802 0.759416 0.856103 0.759439 
9 0.088236 0.268152 0.083650 0.253060 0.861517 0.068843 0.866102 0.083935 
9 0.077096 0.260797 0.094790 0.260415 0.113847 0.947883 0.096153 0.948266 
9 0.856793 0.071628 0.870826 0.081149 0.112017 0.952835 0.097983 0.943314 
9 0.080747 0.266930 0.091139 0.254282 0.870148 0.753104 0.859756 0.765752 
2 0.612263 0.250581 0.731818 0.250581 0.731818 0.338168 0.612263 0.338168
2 0.233502 0.682550 0.351143 0.682550 0.351143 0.770129 0.233502 0.770129
5 0.605775 0.574365 0.727500 0.574365 0.727500 0.688312 0.605775 0.688312
5 0.225096 0.331211 0.342314 0.331211 0.342314 0.447541 0.225096 0.447541
19 0.122072 0.567499 0.329262 0.567499 0.329262 0.663814 0.122072 0.663814
19 0.603753 0.472764 0.767055 0.472764 0.767055 0.570594 0.603753 0.570594
