13 0.314632 0.465455 0.335574 0.465455 0.335574 0.494545 0.314632 0.494545 0.314632 0.465455
13 0.534796 0.465455 0.555739 0.465455 0.555739 0.494545 0.534796 0.494545 0.534796 0.465455
13 0.481298 0.168312 0.502241 0.168312 0.502241 0.197403 0.481298 0.197403 0.481298 0.168312
13 0.754961 0.465455 0.775903 0.465455 0.775903 0.494545 0.754961 0.494545 0.754961 0.465455
13 0.398631 0.706127 0.419573 0.706127 0.419573 0.735218 0.398631 0.735218 0.398631 0.706127
13 0.586886 0.761695 0.607829 0.761695 0.607829 0.790786 0.586886 0.790786 0.586886 0.761695
9 0.325103 0.487273 0.325103 0.472727 0.765432 0.472727 0.765432 0.487273 
9 0.486687 0.184602 0.496852 0.181112 0.602440 0.774495 0.592275 0.777986 
9 0.541151 0.475506 0.549384 0.484494 0.413218 0.725166 0.404985 0.716178 
3 0.763975 0.477270 0.752000 0.576950 0.717374 0.665829 0.663849 0.734274 0.597225 0.774869 0.524722 0.783214 0.454197 0.758406 0.393291 0.703132 0.348607 0.623382 0.324984 0.527799 0.324984 0.426741 0.348607 0.331158 0.393291 0.251408 0.454197 0.196135 0.524722 0.171326 0.597225 0.179671 0.663849 0.220266 0.717374 0.288711 0.752000 0.377590 0.763975 0.477270
22 0.344635 0.727600 0.411156 0.727600 0.411156 0.827027 0.344635 0.827027
22 0.775353 0.424946 0.838938 0.424946 0.838938 0.522288 0.775353 0.522288
22 0.551281 0.358845 0.615959 0.358845 0.615959 0.458328 0.551281 0.458328
22 0.235921 0.437906 0.314724 0.437906 0.314724 0.536973 0.235921 0.536973
22 0.453049 0.067415 0.514938 0.067415 0.514938 0.164291 0.453049 0.164291
22 0.576420 0.787665 0.638772 0.787665 0.638772 0.886674 0.576420 0.886674
