13 0.093811 0.816887 0.111317 0.816887 0.111317 0.838986 0.093811 0.838986 0.093811 0.816887
13 0.602107 0.817522 0.619612 0.817522 0.619612 0.839621 0.602107 0.839621 0.602107 0.817522
13 0.606632 0.244950 0.624137 0.244950 0.624137 0.267050 0.606632 0.267050 0.606632 0.244950
13 0.281745 0.086093 0.299250 0.086093 0.299250 0.108193 0.281745 0.108193 0.281745 0.086093
9 0.102560 0.833461 0.102568 0.822412 0.610864 0.823047 0.610855 0.834096 
9 0.611008 0.255945 0.619761 0.256055 0.615236 0.828627 0.606484 0.828516 
9 0.288917 0.102295 0.292078 0.091991 0.616965 0.250848 0.613804 0.261152 
9 0.286335 0.095437 0.294660 0.098849 0.106727 0.829643 0.098402 0.826231 
22 0.235983 0.023209 0.292106 0.023209 0.292106 0.116092 0.235983 0.116092
22 0.633337 0.205054 0.694049 0.205054 0.694049 0.302515 0.633337 0.302515
22 0.050550 0.840938 0.109627 0.840938 0.109627 0.939031 0.050550 0.939031
22 0.624944 0.841563 0.689429 0.841563 0.689429 0.938831 0.624944 0.938831
19 0.625434 0.461597 0.967538 0.461597 0.967538 0.577819 0.625434 0.577819
18 0.146151 0.699736 0.434636 0.699736 0.434636 0.813557 0.146151 0.813557
