13 0.235488 0.226793 0.264060 0.226793 0.264060 0.278075 0.235488 0.278075 0.235488 0.226793
13 0.888611 0.229134 0.917182 0.229134 0.917182 0.280417 0.888611 0.280417 0.888611 0.229134
13 0.888857 0.801954 0.917429 0.801954 0.917429 0.853236 0.888857 0.853236 0.888857 0.801954
13 0.234358 0.798848 0.262929 0.798848 0.262929 0.850130 0.234358 0.850130 0.234358 0.798848
9 0.246362 0.837711 0.246335 0.812070 0.900581 0.809848 0.900608 0.835489 
9 0.246335 0.262232 0.246362 0.236591 0.901846 0.238813 0.901819 0.264454 
9 0.894689 0.256102 0.908975 0.256052 0.909594 0.824865 0.895308 0.824915 
9 0.238586 0.248325 0.252872 0.248275 0.253491 0.823754 0.239205 0.823804 
5 0.692857 0.173077 0.742857 0.173077 0.742857 0.320513 0.692857 0.320513
12 0.235714 0.224359 0.321429 0.224359 0.321429 0.384615 0.235714 0.384615
12 0.828571 0.224359 0.917857 0.224359 0.917857 0.384615 0.828571 0.384615
2 0.210714 0.500000 0.289286 0.500000 0.289286 0.570513 0.210714 0.570513
2 0.864286 0.500000 0.942857 0.500000 0.942857 0.570513 0.864286 0.570513
12 0.232143 0.692308 0.321429 0.692308 0.321429 0.852564 0.232143 0.852564
12 0.828571 0.692308 0.914286 0.692308 0.914286 0.846154 0.828571 0.846154
5 0.553571 0.750000 0.603571 0.750000 0.603571 0.897436 0.553571 0.897436
19 0.039286 0.448718 0.207143 0.448718 0.207143 0.589744 0.039286 0.589744
19 0.400000 0.064103 0.664286 0.064103 0.664286 0.224359 0.400000 0.224359
