13 0.401341 0.743016 0.427231 0.743016 0.427231 0.768095 0.401341 0.768095 0.401341 0.743016
13 0.289912 0.356905 0.315802 0.356905 0.315802 0.381984 0.289912 0.381984 0.289912 0.356905
13 0.607714 0.140880 0.633604 0.140880 0.633604 0.165958 0.607714 0.165958 0.607714 0.140880
13 0.720769 0.529683 0.746659 0.529683 0.746659 0.554761 0.720769 0.554761 0.720769 0.529683
13 0.504857 0.440880 0.530747 0.440880 0.530747 0.465958 0.504857 0.465958 0.504857 0.440880
9 0.417960 0.760717 0.410612 0.750394 0.730040 0.537061 0.737388 0.547384 
9 0.614429 0.155119 0.626889 0.151719 0.739944 0.540522 0.727484 0.543922 
9 0.614517 0.151443 0.626802 0.155394 0.420429 0.757531 0.408143 0.753580 
9 0.296624 0.371132 0.309091 0.367757 0.420519 0.753868 0.408052 0.757243 
9 0.306575 0.374576 0.299139 0.364312 0.616941 0.148287 0.624377 0.158551 
9 0.300381 0.375237 0.305333 0.363652 0.736190 0.536429 0.731239 0.548015 
22 0.543531 0.371866 0.618635 0.371866 0.618635 0.453901 0.543531 0.453901
22 0.595478 0.049723 0.678102 0.049723 0.678102 0.134267 0.595478 0.134267
22 0.347108 0.776568 0.418209 0.776568 0.418209 0.859456 0.347108 0.859456
22 0.750133 0.522633 0.830680 0.522633 0.830680 0.607366 0.750133 0.607366
22 0.224426 0.288979 0.297572 0.288979 0.297572 0.372006 0.224426 0.372006
