13 0.407968 0.128081 0.430068 0.128081 0.430068 0.153238 0.407968 0.153238 0.407968 0.128081
13 0.876851 0.393136 0.898951 0.393136 0.898951 0.418293 0.876851 0.418293 0.876851 0.393136
13 0.428649 0.514768 0.450748 0.514768 0.450748 0.539926 0.428649 0.539926 0.428649 0.514768
13 0.102183 0.605326 0.124283 0.605326 0.124283 0.630483 0.102183 0.630483 0.102183 0.605326
13 0.446907 0.847612 0.469006 0.847612 0.469006 0.872769 0.446907 0.872769 0.446907 0.847612
9 0.114525 0.624020 0.111940 0.611790 0.886609 0.399600 0.889194 0.411829 
9 0.461716 0.864799 0.454197 0.855582 0.884142 0.401106 0.891660 0.410323 
9 0.413504 0.141046 0.424533 0.140273 0.463471 0.859804 0.452442 0.860577 
9 0.416561 0.146292 0.421475 0.135026 0.890358 0.400081 0.885444 0.411347 
9 0.414555 0.136953 0.423482 0.144366 0.117696 0.621611 0.108769 0.614199 
9 0.110330 0.623256 0.116135 0.612553 0.460859 0.854839 0.455054 0.865542 
22 0.377318 0.016106 0.460681 0.016106 0.460681 0.121120 0.377318 0.121120
19 0.621616 0.144233 0.684427 0.144233 0.684427 0.245424 0.621616 0.245424
18 0.435430 0.227819 0.567894 0.227819 0.567894 0.343491 0.435430 0.343491
19 0.195589 0.270660 0.257419 0.270660 0.257419 0.370968 0.195589 0.370968
18 0.279859 0.306372 0.410953 0.306372 0.410953 0.418097 0.279859 0.418097
22 0.900403 0.345015 0.981227 0.345015 0.981227 0.451000 0.900403 0.451000
22 0.448498 0.518318 0.537628 0.518318 0.537628 0.622773 0.448498 0.622773
22 0.008236 0.567768 0.093776 0.567768 0.093776 0.675926 0.008236 0.675926
19 0.371687 0.623938 0.431127 0.623938 0.431127 0.723562 0.371687 0.723562
22 0.419639 0.872743 0.507718 0.872743 0.507718 0.977499 0.419639 0.977499
19 0.657721 0.666689 0.820503 0.666689 0.820503 0.771565 0.657721 0.771565
