13 0.030165 0.099549 0.050731 0.099549 0.050731 0.124627 0.030165 0.124627 0.030165 0.099549
13 0.480328 0.183379 0.500893 0.183379 0.500893 0.208458 0.480328 0.208458 0.480328 0.183379
13 0.935185 0.269659 0.955750 0.269659 0.955750 0.294737 0.935185 0.294737 0.935185 0.269659
13 0.193943 0.447461 0.214508 0.447461 0.214508 0.472539 0.193943 0.472539 0.193943 0.447461
13 0.659737 0.618889 0.680303 0.618889 0.680303 0.643968 0.659737 0.643968 0.659737 0.618889
13 0.767127 0.873847 0.787692 0.873847 0.787692 0.898926 0.767127 0.898926 0.767127 0.873847
9 0.039665 0.118284 0.041231 0.105891 0.946251 0.276001 0.944684 0.288394 
9 0.486024 0.198751 0.495197 0.193085 0.781996 0.883554 0.772823 0.889220 
3 0.694972 0.491872 0.681610 0.589514 0.642974 0.676575 0.583249 0.743620 0.508907 0.783385 0.428006 0.791560 0.349312 0.767259 0.281352 0.713115 0.231491 0.634996 0.205132 0.541368 0.205132 0.442376 0.231491 0.348748 0.281352 0.270629 0.349312 0.216486 0.428006 0.192185 0.508907 0.200359 0.583249 0.240124 0.642974 0.307169 0.681610 0.394230 0.694972 0.491872
22 0.465067 0.057660 0.539974 0.057660 0.539974 0.163261 0.465067 0.163261
7 0.611041 0.325905 0.678603 0.325905 0.678603 0.423610 0.611041 0.423610
1 0.611825 0.329154 0.735219 0.329154 0.735219 0.467085 0.611825 0.467085
22 0.105827 0.400607 0.172210 0.400607 0.172210 0.507328 0.105827 0.507328
22 0.693278 0.564593 0.758686 0.564593 0.758686 0.670449 0.693278 0.670449
18 0.732128 0.404097 0.856501 0.404097 0.856501 0.510003 0.732128 0.510003
0 0.522198 0.201115 0.659122 0.201115 0.659122 0.382998 0.522198 0.382998
