13 0.066831 0.809684 0.087995 0.809684 0.087995 0.839205 0.066831 0.839205 0.066831 0.809684
13 0.407451 0.808097 0.428615 0.808097 0.428615 0.837617 0.407451 0.837617 0.407451 0.808097
13 0.861251 0.131993 0.882415 0.131993 0.882415 0.161513 0.861251 0.161513 0.861251 0.131993
13 0.218516 0.196954 0.239680 0.196954 0.239680 0.226474 0.218516 0.226474 0.218516 0.196954
9 0.224240 0.214637 0.233957 0.208792 0.422891 0.819935 0.413174 0.825779 
9 0.224097 0.209306 0.234100 0.214123 0.082415 0.826853 0.072412 0.822036 
9 0.077431 0.831824 0.077396 0.817064 0.418015 0.815477 0.418050 0.830237 
9 0.867971 0.141709 0.875696 0.151797 0.421895 0.827901 0.414170 0.817813 
9 0.229481 0.219075 0.228716 0.204354 0.871451 0.139392 0.872215 0.154114 
2 0.108179 0.482636 0.192673 0.482636 0.192673 0.556394 0.108179 0.556394
2 0.281918 0.482466 0.366376 0.482466 0.366376 0.556116 0.281918 0.556116
5 0.502373 0.118052 0.569148 0.118052 0.569148 0.246908 0.502373 0.246908
5 0.588666 0.433556 0.678156 0.433556 0.678156 0.557307 0.588666 0.557307
22 0.884746 0.085997 0.954235 0.085997 0.954235 0.189956 0.884746 0.189956
22 0.037560 0.841539 0.097785 0.841539 0.097785 0.940735 0.037560 0.940735
22 0.387868 0.841948 0.458922 0.841948 0.458922 0.942247 0.387868 0.942247
22 0.198268 0.081862 0.264019 0.081862 0.264019 0.182365 0.198268 0.182365
