13 0.366866 0.932494 0.382834 0.932494 0.382834 0.953220 0.366866 0.953220 0.366866 0.932494
13 0.304791 0.729637 0.320759 0.729637 0.320759 0.750363 0.304791 0.750363 0.304791 0.729637
13 0.604751 0.728858 0.620719 0.728858 0.620719 0.749583 0.604751 0.749583 0.604751 0.728858
13 0.795981 0.729637 0.811949 0.729637 0.811949 0.750363 0.795981 0.750363 0.795981 0.729637
13 0.042677 0.521066 0.058645 0.521066 0.058645 0.541791 0.042677 0.541791 0.042677 0.521066
13 0.202001 0.394717 0.217969 0.394717 0.217969 0.415442 0.202001 0.415442 0.202001 0.394717
13 0.458976 0.189637 0.474944 0.189637 0.474944 0.210363 0.458976 0.210363 0.458976 0.189637
13 0.290107 0.041701 0.306075 0.041701 0.306075 0.062426 0.290107 0.062426 0.290107 0.041701
13 0.767346 0.186780 0.783314 0.186780 0.783314 0.207506 0.767346 0.207506 0.767346 0.186780
13 0.701267 0.401066 0.717235 0.401066 0.717235 0.421791 0.701267 0.421791 0.701267 0.401066
9 0.771610 0.195263 0.779050 0.199023 0.616455 0.741101 0.609015 0.737341 
9 0.295861 0.056361 0.300321 0.047766 0.711481 0.407131 0.707021 0.415726 
9 0.052748 0.535845 0.048574 0.527012 0.464873 0.195583 0.469048 0.204417 
9 0.206276 0.406995 0.213694 0.403164 0.378559 0.940942 0.371141 0.944773 
9 0.312775 0.745181 0.312775 0.734819 0.803965 0.734819 0.803965 0.745181 
18 0.653890 0.590267 0.944870 0.590267 0.944870 0.708706 0.653890 0.708706
18 0.138167 0.457612 0.213833 0.457612 0.213833 0.561938 0.138167 0.561938
18 0.160210 0.142454 0.404066 0.142454 0.404066 0.258275 0.160210 0.258275
18 0.359303 0.751023 0.603033 0.751023 0.603033 0.864301 0.359303 0.864301
18 0.622300 0.232674 0.730170 0.232674 0.730170 0.336850 0.622300 0.336850
