13 0.480744 0.174996 0.503153 0.174996 0.503153 0.196676 0.480744 0.196676 0.480744 0.174996
13 0.291653 0.491922 0.314062 0.491922 0.314062 0.513603 0.291653 0.513603 0.291653 0.491922
13 0.670873 0.492425 0.693282 0.492425 0.693282 0.514105 0.670873 0.514105 0.670873 0.492425
13 0.481367 0.806839 0.503776 0.806839 0.503776 0.828520 0.481367 0.828520 0.481367 0.806839
13 0.102042 0.805835 0.124451 0.805835 0.124451 0.827515 0.102042 0.827515 0.102042 0.805835
13 0.860224 0.806839 0.882633 0.806839 0.882633 0.828520 0.860224 0.828520 0.860224 0.806839
9 0.113239 0.822095 0.113254 0.811255 0.871436 0.812260 0.871421 0.823100 
9 0.487104 0.188559 0.496792 0.183113 0.876272 0.814956 0.866585 0.820403 
9 0.487104 0.183114 0.496793 0.188558 0.118091 0.819397 0.108402 0.813953 
9 0.677238 0.500534 0.686917 0.505995 0.497411 0.820410 0.487732 0.814949 
9 0.302849 0.508182 0.302865 0.497342 0.682086 0.497845 0.682070 0.508685 
9 0.298017 0.505492 0.307697 0.500033 0.497412 0.814950 0.487731 0.820409 
22 0.443214 0.069825 0.537169 0.069825 0.537169 0.165019 0.443214 0.165019
22 0.183984 0.452431 0.269736 0.452431 0.269736 0.544841 0.183984 0.544841
22 0.710529 0.450701 0.786830 0.450701 0.786830 0.542536 0.710529 0.542536
22 0.835446 0.834888 0.929353 0.834888 0.929353 0.930957 0.835446 0.930957
22 0.054141 0.839535 0.148759 0.839535 0.148759 0.936284 0.054141 0.936284
22 0.439745 0.840189 0.525261 0.840189 0.525261 0.934151 0.439745 0.934151
