13 0.063473 0.127803 0.083624 0.127803 0.083624 0.169688 0.063473 0.169688 0.063473 0.127803
13 0.879005 0.127764 0.899156 0.127764 0.899156 0.169649 0.879005 0.169649 0.879005 0.127764
13 0.470877 0.467946 0.491028 0.467946 0.491028 0.509831 0.470877 0.509831 0.470877 0.467946
13 0.063650 0.808919 0.083801 0.808919 0.083801 0.850804 0.063650 0.850804 0.063650 0.808919
13 0.877970 0.808560 0.898122 0.808560 0.898122 0.850444 0.877970 0.850444 0.877970 0.808560
9 0.075604 0.839577 0.071847 0.820145 0.887202 0.138991 0.890959 0.158423 
9 0.884043 0.148674 0.894118 0.148740 0.893084 0.829535 0.883008 0.829469 
9 0.073727 0.840332 0.073724 0.819390 0.888045 0.819031 0.888047 0.839973 
9 0.068511 0.148751 0.078586 0.148740 0.078763 0.829855 0.068688 0.829867 
9 0.071669 0.158461 0.075428 0.139030 0.889925 0.819787 0.886166 0.839217 
9 0.073549 0.159217 0.073548 0.138274 0.889080 0.138236 0.889081 0.159178 
2 0.288825 0.287039 0.374338 0.287039 0.374338 0.435853 0.288825 0.435853
2 0.616086 0.560098 0.702364 0.560098 0.702364 0.707194 0.616086 0.707194
5 0.030961 0.426555 0.126405 0.426555 0.126405 0.578139 0.030961 0.578139
5 0.838061 0.424956 0.944400 0.424956 0.944400 0.577306 0.838061 0.577306
