13 0.791063 0.309460 0.814051 0.309460 0.814051 0.334696 0.791063 0.334696 0.791063 0.309460
13 0.121145 0.432334 0.144133 0.432334 0.144133 0.457571 0.121145 0.457571 0.121145 0.432334
13 0.465068 0.431463 0.488057 0.431463 0.488057 0.456700 0.465068 0.456700 0.465068 0.431463
13 0.746492 0.651001 0.769480 0.651001 0.769480 0.676237 0.746492 0.676237 0.746492 0.651001
13 0.403684 0.807382 0.426673 0.807382 0.426673 0.832618 0.403684 0.832618 0.403684 0.807382
9 0.132652 0.451262 0.132626 0.438643 0.476549 0.437773 0.476576 0.450391 
9 0.470906 0.442968 0.482219 0.445195 0.420836 0.821113 0.409522 0.818887 
9 0.473233 0.449225 0.479892 0.438939 0.761315 0.658476 0.754657 0.668762 
3 0.821117 0.445237 0.802426 0.568195 0.748380 0.677829 0.664836 0.762258 0.560846 0.812333 0.447680 0.822627 0.337601 0.792025 0.242537 0.723844 0.172791 0.625470 0.135920 0.507566 0.135920 0.382907 0.172791 0.265003 0.242537 0.166630 0.337601 0.098448 0.447680 0.067846 0.560846 0.078140 0.664836 0.128215 0.748380 0.212644 0.802426 0.322278 0.821117 0.445237
22 0.830155 0.219939 0.905690 0.219939 0.905690 0.326471 0.830155 0.326471
22 0.449340 0.297489 0.526001 0.297489 0.526001 0.407381 0.449340 0.407381
22 0.035054 0.390453 0.113190 0.390453 0.113190 0.494106 0.035054 0.494106
18 0.466267 0.559366 0.604786 0.559366 0.604786 0.663716 0.466267 0.663716
22 0.753179 0.669395 0.828461 0.669395 0.828461 0.777107 0.753179 0.777107
22 0.363194 0.842736 0.444530 0.842736 0.444530 0.949066 0.363194 0.949066
18 0.304079 0.465979 0.442973 0.465979 0.442973 0.568522 0.304079 0.568522
