13 0.119143 0.098359 0.138327 0.098359 0.138327 0.124937 0.119143 0.124937 0.119143 0.098359
13 0.579664 0.110140 0.598849 0.110140 0.598849 0.136718 0.579664 0.136718 0.579664 0.110140
13 0.454595 0.285378 0.473780 0.285378 0.473780 0.311956 0.454595 0.311956 0.454595 0.285378
13 0.120096 0.293085 0.139281 0.293085 0.139281 0.319663 0.120096 0.319663 0.120096 0.293085
13 0.120056 0.748140 0.139241 0.748140 0.139241 0.774718 0.120056 0.774718 0.120056 0.748140
13 0.791028 0.748854 0.810212 0.748854 0.810212 0.775432 0.791028 0.775432 0.791028 0.748854
13 0.934623 0.748344 0.953807 0.748344 0.953807 0.774922 0.934623 0.774922 0.934623 0.748344
9 0.123939 0.111661 0.133531 0.111635 0.134445 0.761416 0.124853 0.761442 
9 0.129648 0.768073 0.129650 0.754784 0.944216 0.754988 0.944214 0.768277 
9 0.585861 0.118735 0.592651 0.128122 0.133044 0.766122 0.126254 0.756735 
22 0.039176 0.267645 0.104311 0.267645 0.104311 0.378756 0.039176 0.378756
22 0.437298 0.344198 0.502436 0.344198 0.502436 0.454392 0.437298 0.454392
12 0.110239 0.630323 0.220726 0.630323 0.220726 0.779639 0.110239 0.779639
22 0.066409 0.803176 0.133021 0.803176 0.133021 0.916837 0.066409 0.916837
22 0.759597 0.803799 0.826354 0.803799 0.826354 0.918021 0.759597 0.918021
