13 0.905525 0.240792 0.936059 0.240792 0.936059 0.276034 0.905525 0.276034 0.905525 0.240792
13 0.078792 0.242379 0.109327 0.242379 0.109327 0.277621 0.078792 0.277621 0.078792 0.242379
13 0.079782 0.822836 0.110317 0.822836 0.110317 0.858078 0.079782 0.858078 0.079782 0.822836
9 0.094072 0.268811 0.094047 0.251189 0.920779 0.249602 0.920805 0.267223 
9 0.099028 0.847976 0.091071 0.832938 0.916813 0.250893 0.924771 0.265932 
9 0.086426 0.260017 0.101693 0.259983 0.102683 0.840440 0.087416 0.840474 
19 0.424764 0.073852 0.576005 0.073852 0.576005 0.220788 0.424764 0.220788
19 0.479947 0.593079 0.631507 0.593079 0.631507 0.745214 0.479947 0.745214
18 0.128484 0.583175 0.260202 0.583175 0.260202 0.724475 0.128484 0.724475
12 0.073429 0.233412 0.254039 0.233412 0.254039 0.441094 0.073429 0.441094
