13 0.167352 0.504811 0.196872 0.504811 0.196872 0.533383 0.167352 0.533383 0.167352 0.504811
13 0.424568 0.442003 0.454088 0.442003 0.454088 0.470574 0.424568 0.470574 0.424568 0.442003
13 0.072383 0.053394 0.101903 0.053394 0.101903 0.081965 0.072383 0.081965 0.072383 0.053394
13 0.249458 0.921521 0.278978 0.921521 0.278978 0.950092 0.249458 0.950092 0.249458 0.921521
13 0.586998 0.634036 0.616518 0.634036 0.616518 0.662607 0.586998 0.662607 0.586998 0.634036
13 0.936668 0.340812 0.966189 0.340812 0.966189 0.369384 0.936668 0.369384 0.936668 0.340812
13 0.507621 0.201414 0.537141 0.201414 0.537141 0.229986 0.507621 0.229986 0.507621 0.201414
9 0.183917 0.526023 0.180306 0.512171 0.437522 0.449363 0.441133 0.463214 
9 0.079903 0.069063 0.094383 0.066296 0.271458 0.934423 0.256977 0.937190 
9 0.269071 0.941187 0.259364 0.930426 0.946575 0.349717 0.956282 0.360479 
9 0.084745 0.074435 0.089541 0.060924 0.953827 0.348343 0.949030 0.361853 
3 0.687907 0.451532 0.674112 0.531540 0.634224 0.602878 0.572565 0.657815 0.495815 0.690398 0.412293 0.697097 0.331050 0.677184 0.260889 0.632819 0.209413 0.568809 0.182200 0.492089 0.182200 0.410975 0.209413 0.334256 0.260889 0.270245 0.331050 0.225880 0.412293 0.205968 0.495815 0.212666 0.572565 0.245249 0.634224 0.300186 0.674112 0.371524 0.687907 0.451532
19 0.275105 0.508528 0.459404 0.508528 0.459404 0.607141 0.275105 0.607141
