13 0.427860 0.446872 0.458278 0.446872 0.458278 0.481959 0.427860 0.481959 0.427860 0.446872
13 0.636672 0.449656 0.667090 0.449656 0.667090 0.484744 0.636672 0.484744 0.636672 0.449656
13 0.756853 0.448792 0.787271 0.448792 0.787271 0.483879 0.756853 0.483879 0.756853 0.448792
13 0.638623 0.740763 0.669041 0.740763 0.669041 0.775851 0.638623 0.775851 0.638623 0.740763
9 0.443031 0.473187 0.443108 0.455644 0.772100 0.457564 0.772024 0.475107 
9 0.437210 0.470007 0.448929 0.458824 0.659692 0.752716 0.647973 0.763898 
9 0.644277 0.467268 0.659486 0.467132 0.661436 0.758239 0.646228 0.758375 
3 0.772504 0.462561 0.754684 0.585747 0.703153 0.695584 0.623497 0.780170 0.524347 0.830338 0.416447 0.840651 0.311491 0.809992 0.220851 0.741684 0.154351 0.643129 0.119196 0.525006 0.119196 0.400116 0.154351 0.281993 0.220851 0.183437 0.311491 0.115129 0.416447 0.084471 0.524347 0.094784 0.623497 0.144952 0.703153 0.229537 0.754684 0.339374 0.772504 0.462561
12 0.562715 0.445759 0.669870 0.445759 0.669870 0.570167 0.562715 0.570167
22 0.596548 0.332631 0.679021 0.332631 0.679021 0.443786 0.596548 0.443786
22 0.630687 0.765583 0.721052 0.765583 0.721052 0.875616 0.630687 0.875616
19 0.661216 0.541632 0.718394 0.541632 0.718394 0.624744 0.661216 0.624744
19 0.696489 0.350114 0.754346 0.350114 0.754346 0.452262 0.696489 0.452262
22 0.326186 0.400494 0.414487 0.400494 0.414487 0.516720 0.326186 0.516720
22 0.790018 0.405997 0.872971 0.405997 0.872971 0.516192 0.790018 0.516192
19 0.443931 0.569488 0.507701 0.569488 0.507701 0.675456 0.443931 0.675456
