13 0.257048 0.761904 0.273375 0.761904 0.273375 0.779525 0.257048 0.779525 0.257048 0.761904
13 0.746939 0.711189 0.763265 0.711189 0.763265 0.728811 0.746939 0.728811 0.746939 0.711189
13 0.627419 0.207618 0.643745 0.207618 0.643745 0.225239 0.627419 0.225239 0.627419 0.207618
9 0.265601 0.775099 0.264822 0.766329 0.754712 0.715615 0.755492 0.724385 
9 0.631628 0.217522 0.639536 0.215335 0.759056 0.718907 0.751148 0.721093 
3 0.810950 0.525246 0.793534 0.637889 0.743173 0.738326 0.665326 0.815672 0.568427 0.861546 0.462978 0.870977 0.360405 0.842942 0.271824 0.780480 0.206833 0.690360 0.172476 0.582346 0.172476 0.468145 0.206833 0.360132 0.271824 0.270011 0.360405 0.207549 0.462978 0.179514 0.568427 0.188945 0.665326 0.234819 0.743173 0.312165 0.793534 0.412602 0.810950 0.525246
22 0.175132 0.759120 0.256355 0.759120 0.256355 0.854904 0.175132 0.854904
22 0.768885 0.689680 0.841958 0.689680 0.841958 0.785742 0.768885 0.785742
22 0.599725 0.091763 0.685650 0.091763 0.685650 0.188906 0.599725 0.188906
18 0.589992 0.613043 0.715589 0.613043 0.715589 0.710675 0.589992 0.710675
