13 0.470761 0.775775 0.490465 0.775775 0.490465 0.804866 0.470761 0.804866 0.470761 0.775775
13 0.028258 0.463194 0.047963 0.463194 0.047963 0.492284 0.028258 0.492284 0.028258 0.463194
13 0.471467 0.463194 0.491171 0.463194 0.491171 0.492284 0.471467 0.492284 0.471467 0.463194
13 0.471467 0.148528 0.491171 0.148528 0.491171 0.177619 0.471467 0.177619 0.471467 0.148528
13 0.915381 0.463194 0.935085 0.463194 0.935085 0.492284 0.915381 0.492284 0.915381 0.463194
9 0.486180 0.794392 0.476328 0.794416 0.475618 0.161458 0.485470 0.161434 
9 0.478407 0.167999 0.482681 0.154894 0.924895 0.469277 0.920621 0.482382 
9 0.920592 0.469297 0.924924 0.482361 0.482710 0.801984 0.478378 0.788920 
9 0.482696 0.789958 0.478392 0.803042 0.034049 0.484467 0.038352 0.471383 
9 0.036918 0.485198 0.036902 0.470652 0.923460 0.468556 0.923476 0.483102 
9 0.039065 0.485513 0.034756 0.472433 0.478389 0.153858 0.482699 0.166938 
19 0.662650 0.342340 0.726817 0.342340 0.726817 0.454857 0.662650 0.454857
7 0.497673 0.593544 0.578518 0.593544 0.578518 0.680339 0.497673 0.680339
19 0.229365 0.337983 0.424525 0.337983 0.424525 0.456891 0.229365 0.456891
19 0.648969 0.075991 0.882448 0.075991 0.882448 0.202354 0.648969 0.202354
19 0.638234 0.761698 0.915024 0.761698 0.915024 0.890253 0.638234 0.890253
1 0.497537 0.596364 0.669951 0.596364 0.669951 0.745455 0.497537 0.745455
7 0.497818 0.274720 0.577771 0.274720 0.577771 0.362058 0.497818 0.362058
1 0.495074 0.218182 0.672414 0.218182 0.672414 0.363636 0.495074 0.363636
