13 0.204253 0.182385 0.227714 0.182385 0.227714 0.208875 0.204253 0.208875 0.204253 0.182385
13 0.762780 0.181041 0.786240 0.181041 0.786240 0.207531 0.762780 0.207531 0.762780 0.181041
13 0.298034 0.276660 0.321495 0.276660 0.321495 0.303150 0.298034 0.303150 0.298034 0.276660
13 0.670088 0.276167 0.693548 0.276167 0.693548 0.302657 0.670088 0.302657 0.670088 0.276167
13 0.484662 0.469612 0.508123 0.469612 0.508123 0.496102 0.484662 0.496102 0.484662 0.469612
13 0.204179 0.756041 0.227639 0.756041 0.227639 0.782531 0.204179 0.782531 0.204179 0.756041
13 0.763354 0.757422 0.786814 0.757422 0.786814 0.783912 0.763354 0.783912 0.763354 0.757422
13 0.063396 0.902826 0.086856 0.902826 0.086856 0.929316 0.063396 0.929316 0.063396 0.902826
13 0.903674 0.903184 0.927134 0.903184 0.927134 0.929674 0.903674 0.929674 0.903674 0.903184
9 0.215996 0.202253 0.215971 0.189008 0.774497 0.187663 0.774522 0.200908 
9 0.768782 0.195711 0.780238 0.192861 0.921132 0.915004 0.909676 0.917853 
9 0.210256 0.194203 0.221711 0.197058 0.080853 0.917499 0.069399 0.914644 
9 0.075124 0.922694 0.075128 0.909449 0.915406 0.909806 0.915402 0.923051 
9 0.309771 0.296527 0.309757 0.283282 0.681811 0.282789 0.681825 0.296034 
9 0.676089 0.290827 0.687548 0.287996 0.780814 0.769251 0.769355 0.772082 
9 0.215896 0.775908 0.215922 0.762663 0.775097 0.764044 0.775071 0.777289 
9 0.304037 0.288475 0.315491 0.291334 0.221636 0.770715 0.210182 0.767856 
19 0.442287 0.055854 0.550140 0.055854 0.550140 0.166663 0.442287 0.166663
19 0.459705 0.324414 0.531133 0.324414 0.531133 0.434378 0.459705 0.434378
22 0.535896 0.445639 0.619249 0.445639 0.619249 0.568879 0.535896 0.568879
