13 0.063326 0.640376 0.093977 0.640376 0.093977 0.671504 0.063326 0.671504 0.063326 0.640376
13 0.063326 0.830150 0.093977 0.830150 0.093977 0.861278 0.063326 0.861278 0.063326 0.830150
13 0.468481 0.639226 0.499133 0.639226 0.499133 0.670354 0.468481 0.670354 0.468481 0.639226
13 0.780867 0.830785 0.811518 0.830785 0.811518 0.861913 0.780867 0.861913 0.780867 0.830785
13 0.781244 0.142331 0.811896 0.142331 0.811896 0.173459 0.781244 0.173459 0.781244 0.142331
13 0.063950 0.142848 0.094602 0.142848 0.094602 0.173977 0.063950 0.173977 0.063950 0.142848
13 0.063326 0.395864 0.093977 0.395864 0.093977 0.426993 0.063326 0.426993 0.063326 0.395864
13 0.468707 0.396767 0.499359 0.396767 0.499359 0.427895 0.468707 0.427895 0.468707 0.396767
9 0.078673 0.663722 0.078630 0.648158 0.483786 0.647008 0.483828 0.662572 
9 0.070989 0.648158 0.086315 0.648158 0.086315 0.853496 0.070989 0.853496 
9 0.078645 0.853496 0.078658 0.837932 0.796199 0.838567 0.796186 0.854131 
9 0.788907 0.157890 0.804233 0.157899 0.803855 0.846354 0.788529 0.846345 
9 0.079281 0.166195 0.079270 0.150631 0.796565 0.150113 0.796576 0.165677 
9 0.071613 0.158393 0.086939 0.158432 0.086314 0.411448 0.070989 0.411409 
9 0.078635 0.419211 0.078668 0.403646 0.484050 0.404549 0.484016 0.420113 
9 0.476370 0.412323 0.491696 0.412338 0.491470 0.654797 0.476144 0.654783 
19 0.820452 0.467955 0.887281 0.467955 0.887281 0.565507 0.820452 0.565507
19 0.398523 0.035633 0.469415 0.035633 0.469415 0.133717 0.398523 0.133717
19 0.399173 0.859175 0.469535 0.859175 0.469535 0.955244 0.399173 0.955244
19 0.252935 0.289181 0.324406 0.289181 0.324406 0.386849 0.252935 0.386849
19 0.510321 0.469126 0.578090 0.469126 0.578090 0.566361 0.510321 0.566361
19 0.252097 0.530444 0.324130 0.530444 0.324130 0.628133 0.252097 0.628133
