13 0.573882 0.165693 0.596228 0.165693 0.596228 0.187551 0.573882 0.187551 0.573882 0.165693
13 0.339996 0.186633 0.362342 0.186633 0.362342 0.208491 0.339996 0.208491 0.339996 0.186633
13 0.764065 0.296954 0.786411 0.296954 0.786411 0.318812 0.764065 0.318812 0.764065 0.296954
13 0.173882 0.344464 0.196228 0.344464 0.196228 0.366322 0.173882 0.366322 0.173882 0.344464
13 0.485970 0.479574 0.508316 0.479574 0.508316 0.501432 0.485970 0.501432 0.485970 0.479574
13 0.824541 0.517935 0.846887 0.517935 0.846887 0.539793 0.824541 0.539793 0.824541 0.517935
13 0.151684 0.575663 0.174030 0.575663 0.174030 0.597521 0.151684 0.597521 0.151684 0.575663
13 0.725970 0.726501 0.748316 0.726501 0.748316 0.748359 0.725970 0.748359 0.725970 0.726501
13 0.284541 0.763280 0.306887 0.763280 0.306887 0.785138 0.284541 0.785138 0.284541 0.763280
13 0.512343 0.823622 0.534690 0.823622 0.534690 0.845480 0.512343 0.845480 0.512343 0.823622
9 0.351678 0.203004 0.350660 0.192120 0.584546 0.171181 0.585564 0.182064 
9 0.581834 0.181087 0.588276 0.172157 0.778459 0.303418 0.772017 0.312348 
9 0.769842 0.309296 0.780635 0.306470 0.841111 0.527451 0.830318 0.530277 
9 0.830643 0.526571 0.840785 0.531157 0.742214 0.739723 0.732072 0.735137 
9 0.525871 0.839506 0.521162 0.829596 0.734788 0.732475 0.739498 0.742386 
9 0.294254 0.779483 0.297175 0.768934 0.524977 0.829276 0.522056 0.839825 
9 0.158265 0.589704 0.167450 0.583481 0.300307 0.771097 0.291122 0.777320 
9 0.179493 0.354882 0.190617 0.355904 0.168419 0.587103 0.157295 0.586081 
9 0.188947 0.359313 0.181162 0.351474 0.347276 0.193643 0.355061 0.201482 
22 0.255027 0.083467 0.341855 0.083467 0.341855 0.180012 0.255027 0.180012
22 0.576886 0.054509 0.654239 0.054509 0.654239 0.154925 0.576886 0.154925
22 0.790431 0.222159 0.868932 0.222159 0.868932 0.323344 0.790431 0.323344
22 0.854431 0.479424 0.935390 0.479424 0.935390 0.578360 0.854431 0.578360
22 0.740078 0.742487 0.812064 0.742487 0.812064 0.845691 0.740078 0.845691
22 0.489349 0.854288 0.561924 0.854288 0.561924 0.955212 0.489349 0.955212
22 0.207093 0.788849 0.292135 0.788849 0.292135 0.888882 0.207093 0.888882
22 0.056549 0.551872 0.139486 0.551872 0.139486 0.651367 0.056549 0.651367
22 0.115882 0.302964 0.166707 0.302964 0.166707 0.400107 0.115882 0.400107
22 0.459021 0.524896 0.548663 0.524896 0.548663 0.624280 0.459021 0.624280
