13 0.065310 0.661368 0.083450 0.661368 0.083450 0.683048 0.065310 0.683048 0.065310 0.661368
13 0.528011 0.945827 0.546152 0.945827 0.546152 0.967507 0.528011 0.967507 0.528011 0.945827
13 0.477128 0.661248 0.495268 0.661248 0.495268 0.682928 0.477128 0.682928 0.477128 0.661248
13 0.921552 0.663446 0.939692 0.663446 0.939692 0.685126 0.921552 0.685126 0.921552 0.663446
13 0.922104 0.444105 0.940244 0.444105 0.940244 0.465785 0.922104 0.465785 0.922104 0.444105
13 0.417963 0.322969 0.436104 0.322969 0.436104 0.344650 0.417963 0.344650 0.417963 0.322969
13 0.066528 0.240588 0.084668 0.240588 0.084668 0.262269 0.066528 0.262269 0.066528 0.240588
13 0.370660 0.055134 0.388801 0.055134 0.388801 0.076814 0.370660 0.076814 0.370660 0.055134
9 0.074371 0.677628 0.074389 0.666788 0.930631 0.668866 0.930613 0.679706 
9 0.074713 0.256744 0.076483 0.246113 0.932059 0.449629 0.930289 0.460261 
9 0.375293 0.067094 0.384168 0.064854 0.541519 0.955547 0.532644 0.957786 
16 0.346551 0.213726 0.394634 0.213726 0.394634 0.303215 0.346551 0.303215
16 0.429473 0.229676 0.485045 0.229676 0.485045 0.321826 0.429473 0.321826
16 0.363775 0.348477 0.418316 0.348477 0.418316 0.439161 0.363775 0.439161
16 0.454925 0.368075 0.509277 0.368075 0.509277 0.458794 0.454925 0.458794
16 0.398824 0.561728 0.453535 0.561728 0.453535 0.654066 0.398824 0.654066
16 0.488856 0.562489 0.543160 0.562489 0.543160 0.652535 0.488856 0.652535
16 0.421503 0.688956 0.476171 0.688956 0.476171 0.779022 0.421503 0.779022
16 0.511698 0.687021 0.564259 0.687021 0.564259 0.777896 0.511698 0.777896
