13 0.110860 0.048115 0.126333 0.048115 0.126333 0.081037 0.110860 0.081037 0.110860 0.048115
13 0.343667 0.046622 0.359140 0.046622 0.359140 0.079544 0.343667 0.079544 0.343667 0.046622
13 0.521210 0.046249 0.536684 0.046249 0.536684 0.079171 0.521210 0.079171 0.521210 0.046249
13 0.855596 0.047369 0.871070 0.047369 0.871070 0.080291 0.855596 0.080291 0.855596 0.047369
13 0.947263 0.228220 0.962737 0.228220 0.962737 0.261142 0.947263 0.261142 0.947263 0.228220
13 0.854420 0.238858 0.869894 0.238858 0.869894 0.271780 0.854420 0.271780 0.854420 0.238858
13 0.521596 0.280939 0.537070 0.280939 0.537070 0.313860 0.521596 0.313860 0.521596 0.280939
13 0.343930 0.302688 0.359404 0.302688 0.359404 0.335610 0.343930 0.335610 0.343930 0.302688
13 0.110596 0.334603 0.126070 0.334603 0.126070 0.367525 0.110596 0.367525 0.110596 0.334603
13 0.028930 0.342877 0.044404 0.342877 0.044404 0.375799 0.028930 0.375799 0.028930 0.342877
13 0.029115 0.494965 0.044589 0.494965 0.044589 0.527887 0.029115 0.527887 0.029115 0.494965
13 0.110596 0.515454 0.126070 0.515454 0.126070 0.548376 0.110596 0.548376 0.110596 0.515454
13 0.343215 0.582830 0.358689 0.582830 0.358689 0.615752 0.343215 0.615752 0.343215 0.582830
13 0.522263 0.632982 0.537737 0.632982 0.537737 0.665904 0.522263 0.665904 0.522263 0.632982
13 0.854670 0.729008 0.870144 0.729008 0.870144 0.761930 0.854670 0.761930 0.854670 0.729008
13 0.948295 0.757264 0.963769 0.757264 0.963769 0.790186 0.948295 0.790186 0.948295 0.757264
13 0.110596 0.887794 0.126070 0.887794 0.126070 0.920716 0.110596 0.920716 0.110596 0.887794
13 0.521596 0.885312 0.537070 0.885312 0.537070 0.918234 0.521596 0.918234 0.521596 0.885312
13 0.343930 0.887794 0.359404 0.887794 0.359404 0.920716 0.343930 0.920716 0.343930 0.887794
13 0.856549 0.888301 0.872023 0.888301 0.872023 0.921223 0.856549 0.921223 0.856549 0.888301
9 0.036893 0.367554 0.036440 0.351122 0.954773 0.236465 0.955227 0.252897 
9 0.036338 0.519584 0.037366 0.503269 0.956546 0.765568 0.955517 0.781882 
9 0.114728 0.064571 0.122465 0.064582 0.122202 0.904261 0.114465 0.904250 
9 0.347535 0.063089 0.355272 0.063078 0.355535 0.904250 0.347798 0.904261 
9 0.525079 0.062718 0.532816 0.062702 0.533202 0.901765 0.525465 0.901781 
9 0.859465 0.063850 0.867202 0.063810 0.868154 0.904742 0.860417 0.904782 
19 0.206518 0.185552 0.255652 0.185552 0.255652 0.308871 0.206518 0.308871
19 0.414915 0.117393 0.469369 0.117393 0.469369 0.275945 0.414915 0.275945
19 0.675327 0.120610 0.721130 0.120610 0.721130 0.243959 0.675327 0.243959
19 0.649524 0.732538 0.698574 0.732538 0.698574 0.892075 0.649524 0.892075
19 0.412291 0.659936 0.461853 0.659936 0.461853 0.784499 0.412291 0.784499
19 0.197466 0.603698 0.255003 0.603698 0.255003 0.763158 0.197466 0.763158
10 0.091774 0.375476 0.143804 0.375476 0.143804 0.521442 0.091774 0.521442
10 0.325460 0.372688 0.378862 0.372688 0.378862 0.521562 0.325460 0.521562
10 0.502636 0.370760 0.557218 0.370760 0.557218 0.523545 0.502636 0.523545
10 0.836484 0.376392 0.890649 0.376392 0.890649 0.523895 0.836484 0.523895
