13 0.227234 0.425679 0.255403 0.425679 0.255403 0.451486 0.227234 0.451486 0.227234 0.425679
13 0.482386 0.429043 0.510555 0.429043 0.510555 0.454850 0.482386 0.454850 0.482386 0.429043
13 0.734186 0.427714 0.762355 0.427714 0.762355 0.453520 0.734186 0.453520 0.734186 0.427714
9 0.241288 0.445034 0.241350 0.432131 0.748302 0.434166 0.748240 0.447069 
3 0.873925 0.438288 0.853332 0.551345 0.793784 0.652151 0.701735 0.729781 0.587159 0.775824 0.462473 0.785289 0.341188 0.757151 0.236446 0.694460 0.159600 0.604008 0.118976 0.495599 0.118976 0.380978 0.159600 0.272568 0.236446 0.182117 0.341188 0.119425 0.462473 0.091288 0.587159 0.100753 0.701735 0.146795 0.793784 0.224426 0.853332 0.325231 0.873925 0.438288
3 0.747722 0.438505 0.733969 0.514012 0.694199 0.581336 0.632723 0.633182 0.556203 0.663932 0.472929 0.670254 0.391927 0.651462 0.321975 0.609593 0.270652 0.549183 0.243521 0.476781 0.243521 0.400230 0.270652 0.327827 0.321975 0.267418 0.391927 0.225549 0.472929 0.206757 0.556203 0.213079 0.632723 0.243829 0.694199 0.295675 0.733969 0.362999 0.747722 0.438505
19 0.400213 0.278988 0.589018 0.278988 0.589018 0.391546 0.400213 0.391546
19 0.399440 0.812274 0.588142 0.812274 0.588142 0.926968 0.399440 0.926968
1 0.595070 0.832258 0.919014 0.832258 0.919014 0.916129 0.595070 0.916129
1 0.088028 0.835484 0.390845 0.835484 0.390845 0.922581 0.088028 0.922581
8 0.093778 0.845013 0.211479 0.845013 0.211479 0.909844 0.093778 0.909844
8 0.776459 0.844305 0.897237 0.844305 0.897237 0.909692 0.776459 0.909692
