13 0.049709 0.825576 0.063132 0.825576 0.063132 0.845281 0.049709 0.845281 0.049709 0.825576
13 0.146985 0.824433 0.160408 0.824433 0.160408 0.844138 0.146985 0.844138 0.146985 0.824433
13 0.242316 0.824433 0.255739 0.824433 0.255739 0.844138 0.242316 0.844138 0.242316 0.824433
13 0.356268 0.481576 0.369691 0.481576 0.369691 0.501281 0.356268 0.501281 0.356268 0.481576
13 0.471401 0.133719 0.484824 0.133719 0.484824 0.153424 0.471401 0.153424 0.471401 0.133719
13 0.881226 0.824433 0.894649 0.824433 0.894649 0.844138 0.881226 0.844138 0.881226 0.824433
9 0.056423 0.840355 0.056417 0.830502 0.887935 0.829360 0.887941 0.839212 
9 0.475582 0.146807 0.480643 0.140336 0.890468 0.831050 0.885407 0.837521 
9 0.475096 0.141415 0.481130 0.145728 0.252044 0.836442 0.246010 0.832129 
9 0.361615 0.495929 0.364343 0.486928 0.889302 0.829785 0.886574 0.838786 
22 0.445611 0.032131 0.501659 0.032131 0.501659 0.125094 0.445611 0.125094
22 0.301694 0.413780 0.353999 0.413780 0.353999 0.506302 0.301694 0.506302
22 0.129198 0.863372 0.177171 0.863372 0.177171 0.958481 0.129198 0.958481
22 0.226000 0.849603 0.275481 0.849603 0.275481 0.943724 0.226000 0.943724
22 0.883311 0.847727 0.935040 0.847727 0.935040 0.945022 0.883311 0.945022
12 0.330506 0.480392 0.426900 0.480392 0.426900 0.617609 0.330506 0.617609
1 0.696309 0.785714 0.837248 0.785714 0.837248 0.859606 0.696309 0.859606
1 0.697987 0.487685 0.822148 0.487685 0.822148 0.761084 0.697987 0.761084
7 0.772819 0.700768 0.819531 0.700768 0.819531 0.764354 0.772819 0.764354
7 0.787009 0.783574 0.834118 0.783574 0.834118 0.836071 0.787009 0.836071
18 0.600332 0.850245 0.861768 0.850245 0.861768 0.960310 0.600332 0.960310
18 0.684732 0.376565 0.936774 0.376565 0.936774 0.483351 0.684732 0.483351
