13 0.157209 0.873972 0.170791 0.873972 0.170791 0.899613 0.157209 0.899613 0.157209 0.873972
13 0.838209 0.873972 0.851791 0.873972 0.851791 0.899613 0.838209 0.899613 0.838209 0.873972
13 0.956542 0.390743 0.970125 0.390743 0.970125 0.416384 0.956542 0.416384 0.956542 0.390743
13 0.779269 0.061508 0.792852 0.061508 0.792852 0.087149 0.779269 0.087149 0.779269 0.061508
13 0.215875 0.062651 0.229458 0.062651 0.229458 0.088292 0.215875 0.088292 0.215875 0.062651
13 0.039209 0.389695 0.052791 0.389695 0.052791 0.415336 0.039209 0.415336 0.039209 0.389695
9 0.042915 0.405195 0.049085 0.399837 0.167085 0.884114 0.160915 0.889471 
9 0.045998 0.408926 0.046002 0.396105 0.963335 0.397154 0.963331 0.409974 
9 0.783679 0.078898 0.788442 0.069759 0.965715 0.398994 0.960952 0.408134 
9 0.222670 0.081882 0.222663 0.069061 0.786057 0.067918 0.786064 0.080738 
9 0.048377 0.407093 0.043623 0.397939 0.220289 0.070895 0.225044 0.080049 
9 0.164000 0.893203 0.164000 0.880382 0.845000 0.880382 0.845000 0.893203 
9 0.960251 0.400874 0.966416 0.406254 0.848082 0.889482 0.841918 0.884103 
18 0.219711 0.090406 0.313624 0.090406 0.313624 0.219190 0.219711 0.219190
18 0.690063 0.090576 0.782709 0.090576 0.782709 0.218809 0.690063 0.218809
18 0.125607 0.275727 0.222257 0.275727 0.222257 0.382267 0.125607 0.382267
18 0.784539 0.273976 0.881738 0.273976 0.881738 0.382842 0.784539 0.382842
18 0.086269 0.420591 0.315548 0.420591 0.315548 0.550441 0.086269 0.550441
18 0.697497 0.422902 0.927478 0.422902 0.927478 0.551142 0.697497 0.551142
18 0.164270 0.727094 0.418366 0.727094 0.418366 0.870612 0.164270 0.870612
18 0.598491 0.726782 0.856880 0.726782 0.856880 0.868848 0.598491 0.868848
