13 0.260196 0.235397 0.281643 0.235397 0.281643 0.281111 0.260196 0.281111 0.260196 0.235397
13 0.488906 0.236139 0.510353 0.236139 0.510353 0.281854 0.488906 0.281854 0.488906 0.236139
13 0.029276 0.728251 0.050724 0.728251 0.050724 0.773965 0.029276 0.773965 0.029276 0.728251
13 0.259871 0.726130 0.281319 0.726130 0.281319 0.771844 0.259871 0.771844 0.259871 0.726130
13 0.704943 0.727025 0.726391 0.727025 0.726391 0.772739 0.704943 0.772739 0.704943 0.727025
13 0.936650 0.728486 0.958098 0.728486 0.958098 0.774200 0.936650 0.774200 0.936650 0.728486
9 0.039999 0.762537 0.040001 0.739680 0.947374 0.739915 0.947373 0.762772 
9 0.265558 0.258238 0.276281 0.258270 0.275957 0.749003 0.265233 0.748971 
9 0.270911 0.269682 0.270928 0.246825 0.499638 0.247568 0.499621 0.270425 
9 0.495719 0.266815 0.503540 0.251178 0.719577 0.742063 0.711756 0.757701 
20 0.872654 0.469039 0.931530 0.469039 0.931530 0.647792 0.872654 0.647792
