13 0.073980 0.200851 0.109068 0.200851 0.109068 0.248188 0.073980 0.248188 0.073980 0.200851
13 0.795846 0.199889 0.830934 0.199889 0.830934 0.247226 0.795846 0.247226 0.795846 0.199889
13 0.073197 0.832331 0.108285 0.832331 0.108285 0.879669 0.073197 0.879669 0.073197 0.832331
13 0.794956 0.832581 0.830044 0.832581 0.830044 0.879919 0.794956 0.879919 0.794956 0.832581
9 0.086746 0.234444 0.096302 0.214594 0.817278 0.846325 0.807722 0.866175 
9 0.089221 0.231973 0.089191 0.208304 0.812132 0.206633 0.812162 0.230301 
9 0.088542 0.863805 0.088632 0.840137 0.812192 0.845151 0.812102 0.868819 
9 0.803375 0.219271 0.820919 0.219334 0.819680 0.853673 0.802136 0.853611 
9 0.077956 0.211647 0.095500 0.211647 0.095500 0.863805 0.077956 0.863805 
19 0.399123 0.071006 0.508772 0.071006 0.508772 0.195266 0.399123 0.195266
12 0.723684 0.195266 0.828947 0.195266 0.828947 0.343195 0.723684 0.343195
19 0.460526 0.426036 0.521930 0.426036 0.521930 0.526627 0.460526 0.526627
19 0.828947 0.479290 0.938596 0.479290 0.938596 0.609467 0.828947 0.609467
12 0.070175 0.727811 0.179825 0.727811 0.179825 0.875740 0.070175 0.875740
