13 0.766361 0.873680 0.804456 0.873680 0.804456 0.913680 0.766361 0.913680 0.766361 0.873680
13 0.029303 0.097241 0.067398 0.097241 0.067398 0.137241 0.029303 0.137241 0.029303 0.097241
13 0.765665 0.098157 0.803760 0.098157 0.803760 0.138157 0.765665 0.138157 0.765665 0.098157
9 0.048340 0.127241 0.048362 0.107241 0.784724 0.108157 0.784701 0.128157 
9 0.775189 0.118166 0.794236 0.118147 0.794932 0.893670 0.775885 0.893689 
9 0.041606 0.124301 0.055096 0.110182 0.792154 0.886620 0.778663 0.900739 
12 0.666293 0.091608 0.809824 0.091608 0.809824 0.243754 0.666293 0.243754
18 0.203267 0.142122 0.393689 0.142122 0.393689 0.282988 0.203267 0.282988
19 0.289663 0.533804 0.378203 0.533804 0.378203 0.642913 0.289663 0.642913
19 0.817783 0.393492 0.905084 0.393492 0.905084 0.521786 0.817783 0.521786
