13 0.498968 0.027479 0.523890 0.027479 0.523890 0.047992 0.498968 0.047992 0.498968 0.027479
13 0.157539 0.110813 0.182461 0.110813 0.182461 0.131326 0.157539 0.131326 0.157539 0.110813
13 0.846206 0.198863 0.871128 0.198863 0.871128 0.219376 0.846206 0.219376 0.846206 0.198863
13 0.734478 0.298706 0.759400 0.298706 0.759400 0.319219 0.734478 0.319219 0.734478 0.298706
13 0.328491 0.330545 0.353413 0.330545 0.353413 0.351058 0.328491 0.351058 0.328491 0.330545
13 0.490396 0.363328 0.515318 0.363328 0.515318 0.383841 0.490396 0.383841 0.490396 0.363328
13 0.162968 0.375121 0.187890 0.375121 0.187890 0.395634 0.162968 0.395634 0.162968 0.375121
13 0.916770 0.374722 0.941692 0.374722 0.941692 0.395235 0.916770 0.395235 0.916770 0.374722
13 0.774682 0.407983 0.799604 0.407983 0.799604 0.428495 0.774682 0.428495 0.774682 0.407983
13 0.535071 0.470018 0.559994 0.470018 0.559994 0.490531 0.535071 0.490531 0.535071 0.470018
13 0.051539 0.475593 0.076461 0.475593 0.076461 0.496105 0.051539 0.496105 0.051539 0.475593
13 0.396110 0.509959 0.421032 0.509959 0.421032 0.530472 0.396110 0.530472 0.396110 0.509959
13 0.234292 0.551922 0.259214 0.551922 0.259214 0.572435 0.234292 0.572435 0.234292 0.551922
13 0.093659 0.583209 0.118581 0.583209 0.118581 0.603722 0.093659 0.603722 0.093659 0.583209
13 0.787019 0.785198 0.811942 0.785198 0.811942 0.805711 0.787019 0.805711 0.787019 0.785198
13 0.444682 0.867102 0.469604 0.867102 0.469604 0.887615 0.444682 0.887615 0.444682 0.867102
9 0.111725 0.593630 0.099805 0.596620 0.058781 0.485825 0.070701 0.482835 
9 0.068076 0.488829 0.058842 0.481942 0.170377 0.380644 0.179610 0.387531 
9 0.169086 0.386773 0.180901 0.383513 0.252693 0.559729 0.240878 0.562989 
9 0.104948 0.601103 0.101455 0.591258 0.246321 0.556436 0.249814 0.566282 
9 0.461698 0.871109 0.449805 0.874169 0.166482 0.128152 0.178376 0.125092 
9 0.408145 0.523537 0.404164 0.513818 0.544905 0.474771 0.548885 0.484490 
9 0.552759 0.477896 0.541031 0.481364 0.493591 0.372683 0.505318 0.369215 
9 0.412121 0.517852 0.400188 0.520805 0.334562 0.341188 0.346495 0.338234 
9 0.338326 0.346007 0.341150 0.336018 0.500866 0.366605 0.498042 0.376594 
9 0.794006 0.417597 0.782097 0.420617 0.740191 0.308682 0.752100 0.305662 
9 0.788972 0.424038 0.785549 0.414176 0.929452 0.380335 0.932875 0.390197 
9 0.937046 0.383576 0.925281 0.386956 0.849376 0.207990 0.861141 0.204609 
9 0.751604 0.310568 0.742268 0.303775 0.850590 0.202903 0.859927 0.209696 
9 0.805451 0.790094 0.793573 0.793194 0.503831 0.040998 0.515710 0.037898 
20 0.787799 0.798042 0.863809 0.798042 0.863809 0.889047 0.787799 0.889047
20 0.446501 0.886718 0.517834 0.886718 0.517834 0.952565 0.446501 0.952565
