13 0.602303 0.037601 0.619471 0.037601 0.619471 0.061991 0.602303 0.061991 0.602303 0.037601
13 0.549481 0.115805 0.566648 0.115805 0.566648 0.140195 0.549481 0.140195 0.549481 0.115805
13 0.279258 0.511321 0.296425 0.511321 0.296425 0.535712 0.279258 0.535712 0.279258 0.511321
13 0.028715 0.883043 0.045882 0.883043 0.045882 0.907433 0.028715 0.907433 0.028715 0.883043
13 0.551228 0.884472 0.568396 0.884472 0.568396 0.908862 0.551228 0.908862 0.551228 0.884472
13 0.926036 0.882907 0.943204 0.882907 0.943204 0.907297 0.926036 0.907297 0.926036 0.882907
9 0.607797 0.045564 0.613977 0.054028 0.040388 0.899470 0.034208 0.891006 
9 0.037299 0.901336 0.037298 0.889141 0.934619 0.889004 0.934620 0.901200 
3 0.825530 0.510472 0.810943 0.634667 0.768762 0.745403 0.703559 0.830681 0.622399 0.881259 0.534077 0.891657 0.448164 0.860748 0.373970 0.791880 0.319536 0.692518 0.290759 0.573428 0.290759 0.447516 0.319536 0.328426 0.373970 0.229064 0.448164 0.160197 0.534077 0.129287 0.622399 0.139685 0.703559 0.190263 0.768762 0.275541 0.810943 0.386277 0.825530 0.510472
18 0.351952 0.652033 0.455001 0.652033 0.455001 0.755443 0.351952 0.755443
18 0.101891 0.780175 0.187135 0.780175 0.187135 0.881112 0.101891 0.881112
18 0.807510 0.246411 0.943974 0.246411 0.943974 0.354640 0.807510 0.354640
