13 0.489648 0.139562 0.510981 0.139562 0.510981 0.170213 0.489648 0.170213 0.489648 0.139562
13 0.245262 0.339232 0.266595 0.339232 0.266595 0.369883 0.245262 0.369883 0.245262 0.339232
13 0.734353 0.338960 0.755687 0.338960 0.755687 0.369611 0.734353 0.369611 0.734353 0.338960
13 0.245072 0.744946 0.266406 0.744946 0.266406 0.775598 0.245072 0.775598 0.245072 0.744946
13 0.734353 0.744674 0.755687 0.744674 0.755687 0.775326 0.734353 0.775326 0.734353 0.744674
9 0.255741 0.767935 0.255737 0.752609 0.745018 0.752337 0.745022 0.767663 
9 0.739687 0.346623 0.750353 0.346623 0.750353 0.767663 0.739687 0.767663 
9 0.497683 0.161553 0.502946 0.148222 0.747651 0.347620 0.742389 0.360951 
9 0.258565 0.361219 0.253292 0.347897 0.497678 0.148226 0.502951 0.161548 
9 0.250595 0.354553 0.261262 0.354563 0.261072 0.760277 0.250406 0.760267 
12 0.239485 0.645667 0.331721 0.645667 0.331721 0.779973 0.239485 0.779973
12 0.663869 0.645159 0.759112 0.645159 0.759112 0.780380 0.663869 0.780380
19 0.151092 0.135388 0.348600 0.135388 0.348600 0.258504 0.151092 0.258504
19 0.637609 0.135402 0.835931 0.135402 0.835931 0.259127 0.637609 0.259127
19 0.033165 0.464649 0.227961 0.464649 0.227961 0.590007 0.033165 0.590007
19 0.760260 0.465598 0.958654 0.465598 0.958654 0.590185 0.760260 0.590185
19 0.355872 0.780623 0.619767 0.780623 0.619767 0.906794 0.355872 0.906794
