13 0.175427 0.544596 0.191787 0.544596 0.191787 0.561690 0.175427 0.561690 0.175427 0.544596
13 0.476598 0.808596 0.492957 0.808596 0.492957 0.825690 0.476598 0.825690 0.476598 0.808596
13 0.778705 0.544106 0.795065 0.544106 0.795065 0.561200 0.778705 0.561200 0.778705 0.544106
13 0.476598 0.168596 0.492957 0.168596 0.492957 0.185690 0.476598 0.185690 0.476598 0.168596
13 0.475973 0.544596 0.492333 0.544596 0.492333 0.561690 0.475973 0.561690 0.475973 0.544596
9 0.183610 0.557416 0.183603 0.548869 0.786882 0.548380 0.786888 0.556927 
9 0.480688 0.172869 0.488867 0.172869 0.488867 0.821416 0.480688 0.821416 
9 0.481641 0.174400 0.487914 0.179886 0.186743 0.555886 0.180470 0.550400 
3 0.790200 0.495779 0.773644 0.599442 0.725772 0.691872 0.651771 0.763051 0.559660 0.805268 0.459421 0.813947 0.361915 0.788147 0.277711 0.730665 0.215932 0.647729 0.183272 0.548328 0.183272 0.443231 0.215932 0.343829 0.277711 0.260894 0.361915 0.203412 0.459421 0.177612 0.559660 0.186291 0.651771 0.228507 0.725772 0.299687 0.773644 0.392117 0.790200 0.495779
22 0.449741 0.829859 0.524364 0.829859 0.524364 0.922321 0.449741 0.922321
22 0.443202 0.063513 0.527137 0.063513 0.527137 0.156998 0.443202 0.156998
22 0.803425 0.514341 0.877970 0.514341 0.877970 0.609587 0.803425 0.609587
22 0.084186 0.514359 0.164946 0.514359 0.164946 0.609544 0.084186 0.609544
18 0.349556 0.337690 0.472172 0.337690 0.472172 0.431075 0.349556 0.431075
18 0.741335 0.215534 0.866948 0.215534 0.866948 0.311812 0.741335 0.311812
