13 0.512318 0.142227 0.546506 0.142227 0.546506 0.177626 0.512318 0.177626 0.512318 0.142227
13 0.411004 0.463841 0.445192 0.463841 0.445192 0.499239 0.411004 0.499239 0.411004 0.463841
13 0.146268 0.666559 0.180456 0.666559 0.180456 0.701957 0.146268 0.701957 0.146268 0.666559
13 0.517679 0.786439 0.551867 0.786439 0.551867 0.821837 0.517679 0.821837 0.517679 0.786439
9 0.519072 0.158361 0.536165 0.158176 0.542670 0.804046 0.525576 0.804230 
9 0.519366 0.155140 0.533269 0.165438 0.170314 0.690754 0.156411 0.680456 
3 0.756472 0.483441 0.738658 0.593975 0.687146 0.692530 0.607518 0.768428 0.508403 0.813442 0.400542 0.822696 0.295623 0.795187 0.205016 0.733895 0.138539 0.645462 0.103397 0.539472 0.103397 0.427410 0.138539 0.321420 0.205016 0.232987 0.295623 0.171695 0.400542 0.144186 0.508403 0.153440 0.607518 0.198455 0.687146 0.274352 0.738658 0.372908 0.756472 0.483441
22 0.508547 0.026549 0.598291 0.026549 0.598291 0.128319 0.508547 0.128319
2 0.277778 0.398230 0.384615 0.398230 0.384615 0.486726 0.277778 0.486726
18 0.794872 0.384956 0.888889 0.384956 0.888889 0.495575 0.794872 0.495575
2 0.474359 0.482301 0.589744 0.482301 0.589744 0.539823 0.474359 0.539823
22 0.055556 0.663717 0.136752 0.663717 0.136752 0.769912 0.055556 0.769912
22 0.521368 0.818584 0.602564 0.818584 0.602564 0.929204 0.521368 0.929204
18 0.222222 0.831858 0.367521 0.831858 0.367521 0.942478 0.222222 0.942478
