13 0.191856 0.159107 0.220842 0.159107 0.220842 0.184997 0.191856 0.184997 0.191856 0.159107
13 0.891726 0.312985 0.920711 0.312985 0.920711 0.338875 0.891726 0.338875 0.891726 0.312985
13 0.699158 0.447089 0.728144 0.447089 0.728144 0.472979 0.699158 0.472979 0.699158 0.447089
13 0.872650 0.547004 0.901636 0.547004 0.901636 0.572894 0.872650 0.572894 0.872650 0.547004
13 0.122951 0.848226 0.151936 0.848226 0.151936 0.874116 0.122951 0.874116 0.122951 0.848226
9 0.199132 0.171476 0.213567 0.172628 0.144661 0.861747 0.130226 0.860595 
9 0.141898 0.866276 0.132989 0.856066 0.901764 0.320825 0.910673 0.331035 
9 0.898991 0.325460 0.913446 0.326400 0.894370 0.560419 0.879916 0.559479 
9 0.202452 0.177509 0.210246 0.166595 0.891040 0.554492 0.883246 0.565406 
22 0.155720 0.038164 0.263325 0.038164 0.263325 0.142106 0.155720 0.142106
19 0.441283 0.199463 0.551214 0.199463 0.551214 0.296727 0.441283 0.296727
22 0.861005 0.205585 0.968269 0.205585 0.968269 0.310518 0.861005 0.310518
19 0.770460 0.277191 0.837521 0.277191 0.837521 0.375069 0.770460 0.375069
22 0.649958 0.305057 0.760314 0.305057 0.760314 0.414322 0.649958 0.414322
19 0.029100 0.432344 0.147064 0.432344 0.147064 0.531735 0.029100 0.531735
22 0.827086 0.583481 0.934778 0.583481 0.934778 0.691796 0.827086 0.691796
19 0.430849 0.655687 0.551186 0.655687 0.551186 0.755999 0.430849 0.755999
22 0.089035 0.872495 0.187575 0.872495 0.187575 0.975700 0.089035 0.975700
