13 0.538768 0.057831 0.558619 0.057831 0.558619 0.088020 0.538768 0.088020 0.538768 0.057831
13 0.060712 0.689868 0.080563 0.689868 0.080563 0.720057 0.060712 0.720057 0.060712 0.689868
13 0.538529 0.690302 0.558380 0.690302 0.558380 0.720491 0.538529 0.720491 0.538529 0.690302
13 0.895298 0.689868 0.915149 0.689868 0.915149 0.720057 0.895298 0.720057 0.895298 0.689868
9 0.070637 0.712510 0.070637 0.697415 0.905224 0.697415 0.905224 0.712510 
9 0.073893 0.710658 0.067381 0.699267 0.545437 0.067229 0.551949 0.078621 
9 0.544926 0.077839 0.552460 0.068011 0.908990 0.700048 0.901457 0.709876 
9 0.543730 0.072921 0.553656 0.072930 0.553417 0.705401 0.543492 0.705392 
19 0.466456 0.346907 0.525097 0.346907 0.525097 0.475772 0.466456 0.475772
8 0.052939 0.771297 0.139336 0.771297 0.139336 0.850194 0.052939 0.850194
19 0.449261 0.743076 0.509916 0.743076 0.509916 0.874090 0.449261 0.874090
8 0.839932 0.772890 0.928506 0.772890 0.928506 0.851340 0.839932 0.851340
12 0.535275 0.546403 0.652860 0.546403 0.652860 0.718269 0.535275 0.718269
