13 0.179532 0.206867 0.205506 0.206867 0.205506 0.236942 0.179532 0.236942 0.179532 0.206867
13 0.487013 0.207820 0.512987 0.207820 0.512987 0.237895 0.487013 0.237895 0.487013 0.207820
13 0.804587 0.206677 0.830561 0.206677 0.830561 0.236752 0.804587 0.236752 0.804587 0.206677
13 0.180082 0.475188 0.206056 0.475188 0.206056 0.505263 0.180082 0.505263 0.180082 0.475188
13 0.178845 0.749248 0.204819 0.749248 0.204819 0.779323 0.178845 0.779323 0.178845 0.749248
9 0.192521 0.229424 0.192518 0.214386 0.817573 0.214195 0.817576 0.229233 
9 0.195724 0.770304 0.187939 0.758267 0.813682 0.215696 0.821467 0.227733 
9 0.196973 0.496234 0.189166 0.484217 0.496096 0.216849 0.503904 0.228865 
9 0.186026 0.221894 0.199013 0.221916 0.198325 0.764297 0.185338 0.764275 
19 0.088061 0.276080 0.162278 0.276080 0.162278 0.396235 0.088061 0.396235
19 0.088033 0.629337 0.162208 0.629337 0.162208 0.749468 0.088033 0.749468
19 0.318057 0.065126 0.395470 0.065126 0.395470 0.186203 0.318057 0.186203
19 0.669107 0.065346 0.747361 0.065346 0.747361 0.186041 0.669107 0.186041
22 0.837552 0.123974 0.928590 0.123974 0.928590 0.261185 0.837552 0.261185
22 0.462440 0.059434 0.537827 0.059434 0.537827 0.192994 0.462440 0.192994
22 0.077425 0.071482 0.177083 0.071482 0.177083 0.202238 0.077425 0.202238
22 0.029521 0.413058 0.155891 0.413058 0.155891 0.546259 0.029521 0.546259
22 0.112646 0.794577 0.197381 0.794577 0.197381 0.929680 0.112646 0.929680
12 0.173107 0.201181 0.286852 0.201181 0.286852 0.330968 0.173107 0.330968
