13 0.205859 0.064525 0.225959 0.064525 0.225959 0.089761 0.205859 0.089761 0.205859 0.064525
13 0.506383 0.413755 0.526484 0.413755 0.526484 0.438992 0.506383 0.438992 0.506383 0.413755
13 0.116396 0.483486 0.136497 0.483486 0.136497 0.508722 0.116396 0.508722 0.116396 0.483486
13 0.205334 0.526722 0.225435 0.526722 0.225435 0.551959 0.205334 0.551959 0.205334 0.526722
13 0.328738 0.588144 0.348838 0.588144 0.348838 0.613380 0.328738 0.613380 0.328738 0.588144
13 0.205859 0.704525 0.225959 0.704525 0.225959 0.729761 0.205859 0.729761 0.205859 0.704525
13 0.036162 0.867382 0.056262 0.867382 0.056262 0.892618 0.036162 0.892618 0.036162 0.867382
13 0.205707 0.868144 0.225808 0.868144 0.225808 0.893380 0.205707 0.893380 0.205707 0.868144
13 0.896616 0.868144 0.916717 0.868144 0.916717 0.893380 0.896616 0.893380 0.896616 0.868144
9 0.212494 0.081771 0.219325 0.072515 0.910082 0.876134 0.903251 0.885390 
9 0.046209 0.886309 0.046216 0.873691 0.906670 0.874453 0.906663 0.887071 
9 0.211052 0.075525 0.220766 0.078761 0.051069 0.881618 0.041355 0.878382 
9 0.210884 0.077141 0.220934 0.077144 0.220783 0.880763 0.210732 0.880760 
9 0.124610 0.501977 0.128283 0.490231 0.908503 0.874889 0.904830 0.886635 
9 0.049274 0.885003 0.043150 0.874997 0.513372 0.421371 0.519495 0.431376 
22 0.238136 0.392224 0.318047 0.392224 0.318047 0.509324 0.238136 0.509324
22 0.315146 0.634113 0.385967 0.634113 0.385967 0.750292 0.315146 0.750292
22 0.119061 0.628954 0.188239 0.628954 0.188239 0.740595 0.119061 0.740595
0 0.062552 0.727548 0.142355 0.727548 0.142355 0.806316 0.062552 0.806316
0 0.103436 0.796518 0.152256 0.796518 0.152256 0.894419 0.103436 0.894419
12 0.202004 0.784407 0.290991 0.784407 0.290991 0.897534 0.202004 0.897534
4 0.740894 0.796206 0.799872 0.796206 0.799872 0.895610 0.740894 0.895610
4 0.795322 0.766159 0.855434 0.766159 0.855434 0.847681 0.795322 0.847681
