13 0.276106 0.097522 0.297905 0.097522 0.297905 0.119621 0.276106 0.119621 0.276106 0.097522
13 0.699082 0.098950 0.720880 0.098950 0.720880 0.121050 0.699082 0.121050 0.699082 0.098950
13 0.051248 0.463236 0.073046 0.463236 0.073046 0.485335 0.051248 0.485335 0.051248 0.463236
13 0.918479 0.461603 0.940278 0.461603 0.940278 0.483703 0.918479 0.483703 0.918479 0.461603
13 0.489318 0.462357 0.511116 0.462357 0.511116 0.484456 0.489318 0.484456 0.489318 0.462357
13 0.269532 0.825833 0.291331 0.825833 0.291331 0.847933 0.269532 0.847933 0.269532 0.825833
13 0.489101 0.824869 0.510899 0.824869 0.510899 0.846968 0.489101 0.846968 0.489101 0.824869
13 0.695943 0.825141 0.717742 0.825141 0.717742 0.847240 0.695943 0.847240 0.695943 0.825141
9 0.282381 0.105649 0.291630 0.111494 0.066772 0.477208 0.057522 0.471363 
9 0.286987 0.114096 0.287024 0.103047 0.709999 0.104475 0.709963 0.115525 
9 0.705336 0.112889 0.714627 0.107111 0.934024 0.469765 0.924733 0.475542 
9 0.924748 0.469740 0.934009 0.475566 0.711473 0.839104 0.702212 0.833277 
9 0.280440 0.842408 0.280423 0.831358 0.706834 0.830666 0.706851 0.841715 
9 0.057495 0.477164 0.066799 0.471408 0.285083 0.834005 0.275780 0.839761 
9 0.062157 0.479811 0.062137 0.468761 0.929368 0.467128 0.929389 0.478178 
9 0.282302 0.111361 0.291710 0.105782 0.711546 0.833401 0.702139 0.838980 
9 0.705306 0.107161 0.714656 0.112839 0.285106 0.839723 0.275757 0.834044 
9 0.494768 0.473403 0.505667 0.473410 0.505450 0.835922 0.494550 0.835915 
16 0.575072 0.360488 0.637323 0.360488 0.637323 0.453677 0.575072 0.453677
16 0.569287 0.731770 0.633493 0.731770 0.633493 0.821266 0.569287 0.821266
16 0.424177 0.584451 0.482540 0.584451 0.482540 0.674601 0.424177 0.674601
12 0.383348 0.721446 0.513119 0.721446 0.513119 0.848311 0.383348 0.848311
