13 0.263073 0.168208 0.278341 0.168208 0.278341 0.195794 0.263073 0.195794 0.263073 0.168208
13 0.221325 0.474912 0.236592 0.474912 0.236592 0.502498 0.221325 0.502498 0.221325 0.474912
13 0.891084 0.471842 0.906352 0.471842 0.906352 0.499428 0.891084 0.499428 0.891084 0.471842
13 0.265018 0.780292 0.280285 0.780292 0.280285 0.807879 0.265018 0.807879 0.265018 0.780292
9 0.273656 0.800739 0.271647 0.787432 0.897714 0.478981 0.899722 0.492288 
9 0.269720 0.188663 0.271694 0.175339 0.899705 0.478973 0.897731 0.492297 
3 0.403461 0.485758 0.393947 0.588776 0.366436 0.680631 0.323910 0.751368 0.270976 0.793323 0.213371 0.801947 0.157337 0.776308 0.108947 0.719183 0.073444 0.636763 0.054676 0.537979 0.054676 0.433536 0.073444 0.334752 0.108947 0.252332 0.157337 0.195207 0.213371 0.169568 0.270976 0.178193 0.323910 0.220147 0.366436 0.290885 0.393947 0.382739 0.403461 0.485758
22 0.242114 0.042856 0.294299 0.042856 0.294299 0.154631 0.242114 0.154631
22 0.160412 0.427174 0.209631 0.427174 0.209631 0.545010 0.160412 0.545010
22 0.904534 0.439887 0.957509 0.439887 0.957509 0.555791 0.904534 0.555791
19 0.564171 0.662032 0.632583 0.662032 0.632583 0.777125 0.564171 0.777125
22 0.245185 0.810124 0.296558 0.810124 0.296558 0.923374 0.245185 0.923374
19 0.529147 0.155609 0.737576 0.155609 0.737576 0.298336 0.529147 0.298336
