13 0.663432 0.170734 0.697188 0.170734 0.697188 0.208649 0.663432 0.208649 0.663432 0.170734
13 0.405900 0.218230 0.439655 0.218230 0.439655 0.256145 0.405900 0.256145 0.405900 0.218230
13 0.146694 0.259119 0.180449 0.259119 0.180449 0.297033 0.146694 0.297033 0.146694 0.259119
13 0.750959 0.353740 0.784714 0.353740 0.784714 0.391655 0.750959 0.391655 0.750959 0.353740
13 0.433268 0.426033 0.467023 0.426033 0.467023 0.463948 0.433268 0.463948 0.433268 0.426033
13 0.571733 0.570899 0.605488 0.570899 0.605488 0.608813 0.571733 0.608813 0.571733 0.570899
13 0.398867 0.790815 0.432623 0.790815 0.432623 0.828730 0.398867 0.828730 0.398867 0.790815
9 0.162332 0.284668 0.159855 0.265916 0.677833 0.179620 0.680309 0.198372 
9 0.762010 0.362218 0.774573 0.374878 0.423266 0.814710 0.410703 0.802051 
9 0.414432 0.238592 0.431123 0.235783 0.459515 0.448595 0.442824 0.451405 
9 0.445529 0.457050 0.456810 0.442950 0.598542 0.586005 0.587261 0.600106 
3 0.775440 0.447415 0.757848 0.565823 0.706981 0.671401 0.628350 0.752705 0.530475 0.800927 0.423964 0.810841 0.320358 0.781371 0.230885 0.715712 0.165240 0.620979 0.130537 0.507438 0.130537 0.387392 0.165240 0.273850 0.230885 0.179117 0.320358 0.113458 0.423964 0.083989 0.530475 0.093902 0.628350 0.142124 0.706981 0.223429 0.757848 0.329006 0.775440 0.447415
22 0.383966 0.109005 0.459916 0.109005 0.459916 0.218009 0.383966 0.218009
22 0.713080 0.109005 0.822785 0.109005 0.822785 0.222749 0.713080 0.222749
22 0.071730 0.203791 0.151899 0.203791 0.151899 0.312796 0.071730 0.312796
12 0.409283 0.208531 0.514768 0.208531 0.514768 0.327014 0.409283 0.327014
19 0.354430 0.289100 0.417722 0.289100 0.417722 0.393365 0.354430 0.393365
22 0.784810 0.298578 0.864979 0.298578 0.864979 0.407583 0.784810 0.407583
22 0.481013 0.341232 0.569620 0.341232 0.569620 0.450237 0.481013 0.450237
12 0.527426 0.464455 0.649789 0.464455 0.649789 0.597156 0.527426 0.597156
19 0.451477 0.516588 0.514768 0.516588 0.514768 0.620853 0.451477 0.620853
22 0.586498 0.587678 0.687764 0.587678 0.687764 0.696682 0.586498 0.696682
22 0.341772 0.829384 0.430380 0.829384 0.430380 0.943128 0.341772 0.943128
