13 0.100930 0.774705 0.115883 0.774705 0.115883 0.795165 0.100930 0.795165 0.100930 0.774705
13 0.704657 0.681198 0.719611 0.681198 0.719611 0.701659 0.704657 0.701659 0.704657 0.681198
13 0.871184 0.142913 0.886138 0.142913 0.886138 0.163373 0.871184 0.163373 0.871184 0.142913
13 0.256122 0.229770 0.271075 0.229770 0.271075 0.250230 0.256122 0.250230 0.256122 0.229770
13 0.484345 0.460419 0.499299 0.460419 0.499299 0.480880 0.484345 0.480880 0.484345 0.460419
9 0.110328 0.789322 0.106484 0.780548 0.876739 0.148756 0.880583 0.157530 
9 0.263982 0.245088 0.263215 0.234912 0.878277 0.148055 0.879045 0.158231 
9 0.260115 0.238143 0.267082 0.241857 0.111889 0.786792 0.104923 0.783078 
9 0.108827 0.790018 0.107986 0.779852 0.711713 0.686346 0.712554 0.696511 
9 0.261383 0.244120 0.265813 0.235880 0.714349 0.687308 0.709919 0.695549 
9 0.875218 0.151149 0.882104 0.155137 0.715576 0.693423 0.708691 0.689435 
1 0.515888 0.317136 0.583178 0.317136 0.583178 0.401535 0.515888 0.401535
1 0.635514 0.529412 0.691589 0.529412 0.691589 0.618926 0.635514 0.618926
1 0.289720 0.324808 0.355140 0.324808 0.355140 0.406650 0.289720 0.406650
1 0.398131 0.539642 0.454206 0.539642 0.454206 0.603581 0.398131 0.603581
7 0.545627 0.353681 0.576896 0.353681 0.576896 0.392456 0.545627 0.392456
7 0.320668 0.329897 0.349798 0.329897 0.349798 0.364617 0.320668 0.364617
7 0.633745 0.572251 0.663951 0.572251 0.663951 0.610346 0.633745 0.610346
7 0.402510 0.544854 0.436380 0.544854 0.436380 0.586925 0.402510 0.586925
19 0.599983 0.455531 0.760450 0.455531 0.760450 0.560203 0.599983 0.560203
19 0.355697 0.594911 0.516207 0.594911 0.516207 0.692853 0.355697 0.692853
22 0.201626 0.123796 0.261274 0.123796 0.261274 0.224181 0.201626 0.224181
19 0.214401 0.377120 0.407323 0.377120 0.407323 0.490186 0.214401 0.490186
19 0.445501 0.229805 0.638671 0.229805 0.638671 0.328634 0.445501 0.328634
22 0.022312 0.808006 0.102599 0.808006 0.102599 0.911890 0.022312 0.911890
22 0.708567 0.715233 0.766078 0.715233 0.766078 0.818521 0.708567 0.818521
22 0.888681 0.028024 0.956844 0.028024 0.956844 0.130635 0.888681 0.130635
