13 0.504082 0.169067 0.537838 0.169067 0.537838 0.205933 0.504082 0.205933 0.504082 0.169067
13 0.505392 0.514770 0.539148 0.514770 0.539148 0.551636 0.505392 0.551636 0.505392 0.514770
13 0.821295 0.511830 0.855051 0.511830 0.855051 0.548696 0.821295 0.548696 0.821295 0.511830
9 0.514965 0.193986 0.526955 0.181014 0.838105 0.524043 0.826115 0.537016 
9 0.519150 0.539069 0.519283 0.520636 0.833415 0.523343 0.833282 0.541775 
9 0.509539 0.177551 0.526416 0.177551 0.526416 0.539746 0.509539 0.539746 
3 0.830356 0.529620 0.813387 0.640678 0.764321 0.739702 0.688473 0.815960 0.594064 0.861189 0.491323 0.870487 0.391385 0.842846 0.305080 0.781263 0.241759 0.692411 0.208285 0.585917 0.208285 0.473323 0.241759 0.366829 0.305080 0.277977 0.391385 0.216393 0.491323 0.188753 0.594064 0.198051 0.688473 0.243280 0.764321 0.319538 0.813387 0.418561 0.830356 0.529620
3 0.900888 0.354588 0.888803 0.433690 0.853855 0.504220 0.799832 0.558535 0.732589 0.590749 0.659412 0.597371 0.588231 0.577684 0.526759 0.533822 0.481659 0.470536 0.457817 0.394686 0.457817 0.314491 0.481659 0.238640 0.526759 0.175355 0.588231 0.131492 0.659412 0.111805 0.732589 0.118428 0.799832 0.150642 0.853855 0.204957 0.888803 0.275487 0.900888 0.354588
19 0.405063 0.308756 0.476793 0.308756 0.476793 0.414747 0.405063 0.414747
12 0.502110 0.428571 0.611814 0.428571 0.611814 0.548387 0.502110 0.548387
