13 0.117087 0.669484 0.127357 0.669484 0.127357 0.694563 0.117087 0.694563 0.117087 0.669484
13 0.201115 0.386851 0.211385 0.386851 0.211385 0.411929 0.201115 0.411929 0.201115 0.386851
13 0.199865 0.670388 0.210135 0.670388 0.210135 0.695466 0.199865 0.695466 0.199865 0.670388
13 0.362199 0.670388 0.372468 0.670388 0.372468 0.695466 0.362199 0.695466 0.362199 0.670388
13 0.498199 0.670388 0.508468 0.670388 0.508468 0.695466 0.498199 0.695466 0.498199 0.670388
13 0.633199 0.670388 0.643468 0.670388 0.643468 0.695466 0.633199 0.695466 0.633199 0.670388
13 0.897782 0.671404 0.908051 0.671404 0.908051 0.696482 0.897782 0.696482 0.897782 0.671404
13 0.633754 0.207876 0.644024 0.207876 0.644024 0.232955 0.633754 0.232955 0.633754 0.207876
9 0.122218 0.688293 0.122226 0.675754 0.367337 0.676657 0.367329 0.689196 
9 0.203683 0.399323 0.208817 0.399458 0.207567 0.682994 0.202433 0.682859 
9 0.204172 0.395707 0.208328 0.403074 0.124300 0.685707 0.120145 0.678340 
9 0.204749 0.404476 0.207751 0.394304 0.368835 0.677841 0.365832 0.688013 
9 0.636801 0.216767 0.640977 0.224064 0.505421 0.686576 0.501246 0.679278 
9 0.503331 0.689196 0.503336 0.676657 0.902919 0.677674 0.902914 0.690213 
9 0.636322 0.220397 0.641456 0.220434 0.640901 0.682945 0.635766 0.682908 
9 0.637390 0.225506 0.640388 0.215325 0.904415 0.678852 0.901418 0.689034 
19 0.647235 0.429856 0.745221 0.429856 0.745221 0.557648 0.647235 0.557648
19 0.773733 0.319060 0.845587 0.319060 0.845587 0.447787 0.773733 0.447787
19 0.289273 0.394478 0.361091 0.394478 0.361091 0.521567 0.289273 0.521567
22 0.181446 0.255289 0.228957 0.255289 0.228957 0.381066 0.181446 0.381066
22 0.075876 0.721348 0.125390 0.721348 0.125390 0.852050 0.075876 0.852050
22 0.182929 0.721224 0.231306 0.721224 0.231306 0.850948 0.182929 0.850948
22 0.885181 0.734499 0.932306 0.734499 0.932306 0.868850 0.885181 0.868850
22 0.349104 0.720404 0.399736 0.720404 0.399736 0.853082 0.349104 0.853082
22 0.479954 0.734693 0.526648 0.734693 0.526648 0.868280 0.479954 0.868280
22 0.615697 0.736035 0.667343 0.736035 0.667343 0.868659 0.615697 0.868659
22 0.613846 0.065768 0.665889 0.065768 0.665889 0.199633 0.613846 0.199633
