13 0.729922 0.230159 0.752585 0.230159 0.752585 0.255556 0.729922 0.255556 0.729922 0.230159
13 0.068843 0.355873 0.091506 0.355873 0.091506 0.381270 0.068843 0.381270 0.068843 0.355873
13 0.428229 0.475653 0.450892 0.475653 0.450892 0.501050 0.428229 0.501050 0.428229 0.475653
13 0.459514 0.573016 0.482177 0.573016 0.482177 0.598413 0.459514 0.598413 0.459514 0.573016
13 0.727827 0.724087 0.750490 0.724087 0.750490 0.749484 0.727827 0.749484 0.727827 0.724087
13 0.245811 0.841016 0.268474 0.841016 0.268474 0.866413 0.245811 0.866413 0.245811 0.841016
9 0.081123 0.374831 0.079227 0.362312 0.740306 0.236597 0.742202 0.249117 
9 0.737017 0.238641 0.745490 0.247073 0.261379 0.857930 0.252907 0.849498 
9 0.258342 0.859920 0.255944 0.847509 0.737959 0.730580 0.740357 0.742991 
9 0.077647 0.374253 0.082703 0.362889 0.741686 0.731104 0.736630 0.742468 
3 0.811671 0.488070 0.791411 0.624127 0.732827 0.745439 0.642267 0.838862 0.529546 0.894271 0.406877 0.905662 0.287555 0.871800 0.184509 0.796355 0.108906 0.687503 0.068939 0.557039 0.068939 0.419101 0.108906 0.288637 0.184509 0.179785 0.287555 0.104340 0.406877 0.070479 0.529546 0.081869 0.642267 0.137278 0.732827 0.230701 0.791411 0.352014 0.811671 0.488070
18 0.223272 0.339094 0.327603 0.339094 0.327603 0.442838 0.223272 0.442838
18 0.370394 0.679476 0.475146 0.679476 0.475146 0.805021 0.370394 0.805021
18 0.832374 0.437301 0.973684 0.437301 0.973684 0.547492 0.832374 0.547492
