13 0.644829 0.105651 0.667114 0.105651 0.667114 0.134121 0.644829 0.134121 0.644829 0.105651
13 0.456015 0.282640 0.478299 0.282640 0.478299 0.311110 0.456015 0.311110 0.456015 0.282640
13 0.754009 0.380936 0.776294 0.380936 0.776294 0.409405 0.754009 0.409405 0.754009 0.380936
13 0.050132 0.670140 0.072417 0.670140 0.072417 0.698610 0.050132 0.698610 0.050132 0.670140
13 0.560917 0.741078 0.583201 0.741078 0.583201 0.769547 0.560917 0.769547 0.560917 0.741078
13 0.918345 0.789611 0.940629 0.789611 0.940629 0.818081 0.918345 0.818081 0.918345 0.789611
9 0.060678 0.691452 0.061871 0.677298 0.930084 0.796770 0.928891 0.810923 
9 0.064597 0.690088 0.057952 0.678662 0.652649 0.114173 0.659294 0.125600 
9 0.651010 0.123125 0.660933 0.116648 0.934448 0.800608 0.924526 0.807084 
3 0.774932 0.500702 0.764645 0.579458 0.734900 0.649680 0.688919 0.703758 0.631686 0.735831 0.569402 0.742425 0.508817 0.722824 0.456496 0.679153 0.418109 0.616144 0.397817 0.540625 0.397817 0.460779 0.418109 0.385260 0.456496 0.322251 0.508817 0.278580 0.569402 0.258979 0.631686 0.265572 0.688919 0.297646 0.734900 0.351724 0.764645 0.421946 0.774932 0.500702
22 0.368350 0.141933 0.457358 0.141933 0.457358 0.286439 0.368350 0.286439
22 0.791401 0.278092 0.865961 0.278092 0.865961 0.406255 0.791401 0.406255
16 0.212037 0.550258 0.269402 0.550258 0.269402 0.674281 0.212037 0.674281
16 0.780098 0.628282 0.846574 0.628282 0.846574 0.755684 0.780098 0.755684
22 0.519069 0.781479 0.594411 0.781479 0.594411 0.907205 0.519069 0.907205
