13 0.281258 0.083854 0.299075 0.083854 0.299075 0.114983 0.281258 0.114983 0.281258 0.083854
13 0.280925 0.693157 0.298742 0.693157 0.298742 0.724285 0.280925 0.724285 0.280925 0.693157
13 0.035258 0.692285 0.053075 0.692285 0.053075 0.723413 0.035258 0.723413 0.035258 0.692285
13 0.940788 0.693210 0.958606 0.693210 0.958606 0.724338 0.940788 0.724338 0.940788 0.693210
9 0.288084 0.106298 0.292249 0.092539 0.951779 0.701894 0.947615 0.715653 
9 0.044164 0.715631 0.044169 0.700067 0.949700 0.700992 0.949694 0.716556 
9 0.286528 0.094929 0.293805 0.103909 0.047805 0.712339 0.040528 0.703359 
9 0.285712 0.099411 0.294621 0.099426 0.294288 0.708728 0.285379 0.708713 
19 0.307157 0.328296 0.448009 0.328296 0.448009 0.462468 0.307157 0.462468
19 0.406761 0.745916 0.585035 0.745916 0.585035 0.882248 0.406761 0.882248
1 0.585746 0.758755 0.959911 0.758755 0.959911 0.875486 0.585746 0.875486
8 0.890072 0.782139 0.965851 0.782139 0.965851 0.863632 0.890072 0.863632
1 0.024499 0.762646 0.394209 0.762646 0.394209 0.883268 0.024499 0.883268
8 0.029412 0.780091 0.106152 0.780091 0.106152 0.866216 0.029412 0.866216
12 0.196210 0.542256 0.301325 0.542256 0.301325 0.721591 0.196210 0.721591
