13 0.469860 0.159889 0.503473 0.159889 0.503473 0.189740 0.469860 0.189740 0.469860 0.159889
13 0.617568 0.189043 0.651182 0.189043 0.651182 0.218894 0.617568 0.218894 0.617568 0.189043
13 0.161943 0.320630 0.195557 0.320630 0.195557 0.350481 0.161943 0.350481 0.161943 0.320630
13 0.471475 0.472227 0.505088 0.472227 0.505088 0.502078 0.471475 0.502078 0.471475 0.472227
13 0.756527 0.652852 0.790140 0.652852 0.790140 0.682703 0.756527 0.682703 0.756527 0.652852
13 0.471943 0.786186 0.505557 0.786186 0.505557 0.816036 0.471943 0.816036 0.471943 0.786186
9 0.474684 0.170411 0.491490 0.170394 0.492249 0.796775 0.475442 0.796791 
9 0.624381 0.207362 0.640613 0.203490 0.780163 0.664856 0.763932 0.668728 
9 0.174692 0.342090 0.182808 0.329021 0.492339 0.480618 0.484223 0.493688 
3 0.837863 0.485470 0.818745 0.587213 0.763462 0.677931 0.678006 0.747793 0.571637 0.789228 0.455881 0.797746 0.343283 0.772424 0.246044 0.716007 0.174702 0.634606 0.136987 0.537045 0.136987 0.433895 0.174702 0.336333 0.246044 0.254933 0.343283 0.198515 0.455881 0.173193 0.571637 0.181712 0.678006 0.223147 0.763462 0.293008 0.818745 0.383726 0.837863 0.485470
22 0.432773 0.070896 0.525210 0.070896 0.525210 0.156716 0.432773 0.156716
22 0.592437 0.097015 0.680672 0.097015 0.680672 0.182836 0.592437 0.182836
22 0.071429 0.268657 0.159664 0.268657 0.159664 0.358209 0.071429 0.358209
22 0.504202 0.447761 0.584034 0.447761 0.584034 0.537313 0.504202 0.537313
22 0.777311 0.638060 0.857143 0.638060 0.857143 0.727612 0.777311 0.727612
22 0.424370 0.805970 0.512605 0.805970 0.512605 0.895522 0.424370 0.895522
