13 0.774042 0.171365 0.793650 0.171365 0.793650 0.212182 0.774042 0.212182 0.774042 0.171365
13 0.774463 0.742647 0.794071 0.742647 0.794071 0.783464 0.774463 0.783464 0.774463 0.742647
13 0.101606 0.742412 0.121214 0.742412 0.121214 0.783229 0.101606 0.783229 0.101606 0.742412
13 0.893832 0.744112 0.913440 0.744112 0.913440 0.784928 0.893832 0.784928 0.893832 0.744112
9 0.113262 0.772269 0.109559 0.753372 0.781995 0.182325 0.785698 0.201222 
9 0.779352 0.195847 0.788341 0.187700 0.908131 0.760447 0.899142 0.768593 
9 0.111405 0.773025 0.111415 0.752616 0.903641 0.754316 0.903631 0.774724 
9 0.778944 0.191789 0.788748 0.191758 0.789169 0.763040 0.779365 0.763071 
22 0.798594 0.042788 0.872314 0.042788 0.872314 0.211572 0.798594 0.211572
12 0.719692 0.165802 0.811934 0.165802 0.811934 0.363158 0.719692 0.363158
12 0.710792 0.607056 0.797178 0.607056 0.797178 0.793062 0.710792 0.793062
22 0.006188 0.704035 0.082535 0.704035 0.082535 0.876609 0.006188 0.876609
22 0.924199 0.704989 0.992189 0.704989 0.992189 0.870904 0.924199 0.870904
22 0.729985 0.805325 0.836342 0.805325 0.836342 0.973180 0.729985 0.973180
