13 0.412240 0.900824 0.432858 0.900824 0.432858 0.929092 0.412240 0.929092 0.412240 0.900824
13 0.065181 0.548219 0.085799 0.548219 0.085799 0.576487 0.065181 0.576487 0.065181 0.548219
13 0.412059 0.547069 0.432678 0.547069 0.432678 0.575337 0.412059 0.575337 0.412059 0.547069
13 0.905431 0.548723 0.926050 0.548723 0.926050 0.576991 0.905431 0.576991 0.905431 0.548723
13 0.628348 0.089358 0.648967 0.089358 0.648967 0.117626 0.628348 0.117626 0.628348 0.089358
13 0.412975 0.089395 0.433594 0.089395 0.433594 0.117664 0.412975 0.117664 0.412975 0.089395
9 0.075488 0.569420 0.075492 0.555286 0.915743 0.555790 0.915738 0.569924 
9 0.418130 0.103521 0.428439 0.103538 0.427704 0.914967 0.417394 0.914949 
9 0.634331 0.099649 0.642983 0.107335 0.426694 0.565046 0.418042 0.557360 
20 0.451839 0.101654 0.512992 0.101654 0.512992 0.216869 0.451839 0.216869
16 0.432941 0.286102 0.484511 0.286102 0.484511 0.403264 0.432941 0.403264
20 0.845144 0.407831 0.907211 0.407831 0.907211 0.524138 0.845144 0.524138
16 0.488945 0.429262 0.549516 0.429262 0.549516 0.543014 0.488945 0.543014
12 0.322527 0.422566 0.438080 0.422566 0.438080 0.581959 0.322527 0.581959
