13 0.129071 0.741912 0.150634 0.741912 0.150634 0.776100 0.129071 0.776100 0.129071 0.741912
13 0.229677 0.743926 0.251241 0.743926 0.251241 0.778114 0.229677 0.778114 0.229677 0.743926
13 0.346619 0.682906 0.368182 0.682906 0.368182 0.717094 0.346619 0.717094 0.346619 0.682906
13 0.297883 0.317192 0.319446 0.317192 0.319446 0.351380 0.297883 0.351380 0.297883 0.317192
13 0.129735 0.406203 0.151298 0.406203 0.151298 0.440391 0.129735 0.440391 0.129735 0.406203
13 0.554200 0.742906 0.575764 0.742906 0.575764 0.777094 0.554200 0.777094 0.554200 0.742906
13 0.699414 0.740541 0.720977 0.740541 0.720977 0.774729 0.699414 0.774729 0.699414 0.740541
13 0.875349 0.647906 0.896913 0.647906 0.896913 0.682094 0.875349 0.682094 0.875349 0.647906
13 0.801807 0.101664 0.823370 0.101664 0.823370 0.135852 0.801807 0.135852 0.801807 0.101664
13 0.553813 0.233518 0.575377 0.233518 0.575377 0.267706 0.553813 0.267706 0.553813 0.233518
9 0.139784 0.767553 0.139921 0.750460 0.240527 0.752474 0.240391 0.769567 
9 0.135126 0.423270 0.145907 0.423324 0.145243 0.759033 0.134462 0.758979 
9 0.142224 0.431404 0.138809 0.415190 0.306957 0.326179 0.310372 0.342393 
9 0.303390 0.336053 0.313939 0.332519 0.362675 0.698233 0.352126 0.701767 
9 0.242144 0.769139 0.238774 0.752902 0.355715 0.691881 0.359086 0.708119 
9 0.135636 0.426927 0.145397 0.419666 0.245339 0.757390 0.235579 0.764651 
9 0.559204 0.250623 0.569986 0.250602 0.570373 0.759990 0.559591 0.760010 
9 0.565037 0.768547 0.564927 0.751453 0.710140 0.749089 0.710251 0.766182 
9 0.711894 0.765747 0.708496 0.749524 0.884432 0.656889 0.887830 0.673111 
9 0.559689 0.254154 0.569501 0.247071 0.715102 0.754094 0.705289 0.761177 
9 0.566309 0.258716 0.562881 0.242509 0.810874 0.110654 0.814302 0.126861 
9 0.807316 0.120542 0.817860 0.116974 0.891403 0.663216 0.880859 0.666784 
12 0.125619 0.656433 0.204400 0.656433 0.204400 0.780850 0.125619 0.780850
12 0.550432 0.657452 0.628862 0.657452 0.628862 0.780012 0.550432 0.780012
19 0.421109 0.439966 0.549315 0.439966 0.549315 0.548945 0.421109 0.548945
17 0.090832 0.808623 0.387383 0.808623 0.387383 0.939308 0.090832 0.939308
17 0.565437 0.809286 0.897208 0.809286 0.897208 0.943679 0.565437 0.943679
19 0.026765 0.541760 0.118602 0.541760 0.118602 0.648651 0.026765 0.648651
