13 0.146357 0.081517 0.170309 0.081517 0.170309 0.106674 0.146357 0.106674 0.146357 0.081517
13 0.146312 0.214207 0.170264 0.214207 0.170264 0.239364 0.146312 0.239364 0.146312 0.214207
13 0.757046 0.271503 0.780998 0.271503 0.780998 0.296660 0.757046 0.296660 0.757046 0.271503
13 0.833133 0.495993 0.857085 0.495993 0.857085 0.521150 0.833133 0.521150 0.833133 0.495993
13 0.151456 0.495176 0.175408 0.495176 0.175408 0.520334 0.151456 0.520334 0.151456 0.495176
13 0.490741 0.497625 0.514693 0.497625 0.514693 0.522783 0.490741 0.522783 0.490741 0.497625
13 0.148169 0.895231 0.172121 0.895231 0.172121 0.920388 0.148169 0.920388 0.148169 0.895231
9 0.152345 0.094110 0.164321 0.094081 0.166133 0.907795 0.154157 0.907824 
9 0.165418 0.513688 0.161445 0.501822 0.767035 0.278148 0.771008 0.290015 
9 0.163425 0.514044 0.163439 0.501466 0.845116 0.502282 0.845102 0.514861 
3 0.846416 0.508778 0.827997 0.624715 0.774734 0.728089 0.692399 0.807697 0.589915 0.854912 0.478388 0.864619 0.369903 0.835764 0.276216 0.771476 0.207479 0.678720 0.171142 0.567548 0.171142 0.450008 0.207479 0.338837 0.276216 0.246081 0.369903 0.181792 0.478388 0.152938 0.589915 0.162644 0.692399 0.209860 0.774734 0.289468 0.827997 0.392841 0.846416 0.508778
22 0.042397 0.171595 0.124531 0.171595 0.124531 0.277587 0.042397 0.277587
22 0.795358 0.202945 0.874727 0.202945 0.874727 0.309681 0.795358 0.309681
22 0.060047 0.452528 0.138698 0.452528 0.138698 0.559306 0.060047 0.559306
22 0.853464 0.471239 0.932567 0.471239 0.932567 0.575053 0.853464 0.575053
22 0.466996 0.542533 0.551505 0.542533 0.551505 0.649382 0.466996 0.649382
