13 0.083929 0.197048 0.111048 0.197048 0.111048 0.230381 0.083929 0.230381 0.083929 0.197048
13 0.198574 0.780600 0.225693 0.780600 0.225693 0.813934 0.198574 0.813934 0.198574 0.780600
13 0.306682 0.778889 0.333800 0.778889 0.333800 0.812222 0.306682 0.812222 0.306682 0.778889
13 0.307371 0.196429 0.334490 0.196429 0.334490 0.229762 0.307371 0.229762 0.307371 0.196429
13 0.905433 0.197619 0.932552 0.197619 0.932552 0.230952 0.905433 0.230952 0.905433 0.197619
13 0.789790 0.779905 0.816908 0.779905 0.816908 0.813238 0.789790 0.813238 0.789790 0.779905
9 0.212140 0.805600 0.212127 0.788934 0.803342 0.788238 0.803355 0.804905 
9 0.912406 0.212309 0.925579 0.216262 0.809935 0.798548 0.796763 0.794595 
9 0.090898 0.215670 0.104079 0.211758 0.218724 0.795311 0.205543 0.799223 
9 0.097485 0.222048 0.097492 0.205381 0.918996 0.205952 0.918988 0.222619 
9 0.314151 0.213083 0.327710 0.213107 0.327021 0.795568 0.313462 0.795543 
12 0.231706 0.683603 0.337578 0.683603 0.337578 0.813853 0.231706 0.813853
19 0.408542 0.079840 0.611055 0.079840 0.611055 0.193788 0.408542 0.193788
19 0.405761 0.820138 0.611312 0.820138 0.611312 0.934322 0.405761 0.934322
22 0.870608 0.079231 0.958863 0.079231 0.958863 0.197862 0.870608 0.197862
22 0.037898 0.080896 0.127729 0.080896 0.127729 0.199900 0.037898 0.199900
22 0.155998 0.822496 0.250582 0.822496 0.250582 0.943882 0.155998 0.943882
22 0.741403 0.820719 0.838548 0.820719 0.838548 0.944827 0.741403 0.944827
