13 0.609560 0.318985 0.625625 0.318985 0.625625 0.350606 0.609560 0.350606 0.609560 0.318985
13 0.265126 0.659397 0.281190 0.659397 0.281190 0.691018 0.265126 0.691018 0.265126 0.659397
13 0.725486 0.661090 0.741551 0.661090 0.741551 0.692711 0.725486 0.692711 0.725486 0.661090
13 0.091792 0.831489 0.107857 0.831489 0.107857 0.863109 0.091792 0.863109 0.091792 0.831489
13 0.783635 0.832874 0.799699 0.832874 0.799699 0.864494 0.783635 0.864494 0.783635 0.832874
9 0.614251 0.339181 0.620934 0.330410 0.795008 0.844299 0.788325 0.853070 
9 0.099820 0.855204 0.099829 0.839394 0.791671 0.840779 0.791663 0.856589 
9 0.273150 0.683113 0.273165 0.667303 0.733526 0.668995 0.733511 0.684806 
9 0.101629 0.854362 0.098020 0.840237 0.615788 0.327733 0.619397 0.341858 
19 0.213308 0.351231 0.390727 0.351231 0.390727 0.485348 0.213308 0.485348
19 0.101011 0.660951 0.147613 0.660951 0.147613 0.766400 0.101011 0.766400
19 0.702660 0.411113 0.878133 0.411113 0.878133 0.547062 0.702660 0.547062
19 0.787184 0.684325 0.957852 0.684325 0.957852 0.816612 0.787184 0.816612
1 0.383534 0.146245 0.576305 0.146245 0.576305 0.359684 0.383534 0.359684
1 0.028112 0.505929 0.220884 0.505929 0.220884 0.711462 0.028112 0.711462
8 0.032255 0.609016 0.099454 0.609016 0.099454 0.714565 0.032255 0.714565
8 0.509893 0.151592 0.577942 0.151592 0.577942 0.246383 0.509893 0.246383
