13 0.258508 0.084069 0.285444 0.084069 0.285444 0.111561 0.258508 0.111561 0.258508 0.084069
13 0.705633 0.084600 0.732569 0.084600 0.732569 0.112092 0.705633 0.112092 0.705633 0.084600
13 0.707038 0.873397 0.733974 0.873397 0.733974 0.900889 0.707038 0.900889 0.707038 0.873397
13 0.258839 0.873985 0.285775 0.873985 0.285775 0.901477 0.258839 0.901477 0.258839 0.873985
9 0.265242 0.097818 0.278710 0.097812 0.279041 0.887728 0.265573 0.887734 
9 0.272315 0.894604 0.272298 0.880858 0.720497 0.880270 0.720514 0.894016 
9 0.712367 0.098358 0.725835 0.098333 0.727240 0.887130 0.713772 0.887155 
9 0.271968 0.104688 0.271984 0.090942 0.719109 0.091473 0.719093 0.105219 
9 0.266151 0.101263 0.277801 0.094367 0.726331 0.883695 0.714680 0.890591 
12 0.250102 0.797301 0.354784 0.797301 0.354784 0.906145 0.250102 0.906145
10 0.436609 0.053768 0.542681 0.053768 0.542681 0.137038 0.436609 0.137038
10 0.436428 0.846158 0.536504 0.846158 0.536504 0.928628 0.436428 0.928628
19 0.044027 0.437286 0.257853 0.437286 0.257853 0.548603 0.044027 0.548603
19 0.736376 0.437596 0.950375 0.437596 0.950375 0.549078 0.736376 0.549078
18 0.509181 0.773082 0.643790 0.773082 0.643790 0.877648 0.509181 0.877648
