13 0.579929 0.167226 0.614412 0.167226 0.614412 0.203100 0.579929 0.203100 0.579929 0.167226
13 0.475466 0.494563 0.509949 0.494563 0.509949 0.530437 0.475466 0.530437 0.475466 0.494563
13 0.795446 0.555731 0.829929 0.555731 0.829929 0.591605 0.795446 0.591605 0.795446 0.555731
13 0.182549 0.660095 0.217032 0.660095 0.217032 0.695970 0.182549 0.695970 0.182549 0.660095
13 0.280276 0.771193 0.314759 0.771193 0.314759 0.807067 0.280276 0.807067 0.280276 0.771193
9 0.590577 0.179385 0.603764 0.190940 0.206384 0.681790 0.193197 0.670235 
9 0.300055 0.794771 0.293686 0.778102 0.811445 0.563987 0.817814 0.580656 
3 0.821728 0.509604 0.803731 0.621803 0.751692 0.721844 0.671250 0.798885 0.571121 0.844578 0.462156 0.853971 0.356164 0.826047 0.264630 0.763832 0.197474 0.674066 0.161972 0.566479 0.161972 0.452728 0.197474 0.345141 0.264630 0.255376 0.356164 0.193160 0.462156 0.165236 0.571121 0.174630 0.671250 0.220323 0.751692 0.297364 0.803731 0.397405 0.821728 0.509604
22 0.586207 0.062780 0.681034 0.062780 0.681034 0.165919 0.586207 0.165919
2 0.202586 0.219731 0.306034 0.219731 0.306034 0.304933 0.202586 0.304933
19 0.487069 0.336323 0.599138 0.336323 0.599138 0.439462 0.487069 0.439462
22 0.827586 0.515695 0.922414 0.515695 0.922414 0.627803 0.827586 0.627803
22 0.073276 0.677130 0.181034 0.677130 0.181034 0.784753 0.073276 0.784753
2 0.603448 0.771300 0.672414 0.771300 0.672414 0.874439 0.603448 0.874439
22 0.215517 0.793722 0.297414 0.793722 0.297414 0.896861 0.215517 0.896861
19 0.379310 0.529148 0.681034 0.529148 0.681034 0.713004 0.379310 0.713004
