13 0.083928 0.311695 0.092739 0.311695 0.092739 0.343067 0.083928 0.343067 0.083928 0.311695
13 0.482261 0.311695 0.491072 0.311695 0.491072 0.343067 0.482261 0.343067 0.482261 0.311695
13 0.483928 0.615266 0.492739 0.615266 0.492739 0.646639 0.483928 0.646639 0.483928 0.615266
13 0.883214 0.615266 0.892024 0.615266 0.892024 0.646639 0.883214 0.646639 0.883214 0.615266
9 0.088333 0.335224 0.088333 0.319538 0.486667 0.319538 0.486667 0.335224 
9 0.484464 0.327534 0.488869 0.327228 0.490536 0.630799 0.486131 0.631106 
9 0.488333 0.638796 0.488333 0.623109 0.887619 0.623109 0.887619 0.638796 
9 0.087874 0.335052 0.088792 0.319710 0.488792 0.623282 0.487874 0.638623 
9 0.486209 0.335053 0.487125 0.319709 0.888077 0.623281 0.887161 0.638624 
12 0.446695 0.300214 0.494042 0.300214 0.494042 0.468261 0.446695 0.468261
1 0.401982 0.494118 0.479075 0.494118 0.479075 0.631373 0.401982 0.631373
1 0.796256 0.474510 0.824890 0.474510 0.824890 0.639216 0.796256 0.639216
7 0.462584 0.529643 0.479215 0.529643 0.479215 0.593055 0.462584 0.593055
7 0.802980 0.569994 0.821387 0.569994 0.821387 0.632867 0.802980 0.632867
18 0.367605 0.609566 0.433179 0.609566 0.433179 0.772693 0.367605 0.772693
19 0.216223 0.116048 0.339213 0.116048 0.339213 0.291743 0.216223 0.291743
19 0.674293 0.675142 0.724317 0.675142 0.724317 0.827967 0.674293 0.827967
19 0.650411 0.255880 0.734725 0.255880 0.734725 0.411676 0.650411 0.411676
22 0.473263 0.062646 0.513171 0.062646 0.513171 0.227672 0.473263 0.227672
18 0.823891 0.353678 0.863237 0.353678 0.863237 0.518765 0.823891 0.518765
22 0.029339 0.236526 0.070951 0.236526 0.070951 0.401228 0.029339 0.401228
22 0.467695 0.711339 0.507494 0.711339 0.507494 0.874961 0.467695 0.874961
22 0.908412 0.566433 0.944094 0.566433 0.944094 0.729092 0.908412 0.729092
