13 0.039860 0.727087 0.068229 0.727087 0.068229 0.768324 0.039860 0.768324 0.039860 0.727087
13 0.914731 0.726048 0.943100 0.726048 0.943100 0.767285 0.914731 0.767285 0.914731 0.726048
13 0.474005 0.100361 0.502373 0.100361 0.502373 0.141598 0.474005 0.141598 0.474005 0.100361
9 0.054050 0.758015 0.054039 0.737396 0.928909 0.736357 0.928921 0.756976 
9 0.483234 0.128355 0.493144 0.113604 0.933871 0.739291 0.923960 0.754042 
9 0.059042 0.755021 0.049047 0.740391 0.483191 0.113665 0.493187 0.128295 
12 0.423823 0.096427 0.550420 0.096427 0.550420 0.286491 0.423823 0.286491
18 0.151192 0.568635 0.295199 0.568635 0.295199 0.722464 0.151192 0.722464
19 0.438087 0.769427 0.543180 0.769427 0.543180 0.908531 0.438087 0.908531
19 0.719320 0.307051 0.784604 0.307051 0.784604 0.438037 0.719320 0.438037
