13 0.690338 0.763153 0.709662 0.763153 0.709662 0.798708 0.690338 0.798708 0.690338 0.763153
13 0.112977 0.762641 0.132301 0.762641 0.132301 0.798197 0.112977 0.798197 0.112977 0.762641
13 0.268205 0.152529 0.287529 0.152529 0.287529 0.188085 0.268205 0.188085 0.268205 0.152529
13 0.845187 0.153165 0.864510 0.153165 0.864510 0.188720 0.845187 0.188720 0.845187 0.153165
9 0.273491 0.166538 0.282242 0.174075 0.127014 0.784188 0.118264 0.776650 
9 0.277864 0.179196 0.277870 0.161418 0.854851 0.162054 0.854846 0.179831 
9 0.850472 0.167181 0.859225 0.174704 0.704377 0.784692 0.695623 0.777169 
9 0.122637 0.789308 0.122641 0.771530 0.700002 0.772042 0.699998 0.789819 
9 0.274881 0.177295 0.280852 0.163319 0.702986 0.773942 0.697014 0.787918 
22 0.172069 0.054767 0.257132 0.054767 0.257132 0.200968 0.172069 0.200968
22 0.871949 0.056130 0.941689 0.056130 0.941689 0.201593 0.871949 0.201593
4 0.339866 0.149806 0.402742 0.149806 0.402742 0.306219 0.339866 0.306219
4 0.572872 0.641856 0.636711 0.641856 0.636711 0.796246 0.572872 0.796246
22 0.059978 0.725095 0.110033 0.725095 0.110033 0.872694 0.059978 0.872694
22 0.716492 0.729590 0.775469 0.729590 0.775469 0.870929 0.716492 0.870929
0 0.228320 0.265772 0.358716 0.265772 0.358716 0.369435 0.228320 0.369435
0 0.618022 0.572654 0.750795 0.572654 0.750795 0.675866 0.618022 0.675866
