13 0.168992 0.400945 0.193457 0.400945 0.193457 0.424897 0.168992 0.424897 0.168992 0.400945
13 0.531387 0.401133 0.555851 0.401133 0.555851 0.425085 0.531387 0.425085 0.531387 0.401133
13 0.313958 0.686526 0.338423 0.686526 0.338423 0.710478 0.313958 0.710478 0.313958 0.686526
13 0.172768 0.871451 0.197232 0.871451 0.197232 0.895403 0.172768 0.895403 0.172768 0.871451
9 0.181221 0.418909 0.181228 0.406933 0.543622 0.407121 0.543616 0.419097 
9 0.538718 0.409526 0.548520 0.416691 0.189901 0.887009 0.180099 0.879845 
9 0.175108 0.412968 0.187341 0.412874 0.191116 0.883380 0.178884 0.883474 
3 0.903206 0.412652 0.883633 0.527484 0.827037 0.629872 0.739551 0.708721 0.630654 0.755486 0.512148 0.765100 0.396875 0.736521 0.297326 0.672845 0.224288 0.580973 0.185678 0.470861 0.185678 0.354442 0.224288 0.244330 0.297326 0.152458 0.396875 0.088782 0.512148 0.060203 0.630654 0.069817 0.739551 0.116582 0.827037 0.195431 0.883633 0.297819 0.903206 0.412652
19 0.308502 0.299675 0.424670 0.299675 0.424670 0.397188 0.308502 0.397188
22 0.077947 0.346579 0.160551 0.346579 0.160551 0.444650 0.077947 0.444650
22 0.578340 0.343555 0.657913 0.343555 0.657913 0.447002 0.578340 0.447002
19 0.051494 0.586594 0.158184 0.586594 0.158184 0.685268 0.051494 0.685268
19 0.265111 0.778665 0.334982 0.778665 0.334982 0.873132 0.265111 0.873132
22 0.084046 0.832641 0.161809 0.832641 0.161809 0.932773 0.084046 0.932773
