13 0.255656 0.174735 0.271011 0.174735 0.271011 0.217063 0.255656 0.217063 0.255656 0.174735
13 0.675656 0.171497 0.691011 0.171497 0.691011 0.213825 0.675656 0.213825 0.675656 0.171497
13 0.256440 0.788334 0.271795 0.788334 0.271795 0.830662 0.256440 0.830662 0.256440 0.788334
13 0.919515 0.787624 0.934871 0.787624 0.934871 0.829952 0.919515 0.829952 0.919515 0.787624
9 0.263344 0.206481 0.263323 0.185317 0.683323 0.182079 0.683344 0.203243 
9 0.262114 0.205933 0.264552 0.185864 0.928412 0.798754 0.925974 0.818822 
9 0.264119 0.820080 0.264116 0.798916 0.927191 0.798206 0.927194 0.819370 
9 0.259495 0.195936 0.267172 0.195861 0.267956 0.809461 0.260279 0.809535 
12 0.251892 0.581343 0.344962 0.581343 0.344962 0.843950 0.251892 0.843950
18 0.581602 0.581967 0.650327 0.581967 0.650327 0.761824 0.581602 0.761824
18 0.497791 0.220807 0.564360 0.220807 0.564360 0.393857 0.497791 0.393857
19 0.645686 0.367468 0.689466 0.367468 0.689466 0.505491 0.645686 0.505491
19 0.046949 0.419049 0.242487 0.419049 0.242487 0.603945 0.046949 0.603945
