13 0.248546 0.166728 0.262883 0.166728 0.262883 0.194032 0.248546 0.194032 0.248546 0.166728
13 0.094498 0.476854 0.108835 0.476854 0.108835 0.504158 0.094498 0.504158 0.094498 0.476854
13 0.231165 0.479567 0.245502 0.479567 0.245502 0.506871 0.231165 0.506871 0.231165 0.479567
13 0.773832 0.476854 0.788168 0.476854 0.788168 0.504158 0.773832 0.504158 0.773832 0.476854
13 0.910451 0.476854 0.924788 0.476854 0.924788 0.504158 0.910451 0.504158 0.910451 0.476854
13 0.756165 0.789091 0.770502 0.789091 0.770502 0.816394 0.756165 0.816394 0.756165 0.789091
9 0.253111 0.175689 0.258318 0.185071 0.104270 0.495197 0.099063 0.485815 
9 0.254653 0.186900 0.256776 0.173860 0.782061 0.483987 0.779939 0.497026 
9 0.101667 0.497332 0.101667 0.483680 0.917619 0.483680 0.917619 0.497332 
9 0.915009 0.485828 0.920229 0.495184 0.765944 0.807421 0.760723 0.798065 
9 0.237273 0.499739 0.239393 0.486698 0.764393 0.796222 0.762273 0.809263 
5 0.140403 0.262921 0.214767 0.262921 0.214767 0.401046 0.140403 0.401046
5 0.803519 0.577386 0.877699 0.577386 0.877699 0.716047 0.803519 0.716047
2 0.838325 0.415409 0.865737 0.415409 0.865737 0.563735 0.838325 0.563735
2 0.154952 0.417377 0.182533 0.417377 0.182533 0.564416 0.154952 0.564416
24 0.460470 0.563171 0.538484 0.563171 0.538484 0.730813 0.460470 0.730813
24 0.480686 0.248249 0.557796 0.248249 0.557796 0.416136 0.480686 0.416136
22 0.758925 0.336116 0.813523 0.336116 0.813523 0.461090 0.758925 0.461090
22 0.932609 0.420814 0.973823 0.420814 0.973823 0.547409 0.932609 0.547409
22 0.742036 0.828261 0.786696 0.828261 0.786696 0.949126 0.742036 0.949126
22 0.200441 0.518190 0.253479 0.518190 0.253479 0.643804 0.200441 0.643804
22 0.024556 0.473626 0.081121 0.473626 0.081121 0.599055 0.024556 0.599055
22 0.231292 0.028992 0.279150 0.028992 0.279150 0.152278 0.231292 0.152278
