13 0.133988 0.179038 0.159878 0.179038 0.159878 0.227231 0.133988 0.227231 0.133988 0.179038
13 0.688242 0.170960 0.714132 0.170960 0.714132 0.219152 0.688242 0.219152 0.688242 0.170960
13 0.855634 0.698357 0.881524 0.698357 0.881524 0.746549 0.855634 0.746549 0.855634 0.698357
13 0.297040 0.699511 0.322930 0.699511 0.322930 0.747703 0.297040 0.747703 0.297040 0.699511
9 0.143183 0.216634 0.147865 0.194169 0.871621 0.716827 0.866939 0.739292 
9 0.145542 0.217450 0.145505 0.193353 0.702648 0.190377 0.702685 0.214474 
9 0.309358 0.736809 0.309372 0.712713 0.867966 0.713867 0.867952 0.737963 
9 0.697094 0.208554 0.708239 0.196296 0.874771 0.720940 0.863626 0.733198 
9 0.138880 0.211570 0.150026 0.199315 0.315558 0.720941 0.304412 0.733197 
22 0.055016 0.120482 0.122977 0.120482 0.122977 0.259036 0.055016 0.259036
22 0.721683 0.114458 0.786408 0.114458 0.786408 0.253012 0.721683 0.253012
10 0.388350 0.138554 0.469256 0.138554 0.469256 0.259036 0.388350 0.259036
10 0.559871 0.668675 0.637540 0.668675 0.637540 0.783133 0.559871 0.783133
22 0.873786 0.650602 0.932039 0.650602 0.932039 0.789157 0.873786 0.789157
22 0.213592 0.662651 0.284790 0.662651 0.284790 0.807229 0.213592 0.807229
0 0.614887 0.180723 0.747573 0.180723 0.747573 0.355422 0.614887 0.355422
0 0.262136 0.566265 0.394822 0.566265 0.394822 0.740964 0.262136 0.740964
