13 0.119832 0.131058 0.141571 0.131058 0.141571 0.154657 0.119832 0.154657 0.119832 0.131058
13 0.120709 0.853915 0.142449 0.853915 0.142449 0.877514 0.120709 0.877514 0.120709 0.853915
13 0.864839 0.853256 0.886578 0.853256 0.886578 0.876854 0.864839 0.876854 0.864839 0.853256
9 0.127082 0.147258 0.134322 0.138457 0.879328 0.860654 0.872089 0.869455 
9 0.131583 0.871614 0.131575 0.859815 0.875704 0.859155 0.875713 0.870955 
9 0.125267 0.142865 0.136137 0.142849 0.137014 0.865707 0.126144 0.865722 
22 0.048511 0.072919 0.118821 0.072919 0.118821 0.172390 0.048511 0.172390
19 0.501602 0.407037 0.566762 0.407037 0.566762 0.501940 0.501602 0.501940
19 0.054187 0.449206 0.118825 0.449206 0.118825 0.543926 0.054187 0.543926
12 0.112020 0.746280 0.238405 0.746280 0.238405 0.883572 0.112020 0.883572
22 0.038242 0.828394 0.112459 0.828394 0.112459 0.930639 0.038242 0.930639
22 0.883781 0.828536 0.955466 0.828536 0.955466 0.930615 0.883781 0.930615
