13 0.163347 0.157773 0.189576 0.157773 0.189576 0.193973 0.163347 0.193973 0.163347 0.157773
13 0.394323 0.162962 0.420553 0.162962 0.420553 0.199161 0.394323 0.199161 0.394323 0.162962
13 0.635480 0.153786 0.661710 0.153786 0.661710 0.189985 0.635480 0.189985 0.635480 0.153786
13 0.874915 0.155172 0.901145 0.155172 0.901145 0.191371 0.874915 0.191371 0.874915 0.155172
13 0.874153 0.800115 0.900382 0.800115 0.900382 0.836314 0.874153 0.836314 0.874153 0.800115
13 0.165323 0.800082 0.191552 0.800082 0.191552 0.836281 0.165323 0.836281 0.165323 0.800082
9 0.176479 0.184923 0.176444 0.166823 0.888012 0.164222 0.888047 0.182322 
9 0.881472 0.173257 0.894587 0.173287 0.893825 0.818229 0.880710 0.818200 
9 0.178437 0.827232 0.178437 0.809132 0.887268 0.809165 0.887267 0.827264 
9 0.169904 0.175911 0.183019 0.175835 0.184995 0.818143 0.171880 0.818220 
3 0.651369 0.165049 0.638401 0.272302 0.600902 0.367932 0.542935 0.441576 0.470782 0.485254 0.392263 0.494234 0.315885 0.467541 0.249926 0.408068 0.201533 0.322261 0.175951 0.219417 0.175951 0.110682 0.201533 0.007838 0.249926 -0.077969 0.315885 -0.137442 0.392263 -0.164135 0.470782 -0.155156 0.542935 -0.111477 0.600902 -0.037833 0.638401 0.057797 0.651369 0.165049
19 0.026191 0.451898 0.157606 0.451898 0.157606 0.578045 0.026191 0.578045
19 0.456880 0.839059 0.629325 0.839059 0.629325 0.962532 0.456880 0.962532
19 0.705713 0.031866 0.839216 0.031866 0.839216 0.150646 0.705713 0.150646
