13 0.130019 0.662274 0.148242 0.662274 0.148242 0.686298 0.130019 0.686298 0.130019 0.662274
13 0.516975 0.686083 0.535199 0.686083 0.535199 0.710107 0.516975 0.710107 0.516975 0.686083
13 0.741390 0.700076 0.759613 0.700076 0.759613 0.724100 0.741390 0.724100 0.741390 0.700076
13 0.850826 0.863906 0.869050 0.863906 0.869050 0.887930 0.850826 0.887930 0.850826 0.863906
13 0.805485 0.586763 0.823708 0.586763 0.823708 0.610788 0.805485 0.610788 0.805485 0.586763
13 0.769149 0.352559 0.787372 0.352559 0.787372 0.376583 0.769149 0.376583 0.769149 0.352559
13 0.505381 0.349417 0.523604 0.349417 0.523604 0.373441 0.505381 0.373441 0.505381 0.349417
13 0.477845 0.622274 0.496068 0.622274 0.496068 0.646298 0.477845 0.646298 0.477845 0.622274
13 0.675169 0.601614 0.693393 0.601614 0.693393 0.625638 0.675169 0.625638 0.675169 0.601614
9 0.139515 0.680270 0.138745 0.668301 0.814211 0.592791 0.814981 0.604760 
9 0.138917 0.680285 0.139344 0.668286 0.750715 0.706089 0.750288 0.718087 
9 0.511081 0.365409 0.517904 0.357448 0.863349 0.871938 0.856527 0.879899 
9 0.773803 0.365809 0.782719 0.363334 0.864396 0.874681 0.855480 0.877156 
3 0.821353 0.519245 0.811701 0.595496 0.783792 0.663484 0.740649 0.715842 0.686948 0.746895 0.628509 0.753279 0.571664 0.734302 0.522573 0.692019 0.486556 0.631014 0.467515 0.557897 0.467515 0.480592 0.486556 0.407475 0.522573 0.346470 0.571664 0.304188 0.628509 0.285210 0.686948 0.291594 0.740649 0.322647 0.783792 0.375005 0.811701 0.442993 0.821353 0.519245
1 0.400911 0.507508 0.533030 0.507508 0.533030 0.681682 0.400911 0.681682
7 0.504396 0.638242 0.528625 0.638242 0.528625 0.672629 0.504396 0.672629
18 0.335467 0.473904 0.419808 0.473904 0.419808 0.559959 0.335467 0.559959
18 0.605517 0.182385 0.693995 0.182385 0.693995 0.267761 0.605517 0.267761
22 0.852679 0.883662 0.907965 0.883662 0.907965 0.965920 0.852679 0.965920
22 0.071082 0.631127 0.126375 0.631127 0.126375 0.714345 0.071082 0.714345
