13 0.287156 0.772761 0.308264 0.772761 0.308264 0.804382 0.287156 0.804382 0.287156 0.772761
13 0.910566 0.771401 0.931674 0.771401 0.931674 0.803021 0.910566 0.803021 0.910566 0.771401
13 0.631394 0.092217 0.652502 0.092217 0.652502 0.123837 0.631394 0.123837 0.631394 0.092217
13 0.034102 0.116475 0.055211 0.116475 0.055211 0.148096 0.034102 0.148096 0.034102 0.116475
9 0.297718 0.796477 0.297702 0.780666 0.921112 0.779306 0.921127 0.795116 
9 0.637455 0.112172 0.646442 0.103882 0.925613 0.783066 0.916626 0.791356 
9 0.044800 0.140188 0.044513 0.124383 0.641805 0.100125 0.642091 0.115929 
9 0.040087 0.136240 0.049226 0.128332 0.302279 0.784618 0.293140 0.792525 
18 0.298165 0.649673 0.392331 0.649673 0.392331 0.764424 0.298165 0.764424
18 0.101847 0.149147 0.221960 0.149147 0.221960 0.267109 0.101847 0.267109
18 0.492093 0.134173 0.642801 0.134173 0.642801 0.250623 0.492093 0.250623
18 0.746350 0.649792 0.866536 0.649792 0.866536 0.762883 0.746350 0.762883
