13 0.100358 0.087444 0.121191 0.087444 0.121191 0.122226 0.100358 0.122226 0.100358 0.087444
13 0.100885 0.728323 0.121718 0.728323 0.121718 0.763106 0.100885 0.763106 0.100885 0.728323
13 0.917517 0.724969 0.938350 0.724969 0.938350 0.759752 0.917517 0.759752 0.917517 0.724969
9 0.108570 0.112713 0.112979 0.096957 0.930138 0.734482 0.925728 0.750238 
9 0.111314 0.754410 0.111289 0.737019 0.927920 0.733665 0.927946 0.751056 
9 0.105566 0.104847 0.115983 0.104823 0.116510 0.745702 0.106093 0.745726 
19 0.490601 0.217431 0.558281 0.217431 0.558281 0.357399 0.490601 0.357399
19 0.471428 0.780947 0.568850 0.780947 0.568850 0.919842 0.471428 0.919842
18 0.549336 0.569574 0.676427 0.569574 0.676427 0.709287 0.549336 0.709287
12 0.092299 0.567382 0.210730 0.567382 0.210730 0.771155 0.092299 0.771155
19 0.014441 0.360482 0.085922 0.360482 0.085922 0.482603 0.014441 0.482603
