13 0.473017 0.071384 0.507799 0.071384 0.507799 0.101235 0.473017 0.101235 0.473017 0.071384
13 0.086101 0.624690 0.120883 0.624690 0.120883 0.654540 0.086101 0.654540 0.086101 0.624690
13 0.472437 0.624682 0.507220 0.624682 0.507220 0.654533 0.472437 0.654533 0.472437 0.624682
13 0.860513 0.624127 0.895296 0.624127 0.895296 0.653978 0.860513 0.653978 0.860513 0.624127
9 0.482957 0.090157 0.497859 0.082462 0.885356 0.635205 0.870454 0.642900 
9 0.482952 0.082469 0.497864 0.090150 0.110948 0.643455 0.096036 0.635775 
9 0.103499 0.647078 0.103485 0.632152 0.877897 0.631590 0.877912 0.646515 
9 0.481713 0.086303 0.499104 0.086316 0.498524 0.639615 0.481133 0.639601 
19 0.157109 0.290799 0.251454 0.290799 0.251454 0.405262 0.157109 0.405262
19 0.721306 0.290497 0.817358 0.290497 0.817358 0.406080 0.721306 0.406080
19 0.514935 0.317876 0.604373 0.317876 0.604373 0.430858 0.514935 0.430858
8 0.068701 0.754846 0.193635 0.754846 0.193635 0.833308 0.068701 0.833308
8 0.784353 0.753811 0.914233 0.753811 0.914233 0.834608 0.784353 0.834608
19 0.460847 0.742205 0.550233 0.742205 0.550233 0.859722 0.460847 0.859722
12 0.344494 0.512322 0.512118 0.512322 0.512118 0.657029 0.344494 0.657029
