13 0.643726 0.149149 0.665174 0.149149 0.665174 0.172609 0.643726 0.172609 0.643726 0.149149
13 0.415978 0.245413 0.437425 0.245413 0.437425 0.268873 0.415978 0.268873 0.415978 0.245413
13 0.189725 0.338882 0.211173 0.338882 0.211173 0.362342 0.189725 0.362342 0.189725 0.338882
13 0.808473 0.387508 0.829921 0.387508 0.829921 0.410968 0.808473 0.410968 0.808473 0.387508
13 0.491088 0.459479 0.512536 0.459479 0.512536 0.482939 0.491088 0.482939 0.491088 0.459479
13 0.661447 0.597501 0.682895 0.597501 0.682895 0.620961 0.661447 0.620961 0.661447 0.597501
13 0.515454 0.811127 0.536902 0.811127 0.536902 0.834587 0.515454 0.834587 0.515454 0.811127
9 0.202362 0.356091 0.198535 0.345133 0.652537 0.155400 0.656364 0.166358 
9 0.814921 0.395699 0.823473 0.402777 0.530454 0.826396 0.521902 0.819318 
9 0.421696 0.259244 0.431707 0.255041 0.506818 0.469107 0.496806 0.473310 
9 0.498621 0.475922 0.505004 0.466496 0.675362 0.604518 0.668979 0.613944 
3 0.822674 0.471280 0.805239 0.585563 0.754826 0.687462 0.676895 0.765934 0.579894 0.812476 0.474332 0.822044 0.371650 0.793601 0.282975 0.730230 0.217916 0.638797 0.183523 0.529212 0.183523 0.413349 0.217916 0.303763 0.282975 0.212331 0.371650 0.148960 0.474332 0.120517 0.579894 0.130085 0.676895 0.176627 0.754826 0.255099 0.805239 0.356997 0.822674 0.471280
22 0.667902 0.063416 0.741115 0.063416 0.741115 0.163572 0.667902 0.163572
22 0.381249 0.147222 0.448597 0.147222 0.448597 0.244185 0.381249 0.244185
12 0.416426 0.210261 0.547937 0.210261 0.547937 0.350971 0.416426 0.350971
22 0.101114 0.284545 0.176958 0.284545 0.176958 0.383655 0.101114 0.383655
22 0.828755 0.323300 0.898969 0.323300 0.898969 0.424497 0.828755 0.424497
2 0.421309 0.358168 0.529691 0.358168 0.529691 0.429672 0.421309 0.429672
22 0.403372 0.468820 0.474948 0.468820 0.474948 0.569533 0.403372 0.569533
2 0.519652 0.466442 0.598613 0.466442 0.598613 0.569763 0.519652 0.569763
12 0.590458 0.462383 0.730566 0.462383 0.730566 0.614734 0.590458 0.614734
22 0.672623 0.598127 0.739328 0.598127 0.739328 0.695617 0.672623 0.695617
22 0.462150 0.841935 0.538520 0.841935 0.538520 0.941685 0.462150 0.941685
