13 0.183293 0.784028 0.208771 0.784028 0.208771 0.810258 0.183293 0.810258 0.183293 0.784028
13 0.698372 0.784028 0.723850 0.784028 0.723850 0.810258 0.698372 0.810258 0.698372 0.784028
13 0.867603 0.786006 0.893081 0.786006 0.893081 0.812236 0.867603 0.812236 0.867603 0.786006
13 0.826150 0.544028 0.851628 0.544028 0.851628 0.570258 0.826150 0.570258 0.826150 0.544028
13 0.663330 0.604468 0.688807 0.604468 0.688807 0.630697 0.663330 0.630697 0.663330 0.604468
13 0.360338 0.281391 0.385816 0.281391 0.385816 0.307620 0.360338 0.307620 0.360338 0.281391
13 0.417176 0.121830 0.442653 0.121830 0.442653 0.148060 0.417176 0.148060 0.417176 0.121830
13 0.180912 0.079946 0.206390 0.079946 0.206390 0.106176 0.180912 0.106176 0.180912 0.079946
13 0.181706 0.252600 0.207183 0.252600 0.207183 0.278829 0.181706 0.278829 0.181706 0.252600
9 0.187281 0.093084 0.200020 0.093038 0.202401 0.797120 0.189662 0.797166 
9 0.196014 0.803700 0.196050 0.790586 0.880360 0.792564 0.880324 0.805678 
9 0.423929 0.132704 0.435901 0.137186 0.202018 0.799384 0.190046 0.794902 
9 0.198203 0.803307 0.193860 0.790978 0.836717 0.550978 0.841060 0.563307 
22 0.065886 0.195638 0.151285 0.195638 0.151285 0.316084 0.065886 0.316084
22 0.412211 0.226478 0.501352 0.226478 0.501352 0.345620 0.412211 0.345620
22 0.683416 0.616327 0.758009 0.616327 0.758009 0.731924 0.683416 0.731924
22 0.666650 0.842877 0.756307 0.842877 0.756307 0.963125 0.666650 0.963125
22 0.068706 0.783919 0.165629 0.783919 0.165629 0.902441 0.068706 0.902441
0 0.183604 0.498589 0.298574 0.498589 0.298574 0.568868 0.183604 0.568868
0 0.420163 0.688647 0.480139 0.688647 0.480139 0.809169 0.420163 0.809169
12 0.174537 0.653356 0.329483 0.653356 0.329483 0.816862 0.174537 0.816862
