13 0.095685 0.235130 0.110982 0.235130 0.110982 0.264870 0.095685 0.264870 0.095685 0.235130
13 0.484018 0.355260 0.499315 0.355260 0.499315 0.385000 0.484018 0.385000 0.484018 0.355260
13 0.359733 0.474462 0.375029 0.474462 0.375029 0.504202 0.359733 0.504202 0.359733 0.474462
13 0.869944 0.474668 0.885241 0.474668 0.885241 0.504408 0.869944 0.504408 0.869944 0.474668
13 0.484018 0.592273 0.499315 0.592273 0.499315 0.622013 0.484018 0.622013 0.484018 0.592273
13 0.097768 0.714026 0.113065 0.714026 0.113065 0.743766 0.097768 0.743766 0.097768 0.714026
9 0.102732 0.257343 0.103934 0.242657 0.878194 0.482196 0.876992 0.496881 
9 0.106019 0.736238 0.104815 0.721554 0.876991 0.482196 0.878195 0.496880 
9 0.107065 0.735605 0.103768 0.722187 0.490018 0.363421 0.493315 0.376839 
9 0.101698 0.256721 0.104969 0.243279 0.493302 0.600422 0.490031 0.613864 
3 0.499435 0.483789 0.487679 0.620767 0.453683 0.742900 0.401133 0.836955 0.335722 0.892739 0.264539 0.904207 0.195297 0.870116 0.135501 0.794161 0.091629 0.684572 0.068437 0.553225 0.068437 0.414354 0.091629 0.283007 0.135501 0.173418 0.195297 0.097463 0.264539 0.063372 0.335722 0.074840 0.401133 0.130624 0.453683 0.224678 0.487679 0.346812 0.499435 0.483789
22 0.028277 0.159723 0.083910 0.159723 0.083910 0.283063 0.028277 0.283063
22 0.492672 0.220291 0.551276 0.220291 0.551276 0.343683 0.492672 0.343683
22 0.884112 0.425547 0.942145 0.425547 0.942145 0.555179 0.884112 0.555179
22 0.492122 0.618224 0.547341 0.618224 0.547341 0.738565 0.492122 0.738565
22 0.025389 0.676390 0.085801 0.676390 0.085801 0.802675 0.025389 0.802675
