13 0.101108 0.500682 0.118166 0.500682 0.118166 0.521248 0.101108 0.521248 0.101108 0.500682
13 0.433661 0.501740 0.450718 0.501740 0.450718 0.522306 0.433661 0.522306 0.433661 0.501740
13 0.431906 0.099739 0.448963 0.099739 0.448963 0.120304 0.431906 0.120304 0.431906 0.099739
13 0.762703 0.458366 0.779761 0.458366 0.779761 0.478932 0.762703 0.478932 0.762703 0.458366
13 0.756561 0.590604 0.773619 0.590604 0.773619 0.611169 0.756561 0.611169 0.756561 0.590604
9 0.109701 0.518248 0.109701 0.507965 0.440234 0.507965 0.440234 0.518248 
9 0.445355 0.513133 0.436826 0.513080 0.438539 0.111474 0.447068 0.111526 
9 0.442419 0.518216 0.441475 0.507997 0.772008 0.463603 0.772952 0.473823 
9 0.440988 0.518116 0.442906 0.508097 0.765732 0.597916 0.763814 0.607936 
3 0.775632 0.510590 0.757538 0.641325 0.705214 0.757894 0.624333 0.847663 0.523657 0.900905 0.414098 0.911850 0.307527 0.879313 0.215494 0.806819 0.147970 0.702223 0.112275 0.576861 0.112275 0.444318 0.147970 0.318956 0.215494 0.214361 0.307527 0.141866 0.414098 0.109329 0.523657 0.120274 0.624333 0.173516 0.705214 0.263285 0.757538 0.379854 0.775632 0.510590
12 0.363450 0.417378 0.455895 0.417378 0.455895 0.528934 0.363450 0.528934
1 0.577825 0.483290 0.808102 0.483290 0.808102 0.544987 0.577825 0.544987
7 0.575177 0.503039 0.613028 0.503039 0.613028 0.538632 0.575177 0.538632
18 0.361825 0.559266 0.450327 0.559266 0.450327 0.670504 0.361825 0.670504
18 0.801882 0.402476 0.928803 0.402476 0.928803 0.510928 0.801882 0.510928
18 0.458048 0.374117 0.585400 0.374117 0.585400 0.483511 0.458048 0.483511
