13 0.245772 0.514577 0.254228 0.514577 0.254228 0.531175 0.245772 0.531175 0.245772 0.514577
13 0.096327 0.454664 0.104784 0.454664 0.104784 0.471262 0.096327 0.471262 0.096327 0.454664
13 0.394105 0.452486 0.402562 0.452486 0.402562 0.469083 0.394105 0.469083 0.394105 0.452486
13 0.618549 0.513488 0.627006 0.513488 0.627006 0.530085 0.618549 0.530085 0.618549 0.513488
13 0.629105 0.811963 0.637562 0.811963 0.637562 0.828560 0.629105 0.828560 0.629105 0.811963
13 0.667438 0.233531 0.675895 0.233531 0.675895 0.250129 0.667438 0.250129 0.667438 0.233531
9 0.100563 0.467112 0.100548 0.458814 0.398325 0.456635 0.398341 0.464934 
9 0.669570 0.241295 0.673763 0.242365 0.635430 0.820797 0.631237 0.819726 
3 0.774630 0.522145 0.766365 0.619353 0.742466 0.706027 0.705523 0.772774 0.659539 0.812362 0.609497 0.820500 0.560820 0.796307 0.518783 0.742404 0.487941 0.664633 0.471636 0.571421 0.471636 0.472869 0.487941 0.379657 0.518783 0.301886 0.560820 0.247983 0.609497 0.223790 0.659539 0.231928 0.705523 0.271516 0.742466 0.338264 0.766365 0.424937 0.774630 0.522145
3 0.402109 0.520536 0.393794 0.618325 0.369752 0.705517 0.332588 0.772664 0.286329 0.812489 0.235988 0.820676 0.187020 0.796338 0.144731 0.742113 0.113705 0.663876 0.097303 0.570107 0.097303 0.470966 0.113705 0.377196 0.144731 0.298960 0.187020 0.244735 0.235988 0.220397 0.286329 0.228584 0.332588 0.268409 0.369752 0.335555 0.393794 0.422747 0.402109 0.520536
1 0.650106 0.568465 0.803383 0.568465 0.803383 0.645228 0.650106 0.645228
7 0.650471 0.575074 0.671035 0.575074 0.671035 0.608083 0.650471 0.608083
22 0.053226 0.411997 0.093672 0.411997 0.093672 0.503537 0.053226 0.503537
22 0.406788 0.410969 0.445825 0.410969 0.445825 0.504077 0.406788 0.504077
22 0.237111 0.550852 0.278387 0.550852 0.278387 0.642299 0.237111 0.642299
19 0.226402 0.369771 0.277417 0.369771 0.277417 0.454557 0.226402 0.454557
22 0.574619 0.532518 0.619895 0.532518 0.619895 0.630679 0.574619 0.630679
22 0.610377 0.834493 0.653843 0.834493 0.653843 0.927793 0.610377 0.927793
19 0.806891 0.514140 0.951913 0.514140 0.951913 0.613336 0.806891 0.613336
18 0.429152 0.234561 0.518025 0.234561 0.518025 0.330901 0.429152 0.330901
22 0.658847 0.122504 0.696920 0.122504 0.696920 0.215572 0.658847 0.215572
18 0.209180 0.112634 0.294937 0.112634 0.294937 0.206625 0.209180 0.206625
