13 0.087904 0.666371 0.102319 0.666371 0.102319 0.681815 0.087904 0.681815 0.087904 0.666371
13 0.257254 0.700129 0.271668 0.700129 0.271668 0.715573 0.257254 0.715573 0.257254 0.700129
13 0.565431 0.767644 0.579845 0.767644 0.579845 0.783088 0.565431 0.783088 0.565431 0.767644
13 0.786964 0.815115 0.801378 0.815115 0.801378 0.830559 0.786964 0.830559 0.786964 0.815115
13 0.740688 0.453278 0.755103 0.453278 0.755103 0.468722 0.740688 0.468722 0.740688 0.453278
13 0.692443 0.058738 0.706858 0.058738 0.706858 0.074182 0.692443 0.074182 0.692443 0.058738
13 0.310422 0.225415 0.324836 0.225415 0.324836 0.240859 0.310422 0.240859 0.310422 0.225415
9 0.090493 0.677885 0.091853 0.670302 0.793867 0.814826 0.792507 0.822409 
9 0.694111 0.060652 0.701252 0.059609 0.797742 0.818096 0.790601 0.819139 
3 0.749575 0.495353 0.734179 0.594205 0.689661 0.682344 0.620843 0.750220 0.535184 0.790477 0.441967 0.798753 0.351292 0.774151 0.272985 0.719337 0.215534 0.640251 0.185162 0.545462 0.185162 0.445244 0.215534 0.350456 0.272985 0.271369 0.351292 0.216555 0.441967 0.191953 0.535184 0.200229 0.620843 0.240486 0.689661 0.308362 0.734179 0.396502 0.749575 0.495353
22 0.766961 0.401699 0.834182 0.401699 0.834182 0.488900 0.766961 0.488900
18 0.664517 0.707216 0.772280 0.707216 0.772280 0.791130 0.664517 0.791130
22 0.792577 0.822450 0.865226 0.822450 0.865226 0.908561 0.792577 0.908561
22 0.250127 0.144889 0.314091 0.144889 0.314091 0.230592 0.250127 0.230592
22 0.194984 0.723132 0.271448 0.723132 0.271448 0.814921 0.194984 0.814921
18 0.539744 0.569686 0.683303 0.569686 0.683303 0.659225 0.539744 0.659225
