13 0.449784 0.097004 0.483972 0.097004 0.483972 0.126308 0.449784 0.126308 0.449784 0.097004
13 0.054956 0.291827 0.089144 0.291827 0.089144 0.321131 0.054956 0.321131 0.054956 0.291827
13 0.848620 0.294172 0.882808 0.294172 0.882808 0.323476 0.848620 0.323476 0.848620 0.294172
13 0.465763 0.491230 0.499951 0.491230 0.499951 0.520534 0.465763 0.520534 0.465763 0.491230
13 0.849901 0.689540 0.884089 0.689540 0.884089 0.718844 0.849901 0.718844 0.849901 0.689540
13 0.052566 0.690530 0.086754 0.690530 0.086754 0.719834 0.052566 0.719834 0.052566 0.690530
13 0.449641 0.885733 0.483829 0.885733 0.483829 0.915037 0.449641 0.915037 0.449641 0.885733
9 0.470978 0.906745 0.462492 0.894026 0.862752 0.697832 0.871238 0.710552 
9 0.065408 0.711537 0.073912 0.698827 0.470987 0.894030 0.462482 0.906740 
9 0.063503 0.306441 0.080597 0.306517 0.078207 0.705220 0.061113 0.705144 
9 0.076314 0.312828 0.067785 0.300130 0.462614 0.105307 0.471143 0.118005 
9 0.462608 0.118002 0.471148 0.105310 0.869984 0.302477 0.861444 0.315170 
9 0.857167 0.308844 0.874261 0.308803 0.875542 0.704172 0.858448 0.704212 
9 0.478447 0.512158 0.487267 0.499607 0.871405 0.697916 0.862585 0.710468 
19 0.198842 0.595875 0.695520 0.595875 0.695520 0.744215 0.198842 0.744215
