13 0.427810 0.477077 0.459683 0.477077 0.459683 0.510134 0.427810 0.510134 0.427810 0.477077
13 0.801524 0.500614 0.833397 0.500614 0.833397 0.533672 0.801524 0.533672 0.801524 0.500614
13 0.672251 0.184900 0.704123 0.184900 0.704123 0.217957 0.672251 0.217957 0.672251 0.184900
9 0.682169 0.196012 0.694205 0.206845 0.449765 0.499022 0.437728 0.488189 
9 0.443264 0.501855 0.444230 0.485356 0.817943 0.508894 0.816977 0.525392 
3 0.816988 0.490536 0.796695 0.616668 0.738015 0.729131 0.647308 0.815739 0.534401 0.867106 0.411532 0.877666 0.292014 0.846274 0.188800 0.776333 0.113073 0.675421 0.073041 0.554474 0.073041 0.426598 0.113073 0.305651 0.188800 0.204739 0.292014 0.134798 0.411532 0.103407 0.534401 0.113966 0.647308 0.165333 0.738015 0.251941 0.796695 0.364404 0.816988 0.490536
19 0.310945 0.229327 0.540500 0.229327 0.540500 0.344695 0.310945 0.344695
18 0.587759 0.339992 0.752421 0.339992 0.752421 0.461303 0.587759 0.461303
22 0.827397 0.548469 0.923008 0.548469 0.923008 0.669532 0.827397 0.669532
22 0.389012 0.549203 0.495770 0.549203 0.495770 0.672853 0.389012 0.672853
22 0.699889 0.065721 0.830940 0.065721 0.830940 0.190898 0.699889 0.190898
