13 0.046497 0.154965 0.061619 0.154965 0.061619 0.194374 0.046497 0.194374 0.046497 0.154965
13 0.116605 0.148774 0.131728 0.148774 0.131728 0.188183 0.116605 0.188183 0.116605 0.148774
13 0.864216 0.149571 0.879339 0.149571 0.879339 0.188980 0.864216 0.188980 0.864216 0.149571
13 0.932136 0.153418 0.947258 0.153418 0.947258 0.192827 0.932136 0.192827 0.932136 0.153418
13 0.489257 0.506383 0.504380 0.506383 0.504380 0.545791 0.489257 0.545791 0.489257 0.506383
13 0.490058 0.817563 0.505180 0.817563 0.505180 0.856972 0.490058 0.856972 0.490058 0.817563
9 0.054061 0.184521 0.054055 0.164817 0.939694 0.163270 0.939700 0.182975 
9 0.122860 0.177724 0.125473 0.159233 0.498125 0.516842 0.495512 0.535332 
9 0.498115 0.535341 0.495521 0.516832 0.870481 0.160021 0.873075 0.178530 
9 0.499756 0.845395 0.495482 0.829139 0.869641 0.161148 0.873915 0.177403 
9 0.122025 0.176598 0.126308 0.160359 0.499760 0.829147 0.495478 0.845387 
9 0.493038 0.526153 0.500599 0.526021 0.501400 0.837201 0.493838 0.837333 
