13 0.184386 0.166499 0.201228 0.166499 0.201228 0.195803 0.184386 0.195803 0.184386 0.166499
13 0.808246 0.165581 0.825088 0.165581 0.825088 0.194885 0.808246 0.194885 0.808246 0.165581
13 0.495439 0.433940 0.512281 0.433940 0.512281 0.463244 0.495439 0.463244 0.495439 0.433940
13 0.061949 0.806730 0.078791 0.806730 0.078791 0.836034 0.061949 0.836034 0.061949 0.806730
13 0.930838 0.808022 0.947680 0.808022 0.947680 0.837326 0.930838 0.837326 0.930838 0.808022
9 0.072235 0.827951 0.068506 0.814814 0.814803 0.173664 0.818531 0.186801 
9 0.812671 0.182541 0.820663 0.177924 0.943255 0.820366 0.935263 0.824983 
9 0.190942 0.187719 0.194672 0.174582 0.941124 0.816106 0.937395 0.829243 
9 0.192811 0.188477 0.192803 0.173825 0.816663 0.172907 0.816670 0.187559 
9 0.188812 0.178838 0.196802 0.183464 0.074366 0.823695 0.066375 0.819069 
9 0.070367 0.828708 0.070374 0.814056 0.939263 0.815348 0.939256 0.830000 
22 0.160430 0.024882 0.212817 0.024882 0.212817 0.148614 0.160430 0.148614
22 0.791045 0.024238 0.854637 0.024238 0.854637 0.143346 0.791045 0.143346
22 0.481592 0.265652 0.537893 0.265652 0.537893 0.386565 0.481592 0.386565
22 0.030089 0.842832 0.103701 0.842832 0.103701 0.965995 0.030089 0.965995
22 0.896580 0.844974 0.965378 0.844974 0.965378 0.966904 0.896580 0.966904
