13 0.805147 0.060952 0.847252 0.060952 0.847252 0.092572 0.805147 0.092572 0.805147 0.060952
13 0.057697 0.230762 0.099803 0.230762 0.099803 0.262383 0.057697 0.262383 0.057697 0.230762
13 0.707072 0.232010 0.749178 0.232010 0.749178 0.263631 0.707072 0.263631 0.707072 0.232010
13 0.564947 0.468697 0.607053 0.468697 0.607053 0.500317 0.564947 0.500317 0.564947 0.468697
13 0.789044 0.575378 0.831149 0.575378 0.831149 0.606998 0.789044 0.606998 0.789044 0.575378
13 0.398081 0.738343 0.440186 0.738343 0.440186 0.769963 0.398081 0.769963 0.398081 0.738343
13 0.288694 0.916781 0.330799 0.916781 0.330799 0.948401 0.288694 0.948401 0.288694 0.916781
9 0.813902 0.070838 0.833117 0.077299 0.318457 0.940535 0.299242 0.934074 
9 0.073155 0.253269 0.084345 0.239877 0.815691 0.584492 0.804502 0.597884 
9 0.065478 0.255459 0.084186 0.248208 0.429385 0.750527 0.410676 0.757778 
9 0.074803 0.251658 0.074861 0.235848 0.727600 0.237195 0.727542 0.253005 
16 0.610526 0.142292 0.731579 0.142292 0.731579 0.229249 0.610526 0.229249
16 0.257895 0.249012 0.331579 0.249012 0.331579 0.328063 0.257895 0.328063
16 0.594737 0.256917 0.668421 0.256917 0.668421 0.339921 0.594737 0.339921
16 0.173684 0.324111 0.247368 0.324111 0.247368 0.403162 0.173684 0.403162
16 0.526316 0.359684 0.600000 0.359684 0.600000 0.446640 0.526316 0.446640
16 0.615789 0.415020 0.689474 0.415020 0.689474 0.498024 0.615789 0.498024
16 0.463158 0.466403 0.542105 0.466403 0.542105 0.549407 0.463158 0.549407
16 0.568421 0.513834 0.642105 0.513834 0.642105 0.596838 0.568421 0.596838
16 0.373684 0.608696 0.447368 0.608696 0.447368 0.691700 0.373684 0.691700
16 0.315789 0.723320 0.384211 0.723320 0.384211 0.806324 0.315789 0.806324
