13 0.106627 0.122666 0.144010 0.122666 0.144010 0.174953 0.106627 0.174953 0.106627 0.122666
13 0.823605 0.122112 0.860988 0.122112 0.860988 0.174400 0.823605 0.174400 0.823605 0.122112
13 0.463756 0.458373 0.501139 0.458373 0.501139 0.510661 0.463756 0.510661 0.463756 0.458373
13 0.106840 0.796326 0.144223 0.796326 0.144223 0.848614 0.106840 0.848614 0.106840 0.796326
13 0.823232 0.795589 0.860615 0.795589 0.860615 0.847877 0.823232 0.847877 0.823232 0.795589
9 0.130747 0.833317 0.120316 0.811623 0.837081 0.137409 0.847512 0.159103 
9 0.120110 0.159662 0.130528 0.137957 0.847133 0.810880 0.836714 0.832586 
9 0.125324 0.161881 0.125314 0.135738 0.842291 0.135184 0.842302 0.161328 
9 0.125538 0.835542 0.125525 0.809398 0.841917 0.808661 0.841931 0.834805 
9 0.115973 0.148815 0.134665 0.148804 0.134877 0.822464 0.116186 0.822476 
9 0.837346 0.146624 0.856038 0.146757 0.853562 0.828054 0.834870 0.827921 
