13 0.058523 0.483556 0.094886 0.483556 0.094886 0.520253 0.058523 0.520253 0.058523 0.483556
13 0.788636 0.484509 0.825000 0.484509 0.825000 0.521206 0.788636 0.521206 0.788636 0.484509
13 0.429545 0.485080 0.465909 0.485080 0.465909 0.521777 0.429545 0.521777 0.429545 0.485080
13 0.242006 0.163129 0.278370 0.163129 0.278370 0.199826 0.242006 0.199826 0.242006 0.163129
13 0.610149 0.167070 0.646513 0.167070 0.646513 0.203767 0.610149 0.203767 0.610149 0.167070
13 0.610417 0.802413 0.646780 0.802413 0.646780 0.839111 0.610417 0.839111 0.610417 0.802413
13 0.242708 0.804032 0.279072 0.804032 0.279072 0.840730 0.242708 0.840730 0.242708 0.804032
9 0.076693 0.511079 0.076716 0.492730 0.806830 0.493683 0.806806 0.512031 
9 0.798906 0.498340 0.814731 0.507375 0.636511 0.825279 0.620686 0.816244 
9 0.260930 0.831555 0.260850 0.813207 0.628559 0.811588 0.628638 0.829936 
9 0.068841 0.506508 0.084568 0.497302 0.268754 0.817778 0.253026 0.826984 
9 0.252317 0.176888 0.268059 0.186068 0.084576 0.506495 0.068833 0.497314 
9 0.260092 0.190652 0.260285 0.172304 0.628427 0.176245 0.628234 0.194593 
9 0.620424 0.189946 0.636237 0.180891 0.814725 0.498329 0.798911 0.507385 
3 0.804005 0.502502 0.784018 0.623376 0.726223 0.731152 0.636883 0.814150 0.525679 0.863376 0.404662 0.873496 0.286946 0.843413 0.185288 0.776387 0.110703 0.679681 0.071274 0.563775 0.071274 0.441229 0.110703 0.325323 0.185288 0.228617 0.286946 0.161591 0.404662 0.131508 0.525679 0.141628 0.636883 0.190854 0.726223 0.273852 0.784018 0.381628 0.804005 0.502502
19 0.303080 0.333443 0.595024 0.333443 0.595024 0.460853 0.303080 0.460853
