13 0.270907 0.191593 0.301325 0.191593 0.301325 0.227308 0.270907 0.227308 0.270907 0.191593
13 0.753504 0.218005 0.783922 0.218005 0.783922 0.253719 0.753504 0.253719 0.753504 0.218005
13 0.504303 0.416429 0.534721 0.416429 0.534721 0.452143 0.504303 0.452143 0.504303 0.416429
13 0.240798 0.588492 0.271216 0.588492 0.271216 0.624206 0.240798 0.624206 0.240798 0.588492
13 0.559943 0.765000 0.590362 0.765000 0.590362 0.800714 0.559943 0.800714 0.559943 0.765000
9 0.761691 0.232436 0.775736 0.239288 0.582175 0.786283 0.568130 0.779431 
9 0.285762 0.218369 0.286470 0.200532 0.769067 0.226943 0.768359 0.244781 
3 0.812082 0.435376 0.795898 0.549243 0.749102 0.650771 0.676763 0.728958 0.586721 0.775330 0.488734 0.784863 0.393420 0.756524 0.311107 0.693383 0.250716 0.602284 0.218790 0.493097 0.218790 0.377655 0.250716 0.268468 0.311107 0.177369 0.393420 0.114228 0.488734 0.085889 0.586721 0.095422 0.676763 0.141794 0.749102 0.219981 0.795898 0.321509 0.812082 0.435376
22 0.139455 0.067842 0.247591 0.067842 0.247591 0.210188 0.139455 0.210188
22 0.796150 0.082720 0.906350 0.082720 0.906350 0.226819 0.796150 0.226819
22 0.107312 0.596569 0.221138 0.596569 0.221138 0.742113 0.107312 0.742113
22 0.502806 0.820485 0.623660 0.820485 0.623660 0.965419 0.502806 0.965419
