13 0.483822 0.125727 0.504178 0.125727 0.504178 0.169926 0.483822 0.169926 0.483822 0.125727
13 0.585822 0.190944 0.606178 0.190944 0.606178 0.235143 0.585822 0.235143 0.585822 0.190944
13 0.944679 0.286596 0.965035 0.286596 0.965035 0.330795 0.944679 0.330795 0.944679 0.286596
13 0.607955 0.428915 0.628311 0.428915 0.628311 0.473114 0.607955 0.473114 0.607955 0.428915
13 0.515822 0.464857 0.536178 0.464857 0.536178 0.509056 0.515822 0.509056 0.515822 0.464857
13 0.629514 0.662181 0.649870 0.662181 0.649870 0.706380 0.629514 0.706380 0.629514 0.662181
13 0.031250 0.671689 0.051607 0.671689 0.051607 0.715888 0.031250 0.715888 0.031250 0.671689
13 0.544965 0.807093 0.565321 0.807093 0.565321 0.851292 0.544965 0.851292 0.544965 0.807093
9 0.619106 0.461861 0.617161 0.440168 0.953885 0.297850 0.955830 0.319542 
9 0.042410 0.704631 0.040447 0.682947 0.525018 0.476114 0.526982 0.497799 
9 0.040815 0.704758 0.042042 0.682820 0.555756 0.818223 0.554530 0.840162 
9 0.043900 0.703448 0.038957 0.684130 0.491528 0.138167 0.496472 0.157485 
9 0.595380 0.224011 0.596620 0.202076 0.955477 0.297728 0.954237 0.319663 
9 0.642141 0.693968 0.637244 0.674594 0.952409 0.299009 0.957306 0.318382 
9 0.489005 0.149939 0.498995 0.145713 0.560138 0.827079 0.550148 0.831306 
9 0.591011 0.215224 0.600989 0.210863 0.644681 0.682100 0.634703 0.686462 
19 0.707379 0.066298 0.811705 0.066298 0.811705 0.193370 0.707379 0.193370
0 0.458015 0.154696 0.506361 0.154696 0.506361 0.237569 0.458015 0.237569
4 0.590331 0.198895 0.643766 0.198895 0.643766 0.314917 0.590331 0.314917
5 0.473282 0.265193 0.547074 0.265193 0.547074 0.364641 0.473282 0.364641
2 0.569975 0.287293 0.641221 0.287293 0.641221 0.364641 0.569975 0.364641
19 0.671756 0.265193 0.730280 0.265193 0.730280 0.381215 0.671756 0.381215
19 0.325700 0.419890 0.363868 0.419890 0.363868 0.519337 0.325700 0.519337
2 0.590331 0.524862 0.664122 0.524862 0.664122 0.607735 0.590331 0.607735
0 0.625954 0.585635 0.679389 0.585635 0.679389 0.657459 0.625954 0.657459
5 0.503817 0.607735 0.577608 0.607735 0.577608 0.701657 0.503817 0.701657
4 0.511450 0.729282 0.557252 0.729282 0.557252 0.823204 0.511450 0.823204
19 0.251908 0.801105 0.315522 0.801105 0.315522 0.922652 0.251908 0.922652
