13 0.191323 0.630022 0.225222 0.630022 0.225222 0.667937 0.191323 0.667937 0.191323 0.630022
13 0.191125 0.387254 0.225024 0.387254 0.225024 0.425169 0.191125 0.425169 0.191125 0.387254
13 0.562679 0.505737 0.596577 0.505737 0.596577 0.543651 0.562679 0.543651 0.562679 0.505737
9 0.210702 0.658060 0.205843 0.639899 0.577199 0.515613 0.582058 0.533775 
9 0.205751 0.415327 0.210398 0.397096 0.581952 0.515578 0.577305 0.533809 
3 0.962741 0.525085 0.941779 0.665589 0.881163 0.790867 0.787464 0.887343 0.670834 0.944563 0.543912 0.956326 0.420452 0.921358 0.313834 0.843447 0.235609 0.731037 0.194257 0.596308 0.194257 0.453862 0.235609 0.319134 0.313834 0.206723 0.420452 0.128812 0.543912 0.093844 0.670834 0.105607 0.787464 0.162827 0.881163 0.259303 0.941779 0.384581 0.962741 0.525085
1 0.118644 0.469194 0.394068 0.469194 0.394068 0.554502 0.118644 0.554502
7 0.350549 0.502394 0.397624 0.502394 0.397624 0.549150 0.350549 0.549150
19 0.358163 0.327806 0.576887 0.327806 0.576887 0.443058 0.358163 0.443058
18 0.039822 0.340522 0.183531 0.340522 0.183531 0.474490 0.039822 0.474490
