13 0.127825 0.206206 0.150813 0.206206 0.150813 0.235297 0.127825 0.235297 0.127825 0.206206
13 0.789411 0.207109 0.812399 0.207109 0.812399 0.236200 0.789411 0.236200 0.789411 0.207109
13 0.604117 0.773455 0.627105 0.773455 0.627105 0.802545 0.604117 0.802545 0.604117 0.773455
9 0.139313 0.228025 0.139325 0.213479 0.800911 0.214381 0.800899 0.228927 
9 0.795595 0.218872 0.806215 0.224436 0.620921 0.790782 0.610301 0.785218 
9 0.135380 0.226048 0.143258 0.215456 0.619550 0.782704 0.611672 0.793296 
19 0.252461 0.516833 0.361907 0.516833 0.361907 0.637882 0.252461 0.637882
19 0.733389 0.481052 0.846111 0.481052 0.846111 0.603336 0.733389 0.603336
18 0.513454 0.515158 0.657832 0.515158 0.657832 0.638619 0.513454 0.638619
22 0.570935 0.830200 0.661590 0.830200 0.661590 0.961006 0.570935 0.961006
22 0.824546 0.104885 0.931182 0.104885 0.931182 0.236402 0.824546 0.236402
22 0.044004 0.090203 0.110813 0.090203 0.110813 0.220779 0.044004 0.220779
