13 0.339701 0.790168 0.357966 0.790168 0.357966 0.822041 0.339701 0.822041 0.339701 0.790168
13 0.254727 0.471518 0.272992 0.471518 0.272992 0.503390 0.254727 0.503390 0.254727 0.471518
13 0.339201 0.148146 0.357466 0.148146 0.357466 0.180019 0.339201 0.180019 0.339201 0.148146
13 0.339439 0.471882 0.357704 0.471882 0.357704 0.503755 0.339439 0.503755 0.339439 0.471882
13 0.457701 0.473017 0.475966 0.473017 0.475966 0.504890 0.457701 0.504890 0.457701 0.473017
13 0.807008 0.473354 0.825273 0.473354 0.825273 0.505226 0.807008 0.505226 0.807008 0.473354
9 0.263851 0.495422 0.263868 0.479486 0.816149 0.481322 0.816132 0.497258 
9 0.350487 0.813532 0.347180 0.798677 0.814487 0.481863 0.817794 0.496717 
9 0.259720 0.490816 0.268000 0.484092 0.352973 0.802743 0.344693 0.809466 
9 0.344178 0.160778 0.352488 0.167388 0.268015 0.490759 0.259705 0.484149 
9 0.343767 0.164094 0.352900 0.164072 0.353400 0.806094 0.344267 0.806115 
9 0.346643 0.171485 0.350023 0.156680 0.817830 0.481888 0.814450 0.496692 
3 0.464669 0.484663 0.453723 0.599129 0.422072 0.701190 0.373144 0.779787 0.312243 0.826403 0.245967 0.835987 0.181500 0.807498 0.125826 0.744026 0.084979 0.652448 0.063386 0.542687 0.063386 0.426639 0.084979 0.316878 0.125826 0.225300 0.181500 0.161827 0.245967 0.133339 0.312243 0.142923 0.373144 0.189539 0.422072 0.268136 0.453723 0.370197 0.464669 0.484663
1 0.257991 0.247012 0.340183 0.247012 0.340183 0.462151 0.257991 0.462151
7 0.274395 0.424350 0.298895 0.424350 0.298895 0.461270 0.274395 0.461270
19 0.236900 0.612975 0.297017 0.612975 0.297017 0.713718 0.236900 0.713718
22 0.344545 0.033492 0.398989 0.033492 0.398989 0.139833 0.344545 0.139833
22 0.329019 0.823957 0.384447 0.823957 0.384447 0.928674 0.329019 0.928674
22 0.830333 0.433952 0.873577 0.433952 0.873577 0.542638 0.830333 0.542638
22 0.184668 0.427308 0.247055 0.427308 0.247055 0.534227 0.184668 0.534227
19 0.584379 0.246698 0.623004 0.246698 0.623004 0.326203 0.584379 0.326203
19 0.571915 0.657059 0.637185 0.657059 0.637185 0.759109 0.571915 0.759109
22 0.473526 0.362796 0.524475 0.362796 0.524475 0.462863 0.473526 0.462863
18 0.176445 0.215144 0.262242 0.215144 0.262242 0.326260 0.176445 0.326260
