13 0.244048 0.745769 0.267929 0.745769 0.267929 0.786586 0.244048 0.786586 0.244048 0.745769
13 0.711490 0.747052 0.735370 0.747052 0.735370 0.787868 0.711490 0.787868 0.711490 0.747052
13 0.711901 0.115429 0.735782 0.115429 0.735782 0.156245 0.711901 0.156245 0.711901 0.115429
13 0.245156 0.277467 0.269037 0.277467 0.269037 0.318284 0.245156 0.318284 0.245156 0.277467
9 0.255979 0.776382 0.255998 0.755974 0.723440 0.757256 0.723420 0.777664 
9 0.717871 0.135825 0.729812 0.135848 0.729400 0.767472 0.717460 0.767449 
9 0.258285 0.307875 0.255908 0.287876 0.722653 0.125837 0.725030 0.145837 
9 0.251126 0.297834 0.263066 0.297917 0.261959 0.766219 0.250018 0.766136 
12 0.240601 0.638237 0.328738 0.638237 0.328738 0.790876 0.240601 0.790876
12 0.647548 0.636938 0.737448 0.636938 0.737448 0.791630 0.647548 0.791630
19 0.025796 0.458131 0.230200 0.458131 0.230200 0.598483 0.025796 0.598483
19 0.746059 0.375260 0.953110 0.375260 0.953110 0.513374 0.746059 0.513374
19 0.385139 0.809937 0.591577 0.809937 0.591577 0.950681 0.385139 0.950681
