13 0.468192 0.051669 0.489356 0.051669 0.489356 0.077310 0.468192 0.077310 0.468192 0.051669
13 0.066237 0.458608 0.087401 0.458608 0.087401 0.484249 0.066237 0.484249 0.066237 0.458608
13 0.468192 0.458608 0.489356 0.458608 0.489356 0.484249 0.468192 0.484249 0.468192 0.458608
13 0.896965 0.459179 0.918129 0.459179 0.918129 0.484821 0.896965 0.484821 0.896965 0.459179
13 0.468349 0.866418 0.489513 0.866418 0.489513 0.892059 0.468349 0.892059 0.468349 0.866418
9 0.475508 0.069533 0.482039 0.059446 0.910813 0.466956 0.904281 0.477044 
9 0.482196 0.884282 0.475666 0.874194 0.904282 0.466956 0.910812 0.477044 
9 0.073423 0.476344 0.080216 0.466513 0.482327 0.874323 0.475535 0.884153 
9 0.080212 0.476348 0.073427 0.466510 0.475381 0.059571 0.482166 0.069409 
9 0.473483 0.064491 0.484065 0.064488 0.484222 0.879237 0.473640 0.879240 
9 0.076816 0.477839 0.076822 0.465018 0.907550 0.465590 0.907544 0.478410 
2 0.238933 0.208790 0.316367 0.208790 0.316367 0.320233 0.238933 0.320233
2 0.237069 0.618674 0.317693 0.618674 0.317693 0.731746 0.237069 0.731746
5 0.643713 0.605763 0.742819 0.605763 0.742819 0.741645 0.643713 0.741645
5 0.642699 0.198901 0.744613 0.198901 0.744613 0.335381 0.642699 0.335381
16 0.409438 0.330182 0.460113 0.330182 0.460113 0.443173 0.409438 0.443173
16 0.496311 0.329408 0.561134 0.329408 0.561134 0.447005 0.496311 0.447005
16 0.391077 0.653711 0.454602 0.653711 0.454602 0.771819 0.391077 0.771819
18 0.210807 0.337600 0.345913 0.337600 0.345913 0.446082 0.210807 0.446082
