13 0.126137 0.799395 0.145890 0.799395 0.145890 0.826151 0.126137 0.826151 0.126137 0.799395
13 0.126463 0.158765 0.146216 0.158765 0.146216 0.185521 0.126463 0.185521 0.126463 0.158765
13 0.835177 0.158686 0.854930 0.158686 0.854930 0.185441 0.835177 0.185441 0.835177 0.158686
13 0.836537 0.800336 0.856290 0.800336 0.856290 0.827092 0.836537 0.827092 0.836537 0.800336
9 0.138754 0.818337 0.133273 0.807209 0.842313 0.166499 0.847794 0.177628 
9 0.840116 0.172083 0.849992 0.172044 0.851352 0.813695 0.841475 0.813733 
9 0.136009 0.819462 0.136019 0.806084 0.846418 0.807025 0.846409 0.820403 
9 0.131401 0.172138 0.141278 0.172147 0.140952 0.812778 0.131076 0.812769 
9 0.136340 0.178832 0.136339 0.165454 0.845054 0.165375 0.845054 0.178752 
22 0.066262 0.049788 0.136051 0.049788 0.136051 0.161550 0.066262 0.161550
22 0.856052 0.048627 0.920740 0.048627 0.920740 0.164231 0.856052 0.164231
5 0.459007 0.096233 0.534429 0.096233 0.534429 0.240247 0.459007 0.240247
2 0.083844 0.450248 0.186845 0.450248 0.186845 0.517809 0.083844 0.517809
2 0.791921 0.449609 0.895925 0.449609 0.895925 0.518625 0.791921 0.518625
5 0.458441 0.737586 0.534844 0.737586 0.534844 0.882077 0.458441 0.882077
22 0.059652 0.822678 0.127754 0.822678 0.127754 0.936348 0.059652 0.936348
22 0.840577 0.823090 0.904392 0.823090 0.904392 0.935707 0.840577 0.935707
