13 0.144989 0.793204 0.167978 0.793204 0.167978 0.816061 0.144989 0.816061 0.144989 0.793204
13 0.500594 0.793204 0.523582 0.793204 0.523582 0.816061 0.500594 0.816061 0.500594 0.793204
13 0.859275 0.793204 0.882263 0.793204 0.882263 0.816061 0.859275 0.816061 0.859275 0.793204
13 0.501649 0.147662 0.524637 0.147662 0.524637 0.170519 0.501649 0.170519 0.501649 0.147662
9 0.508106 0.156340 0.518180 0.161842 0.161521 0.807384 0.151446 0.801882 
9 0.508109 0.161848 0.518177 0.156334 0.875803 0.801876 0.865735 0.807390 
9 0.156484 0.810347 0.156484 0.798919 0.870769 0.798919 0.870769 0.810347 
9 0.507396 0.159082 0.518890 0.159100 0.517835 0.804642 0.506341 0.804624 
22 0.506132 0.042388 0.590947 0.042388 0.590947 0.137676 0.506132 0.137676
2 0.280130 0.438475 0.390640 0.438475 0.390640 0.515600 0.280130 0.515600
2 0.636116 0.437968 0.747703 0.437968 0.747703 0.516190 0.636116 0.516190
12 0.492429 0.682033 0.629180 0.682033 0.629180 0.819180 0.492429 0.819180
22 0.046689 0.818365 0.159547 0.818365 0.159547 0.915447 0.046689 0.915447
22 0.465485 0.821364 0.546785 0.821364 0.546785 0.917027 0.465485 0.917027
22 0.862050 0.820581 0.935803 0.820581 0.935803 0.914588 0.862050 0.914588
