13 0.674122 0.172938 0.700878 0.172938 0.700878 0.199253 0.674122 0.199253 0.674122 0.172938
13 0.338051 0.185076 0.364806 0.185076 0.364806 0.211392 0.338051 0.211392 0.338051 0.185076
13 0.459275 0.337966 0.486031 0.337966 0.486031 0.364281 0.459275 0.364281 0.459275 0.337966
13 0.520336 0.517179 0.547092 0.517179 0.547092 0.543495 0.520336 0.543495 0.520336 0.517179
13 0.137860 0.587217 0.164616 0.587217 0.164616 0.613532 0.137860 0.613532 0.137860 0.587217
13 0.805908 0.770901 0.832664 0.770901 0.832664 0.797217 0.805908 0.797217 0.805908 0.770901
9 0.346168 0.202298 0.356689 0.194170 0.824546 0.779995 0.814025 0.788123 
9 0.155370 0.605548 0.147106 0.595201 0.683368 0.180922 0.691632 0.191269 
3 0.913727 0.529996 0.892854 0.653025 0.832496 0.762721 0.739195 0.847199 0.623061 0.897302 0.496678 0.907602 0.373743 0.876983 0.267577 0.808762 0.189685 0.710333 0.148508 0.592361 0.148508 0.467631 0.189685 0.349660 0.267577 0.251230 0.373743 0.183009 0.496678 0.152390 0.623061 0.162690 0.739195 0.212794 0.832496 0.297271 0.892854 0.406967 0.913727 0.529996
22 0.686059 0.054273 0.794477 0.054273 0.794477 0.166663 0.686059 0.166663
22 0.246765 0.069238 0.351479 0.069238 0.351479 0.179590 0.246765 0.179590
22 0.301472 0.284515 0.406629 0.284515 0.406629 0.392950 0.301472 0.392950
12 0.463949 0.290227 0.597443 0.290227 0.597443 0.422794 0.463949 0.422794
22 0.480998 0.560972 0.580054 0.560972 0.580054 0.671297 0.480998 0.671297
22 0.033302 0.583282 0.129380 0.583282 0.129380 0.692452 0.033302 0.692452
22 0.813262 0.783685 0.921566 0.783685 0.921566 0.895337 0.813262 0.895337
