13 0.633570 0.144569 0.662556 0.144569 0.662556 0.183594 0.633570 0.183594 0.633570 0.144569
13 0.171948 0.252488 0.200933 0.252488 0.200933 0.291512 0.171948 0.291512 0.171948 0.252488
13 0.454226 0.486370 0.483212 0.486370 0.483212 0.525395 0.454226 0.525395 0.454226 0.486370
13 0.888977 0.644059 0.917962 0.644059 0.917962 0.683084 0.888977 0.683084 0.888977 0.644059
13 0.488897 0.682393 0.517883 0.682393 0.517883 0.721417 0.488897 0.721417 0.488897 0.682393
13 0.042969 0.738397 0.071955 0.738397 0.071955 0.777422 0.042969 0.777422 0.042969 0.738397
9 0.058135 0.767623 0.056789 0.748195 0.502717 0.692191 0.504063 0.711619 
9 0.181298 0.278873 0.191584 0.265127 0.508533 0.695032 0.498247 0.708778 
9 0.466834 0.515303 0.470604 0.496462 0.905354 0.654151 0.901584 0.672992 
9 0.642094 0.169614 0.654032 0.158549 0.909438 0.658039 0.897501 0.669104 
16 0.711921 0.447251 0.785115 0.447251 0.785115 0.587313 0.711921 0.587313
16 0.314500 0.555001 0.378386 0.555001 0.378386 0.693549 0.314500 0.693549
