13 0.190366 0.388221 0.205489 0.388221 0.205489 0.404922 0.190366 0.404922 0.190366 0.388221
13 0.702283 0.327159 0.717406 0.327159 0.717406 0.343861 0.702283 0.343861 0.702283 0.327159
13 0.597793 0.815459 0.612915 0.815459 0.612915 0.832160 0.597793 0.832160 0.597793 0.815459
9 0.198333 0.400723 0.197521 0.392420 0.709439 0.331359 0.710251 0.339661 
9 0.706165 0.334550 0.713524 0.336470 0.609033 0.824770 0.601675 0.822849 
3 0.766748 0.529291 0.750604 0.636135 0.703921 0.731401 0.631759 0.804765 0.541938 0.848277 0.444190 0.857222 0.349108 0.830630 0.266997 0.771384 0.206753 0.685904 0.174905 0.583452 0.174905 0.475131 0.206753 0.372679 0.266997 0.287198 0.349108 0.227952 0.444190 0.201361 0.541938 0.210306 0.631759 0.253818 0.703921 0.327182 0.750604 0.422447 0.766748 0.529291
22 0.096672 0.351367 0.173824 0.351367 0.173824 0.444449 0.096672 0.444449
22 0.563734 0.836684 0.644138 0.836684 0.644138 0.932679 0.563734 0.932679
22 0.719185 0.246375 0.791464 0.246375 0.791464 0.337406 0.719185 0.337406
18 0.337014 0.087793 0.487280 0.087793 0.487280 0.181351 0.337014 0.181351
18 0.782695 0.550437 0.930023 0.550437 0.930023 0.646760 0.782695 0.646760
