13 0.756902 0.154059 0.784021 0.154059 0.784021 0.193084 0.756902 0.193084 0.756902 0.154059
13 0.145171 0.183345 0.172289 0.183345 0.172289 0.222369 0.145171 0.222369 0.145171 0.183345
13 0.660796 0.296559 0.687914 0.296559 0.687914 0.335584 0.660796 0.335584 0.660796 0.296559
13 0.182088 0.357111 0.209206 0.357111 0.209206 0.396136 0.182088 0.396136 0.182088 0.357111
13 0.285110 0.849059 0.312229 0.849059 0.312229 0.888084 0.285110 0.888084 0.285110 0.849059
13 0.756282 0.849059 0.783401 0.849059 0.783401 0.888084 0.756282 0.888084 0.756282 0.849059
13 0.916996 0.847835 0.944115 0.847835 0.944115 0.886859 0.916996 0.886859 0.916996 0.847835
9 0.152241 0.205682 0.165219 0.200032 0.305159 0.865747 0.292180 0.871396 
9 0.298679 0.878328 0.298660 0.858815 0.930546 0.857591 0.930565 0.877103 
9 0.765612 0.166754 0.775311 0.180389 0.303519 0.875389 0.293820 0.861754 
22 0.232072 0.275372 0.320068 0.275372 0.320068 0.414591 0.232072 0.414591
22 0.710822 0.274363 0.803078 0.274363 0.803078 0.415028 0.710822 0.415028
22 0.729288 0.677261 0.814111 0.677261 0.814111 0.817382 0.729288 0.817382
22 0.200486 0.832599 0.281517 0.832599 0.281517 0.966145 0.200486 0.966145
0 0.257554 0.688319 0.386719 0.688319 0.386719 0.770311 0.257554 0.770311
0 0.401739 0.685671 0.484426 0.685671 0.484426 0.881584 0.401739 0.881584
