13 0.423020 0.079031 0.436092 0.079031 0.436092 0.120268 0.423020 0.120268 0.423020 0.079031
13 0.554178 0.074870 0.567250 0.074870 0.567250 0.116107 0.554178 0.116107 0.554178 0.074870
13 0.345131 0.687652 0.358203 0.687652 0.358203 0.728889 0.345131 0.728889 0.345131 0.687652
13 0.633020 0.690259 0.646092 0.690259 0.646092 0.731496 0.633020 0.731496 0.633020 0.690259
13 0.021797 0.818479 0.034869 0.818479 0.034869 0.859716 0.021797 0.859716 0.021797 0.818479
13 0.956797 0.819732 0.969869 0.819732 0.969869 0.860969 0.956797 0.860969 0.956797 0.819732
9 0.029982 0.847999 0.026685 0.830196 0.427907 0.090748 0.431204 0.108551 
9 0.426525 0.095790 0.432586 0.103509 0.354697 0.712130 0.348636 0.704411 
9 0.028749 0.849323 0.027918 0.828872 0.351251 0.698045 0.352082 0.718496 
9 0.559061 0.104382 0.562367 0.086596 0.964987 0.831458 0.961680 0.849244 
9 0.639145 0.721105 0.639967 0.700650 0.963744 0.830123 0.962922 0.850578 
9 0.557684 0.099352 0.563744 0.091626 0.642585 0.707014 0.636526 0.714740 
5 0.166689 0.660266 0.213043 0.660266 0.213043 0.897090 0.166689 0.897090
5 0.781383 0.660382 0.827856 0.660382 0.827856 0.900245 0.781383 0.900245
2 0.743416 0.373892 0.786358 0.373892 0.786358 0.573171 0.743416 0.573171
2 0.208206 0.373486 0.251431 0.373486 0.251431 0.575101 0.208206 0.575101
24 0.352615 0.291529 0.431447 0.291529 0.431447 0.523617 0.352615 0.523617
24 0.561934 0.294815 0.642573 0.294815 0.642573 0.523580 0.561934 0.523580
