13 0.069889 0.674784 0.111340 0.674784 0.111340 0.723565 0.069889 0.723565 0.069889 0.674784
13 0.069229 0.339925 0.110680 0.339925 0.110680 0.388705 0.069229 0.388705 0.069229 0.339925
13 0.294809 0.103875 0.336259 0.103875 0.336259 0.152656 0.294809 0.152656 0.294809 0.103875
13 0.612621 0.103773 0.654072 0.103773 0.654072 0.152554 0.612621 0.152554 0.612621 0.103773
13 0.835291 0.341834 0.876741 0.341834 0.876741 0.390615 0.835291 0.390615 0.835291 0.341834
13 0.836300 0.674801 0.877750 0.674801 0.877750 0.723582 0.836300 0.723582 0.836300 0.674801
13 0.612461 0.911194 0.653912 0.911194 0.653912 0.959975 0.612461 0.959975 0.612461 0.911194
13 0.296209 0.911654 0.337660 0.911654 0.337660 0.960434 0.296209 0.960434 0.296209 0.911654
13 0.456132 0.508101 0.497582 0.508101 0.497582 0.556882 0.456132 0.556882 0.456132 0.508101
9 0.480475 0.543919 0.473239 0.521064 0.852398 0.354797 0.859634 0.377652 
9 0.845653 0.366268 0.866379 0.366181 0.867388 0.699148 0.846662 0.699235 
9 0.640107 0.944661 0.626265 0.926508 0.850104 0.690115 0.863946 0.708268 
9 0.316947 0.948239 0.316921 0.923849 0.633173 0.923389 0.633199 0.947780 
9 0.083728 0.708287 0.097501 0.690062 0.323821 0.926931 0.310048 0.945157 
9 0.079592 0.364343 0.100317 0.364287 0.100978 0.699146 0.080252 0.699203 
9 0.096840 0.373428 0.083069 0.355201 0.308648 0.119152 0.322420 0.137379 
9 0.315537 0.140460 0.315531 0.116070 0.633344 0.115968 0.633349 0.140358 
9 0.626378 0.137190 0.640315 0.119137 0.862984 0.357198 0.849048 0.375251 
19 0.430984 0.259204 0.691703 0.259204 0.691703 0.405334 0.430984 0.405334
