13 0.247332 0.132146 0.263692 0.132146 0.263692 0.158902 0.247332 0.158902 0.247332 0.132146
13 0.802958 0.127955 0.819318 0.127955 0.819318 0.154711 0.802958 0.154711 0.802958 0.127955
13 0.150686 0.456826 0.167046 0.456826 0.167046 0.483582 0.150686 0.483582 0.150686 0.456826
13 0.390698 0.454479 0.407058 0.454479 0.407058 0.481235 0.390698 0.481235 0.390698 0.454479
13 0.703631 0.463194 0.719991 0.463194 0.719991 0.489949 0.703631 0.489949 0.703631 0.463194
13 0.953348 0.463765 0.969708 0.463765 0.969708 0.490521 0.953348 0.490521 0.953348 0.463765
13 0.038768 0.836418 0.055128 0.836418 0.055128 0.863174 0.038768 0.863174 0.038768 0.836418
13 0.564695 0.836265 0.581055 0.836265 0.581055 0.863021 0.564695 0.863021 0.564695 0.836265
9 0.251831 0.142608 0.259193 0.148439 0.050629 0.852712 0.043267 0.846880 
9 0.252220 0.149493 0.258804 0.141555 0.576168 0.845674 0.569583 0.853612 
9 0.046949 0.856485 0.046947 0.843107 0.572875 0.842954 0.572876 0.856332 
9 0.158891 0.476893 0.158842 0.463515 0.398853 0.461168 0.398902 0.474546 
9 0.711805 0.483260 0.711817 0.469882 0.961534 0.470454 0.961522 0.483832 
9 0.807839 0.145286 0.814438 0.137381 0.964828 0.473190 0.958229 0.481095 
9 0.807458 0.138416 0.814819 0.144250 0.715492 0.479488 0.708130 0.473655 
22 0.226910 0.008590 0.287581 0.008590 0.287581 0.117995 0.226910 0.117995
22 0.776020 0.004693 0.843160 0.004693 0.843160 0.118782 0.776020 0.118782
16 0.237554 0.187966 0.278556 0.187966 0.278556 0.290385 0.237554 0.290385
2 0.720937 0.257471 0.803297 0.257471 0.803297 0.336818 0.720937 0.336818
2 0.162390 0.275112 0.243930 0.275112 0.243930 0.353522 0.162390 0.353522
16 0.195705 0.348341 0.239017 0.348341 0.239017 0.452154 0.195705 0.452154
16 0.300914 0.347219 0.343860 0.347219 0.343860 0.449427 0.300914 0.449427
22 0.085615 0.398433 0.146601 0.398433 0.146601 0.509433 0.085615 0.509433
22 0.415928 0.397109 0.478037 0.397109 0.478037 0.510197 0.415928 0.510197
10 0.244355 0.423007 0.316502 0.423007 0.316502 0.516152 0.244355 0.516152
22 0.678087 0.494187 0.740474 0.494187 0.740474 0.604878 0.678087 0.604878
22 0.930107 0.494281 0.992397 0.494281 0.992397 0.605640 0.930107 0.605640
16 0.083202 0.738634 0.122237 0.738634 0.122237 0.838933 0.083202 0.838933
16 0.479217 0.738112 0.523224 0.738112 0.523224 0.836736 0.479217 0.836736
10 0.255389 0.800876 0.330642 0.800876 0.330642 0.894908 0.255389 0.894908
22 0.011845 0.866159 0.073581 0.866159 0.073581 0.975526 0.011845 0.975526
22 0.547866 0.862802 0.613399 0.862802 0.613399 0.975684 0.547866 0.975684
