13 0.477085 0.065492 0.502892 0.065492 0.502892 0.092703 0.477085 0.092703 0.477085 0.065492
13 0.190901 0.190550 0.216708 0.190550 0.216708 0.217761 0.190901 0.217761 0.190901 0.190550
13 0.361457 0.189756 0.387264 0.189756 0.387264 0.216967 0.361457 0.216967 0.361457 0.189756
13 0.595792 0.189252 0.621599 0.189252 0.621599 0.216463 0.595792 0.216463 0.595792 0.189252
13 0.761553 0.186395 0.787360 0.186395 0.787360 0.213605 0.761553 0.213605 0.761553 0.186395
13 0.762033 0.362865 0.787839 0.362865 0.787839 0.390076 0.762033 0.390076 0.762033 0.362865
13 0.196963 0.365735 0.222769 0.365735 0.222769 0.392946 0.196963 0.392946 0.196963 0.365735
13 0.888667 0.476236 0.914473 0.476236 0.914473 0.503447 0.888667 0.503447 0.888667 0.476236
13 0.067760 0.499778 0.093567 0.499778 0.093567 0.526989 0.067760 0.526989 0.067760 0.499778
13 0.197775 0.610596 0.223581 0.610596 0.223581 0.637807 0.197775 0.637807 0.197775 0.610596
13 0.761553 0.609252 0.787360 0.609252 0.787360 0.636463 0.761553 0.636463 0.761553 0.609252
13 0.598510 0.783537 0.624316 0.783537 0.624316 0.810748 0.598510 0.810748 0.598510 0.783537
13 0.364814 0.783537 0.390621 0.783537 0.390621 0.810748 0.364814 0.810748 0.364814 0.783537
13 0.764271 0.783537 0.790077 0.783537 0.790077 0.810748 0.764271 0.810748 0.764271 0.783537
13 0.196815 0.798495 0.222622 0.798495 0.222622 0.825706 0.196815 0.825706 0.196815 0.798495
13 0.479126 0.905633 0.504932 0.905633 0.504932 0.932844 0.479126 0.932844 0.479126 0.905633
9 0.203824 0.210959 0.203785 0.197353 0.608676 0.196054 0.608715 0.209660 
9 0.485450 0.083933 0.494527 0.074263 0.779474 0.371636 0.770398 0.381306 
9 0.768005 0.193197 0.780908 0.193197 0.780908 0.629660 0.768005 0.629660 
9 0.896998 0.485042 0.906142 0.494641 0.615985 0.801942 0.606841 0.792343 
9 0.377717 0.803946 0.377717 0.790340 0.777174 0.790340 0.777174 0.803946 
9 0.206128 0.629025 0.215227 0.619378 0.496578 0.914415 0.487480 0.924062 
9 0.203415 0.379338 0.216318 0.379343 0.216170 0.812103 0.203267 0.812098 
9 0.369796 0.198554 0.378925 0.208169 0.085228 0.518191 0.076099 0.508576 
16 0.105775 0.521735 0.183061 0.521735 0.183061 0.646066 0.105775 0.646066
16 0.167952 0.207439 0.230217 0.207439 0.230217 0.325249 0.167952 0.325249
16 0.393434 0.048264 0.475225 0.048264 0.475225 0.170803 0.393434 0.170803
16 0.685586 0.144353 0.757053 0.144353 0.757053 0.266777 0.685586 0.266777
16 0.796612 0.377802 0.875956 0.377802 0.875956 0.498420 0.796612 0.498420
16 0.750808 0.659439 0.829030 0.659439 0.829030 0.782333 0.750808 0.782333
16 0.527894 0.823987 0.612700 0.823987 0.612700 0.943060 0.527894 0.943060
16 0.257941 0.773126 0.336855 0.773126 0.336855 0.898362 0.257941 0.898362
