13 0.183051 0.437569 0.199378 0.437569 0.199378 0.457669 0.183051 0.457669 0.183051 0.437569
13 0.264860 0.222521 0.281187 0.222521 0.281187 0.242622 0.264860 0.242622 0.264860 0.222521
13 0.759279 0.293950 0.775605 0.293950 0.775605 0.314050 0.759279 0.314050 0.759279 0.293950
13 0.489511 0.481378 0.505838 0.481378 0.505838 0.501479 0.489511 0.501479 0.489511 0.481378
13 0.796488 0.527093 0.812814 0.527093 0.812814 0.547193 0.796488 0.547193 0.796488 0.527093
13 0.342365 0.815404 0.358692 0.815404 0.358692 0.835505 0.342365 0.835505 0.342365 0.815404
9 0.190734 0.452609 0.191695 0.442629 0.805132 0.532153 0.804171 0.542133 
9 0.494087 0.489033 0.501262 0.493824 0.354116 0.827850 0.346941 0.823059 
9 0.272548 0.237562 0.273499 0.227581 0.767918 0.299009 0.766966 0.308991 
3 0.807118 0.491320 0.790327 0.615205 0.741773 0.725665 0.666717 0.810730 0.573293 0.861182 0.471626 0.871554 0.372731 0.840721 0.287327 0.772026 0.224667 0.672912 0.191543 0.554119 0.191543 0.428521 0.224667 0.309729 0.287327 0.210615 0.372731 0.141919 0.471626 0.111087 0.573293 0.121459 0.666717 0.171911 0.741773 0.256976 0.790327 0.367436 0.807118 0.491320
22 0.168640 0.152270 0.246576 0.152270 0.246576 0.261711 0.168640 0.261711
22 0.797400 0.252537 0.872016 0.252537 0.872016 0.359463 0.797400 0.359463
22 0.816949 0.491460 0.897237 0.491460 0.897237 0.598959 0.816949 0.598959
22 0.485723 0.512820 0.553582 0.512820 0.553582 0.615467 0.485723 0.615467
22 0.109325 0.391264 0.173710 0.391264 0.173710 0.500149 0.109325 0.500149
22 0.277794 0.842439 0.372311 0.842439 0.372311 0.951047 0.277794 0.951047
