13 0.070647 0.273944 0.086242 0.273944 0.086242 0.307699 0.070647 0.307699 0.070647 0.273944
13 0.927203 0.272977 0.942797 0.272977 0.942797 0.306733 0.927203 0.306733 0.927203 0.272977
13 0.499314 0.697132 0.514908 0.697132 0.514908 0.730887 0.499314 0.730887 0.499314 0.697132
9 0.076827 0.298499 0.080062 0.283143 0.508729 0.706332 0.505493 0.721688 
9 0.508734 0.721682 0.505488 0.706337 0.933377 0.282183 0.936623 0.297528 
2 0.268792 0.413016 0.316364 0.413016 0.316364 0.586874 0.268792 0.586874
2 0.695929 0.410797 0.744082 0.410797 0.744082 0.585863 0.695929 0.585863
22 0.047517 0.083747 0.108950 0.083747 0.108950 0.231299 0.047517 0.231299
22 0.479020 0.768791 0.532545 0.768791 0.532545 0.920353 0.479020 0.920353
22 0.909140 0.079378 0.965410 0.079378 0.965410 0.232156 0.909140 0.232156
