13 0.148258 0.702380 0.168409 0.702380 0.168409 0.740658 0.148258 0.740658 0.148258 0.702380
13 0.426591 0.458709 0.446742 0.458709 0.446742 0.496987 0.426591 0.496987 0.426591 0.458709
13 0.146724 0.212507 0.166876 0.212507 0.166876 0.250784 0.146724 0.250784 0.146724 0.212507
13 0.658937 0.211288 0.679088 0.211288 0.679088 0.249565 0.658937 0.249565 0.658937 0.211288
13 0.661078 0.703354 0.681229 0.703354 0.681229 0.741631 0.661078 0.741631 0.661078 0.703354
13 0.942543 0.458709 0.962695 0.458709 0.962695 0.496987 0.942543 0.496987 0.942543 0.458709
9 0.160442 0.730210 0.156225 0.712828 0.434558 0.469157 0.438775 0.486539 
9 0.154683 0.240329 0.158917 0.222962 0.438784 0.469165 0.434550 0.486531 
9 0.156806 0.241215 0.156794 0.222076 0.669006 0.220857 0.669019 0.239996 
9 0.666910 0.239123 0.671115 0.221731 0.954722 0.469152 0.950516 0.486544 
9 0.158328 0.731088 0.158338 0.711950 0.671159 0.712923 0.671149 0.732062 
9 0.673250 0.731194 0.669058 0.713791 0.950523 0.469146 0.954715 0.486550 
2 0.257516 0.287863 0.329338 0.287863 0.329338 0.422161 0.257516 0.422161
2 0.770135 0.532584 0.840873 0.532584 0.840873 0.669485 0.770135 0.669485
2 0.769402 0.279657 0.842407 0.279657 0.842407 0.421289 0.769402 0.421289
2 0.257825 0.526955 0.327559 0.526955 0.327559 0.661968 0.257825 0.661968
1 0.062972 0.215311 0.098237 0.215311 0.098237 0.392344 0.062972 0.392344
1 0.060453 0.550239 0.100756 0.550239 0.100756 0.741627 0.060453 0.741627
8 0.066543 0.211959 0.099827 0.211959 0.099827 0.317070 0.066543 0.317070
8 0.067269 0.640355 0.100127 0.640355 0.100127 0.741785 0.067269 0.741785
19 0.056155 0.405142 0.105705 0.405142 0.105705 0.537587 0.056155 0.537587
19 0.385285 0.742349 0.462137 0.742349 0.462137 0.874773 0.385285 0.874773
19 0.384965 0.084487 0.461750 0.084487 0.461750 0.214744 0.384965 0.214744
