13 0.189209 0.299705 0.207187 0.299705 0.207187 0.318708 0.189209 0.318708 0.189209 0.299705
13 0.503849 0.105499 0.521827 0.105499 0.521827 0.124501 0.503849 0.124501 0.503849 0.105499
13 0.504525 0.299070 0.522502 0.299070 0.522502 0.318073 0.504525 0.318073 0.504525 0.299070
13 0.828849 0.299070 0.846827 0.299070 0.846827 0.318073 0.828849 0.318073 0.828849 0.299070
13 0.502980 0.807642 0.520958 0.807642 0.520958 0.826644 0.502980 0.826644 0.502980 0.807642
13 0.504525 0.920785 0.522502 0.920785 0.522502 0.939787 0.504525 0.939787 0.504525 0.920785
9 0.198202 0.313957 0.198194 0.304456 0.837834 0.303821 0.837842 0.313322 
9 0.194435 0.311804 0.201961 0.306609 0.515732 0.814546 0.508206 0.819740 
9 0.834117 0.305907 0.841559 0.311235 0.515690 0.819807 0.508248 0.814479 
9 0.508343 0.115004 0.517332 0.114996 0.518008 0.930282 0.509019 0.930290 
2 0.636865 0.492560 0.733291 0.492560 0.733291 0.584484 0.636865 0.584484
2 0.292051 0.493592 0.386842 0.493592 0.386842 0.583995 0.292051 0.583995
12 0.497686 0.292104 0.596187 0.292104 0.596187 0.397537 0.497686 0.397537
22 0.544529 0.773009 0.628218 0.773009 0.628218 0.875984 0.544529 0.875984
22 0.528829 0.191083 0.629896 0.191083 0.629896 0.293185 0.528829 0.293185
22 0.842309 0.191495 0.918475 0.191495 0.918475 0.298115 0.842309 0.298115
22 0.132064 0.192318 0.211230 0.192318 0.211230 0.293901 0.132064 0.293901
19 0.319220 0.192267 0.387096 0.192267 0.387096 0.290839 0.319220 0.290839
