13 0.189882 0.702118 0.211388 0.702118 0.211388 0.722790 0.189882 0.722790 0.189882 0.702118
13 0.485071 0.701414 0.506577 0.701414 0.506577 0.722086 0.485071 0.722086 0.485071 0.701414
13 0.787343 0.702576 0.808848 0.702576 0.808848 0.723248 0.787343 0.723248 0.787343 0.702576
13 0.786610 0.411473 0.808115 0.411473 0.808115 0.432145 0.786610 0.432145 0.786610 0.411473
13 0.786390 0.129774 0.807896 0.129774 0.807896 0.150446 0.786390 0.150446 0.786390 0.129774
13 0.493628 0.129957 0.515134 0.129957 0.515134 0.150629 0.493628 0.150629 0.493628 0.129957
13 0.192104 0.129774 0.213610 0.129774 0.213610 0.150446 0.192104 0.150446 0.192104 0.129774
13 0.190592 0.414680 0.212097 0.414680 0.212097 0.435352 0.190592 0.435352 0.190592 0.414680
13 0.489507 0.416238 0.511012 0.416238 0.511012 0.436909 0.489507 0.436909 0.489507 0.416238
9 0.200631 0.717622 0.200639 0.707286 0.798100 0.707744 0.798091 0.718080 
9 0.791767 0.140118 0.802519 0.140102 0.803472 0.712904 0.792719 0.712920 
9 0.202857 0.145278 0.202857 0.134942 0.797143 0.134942 0.797143 0.145278 
9 0.197481 0.140091 0.208233 0.140129 0.206011 0.712474 0.195259 0.712435 
3 0.794282 0.423879 0.778185 0.516601 0.731640 0.599276 0.659689 0.662944 0.570131 0.700706 0.472669 0.708469 0.377866 0.685392 0.295995 0.633976 0.235928 0.559793 0.204173 0.470881 0.204173 0.376876 0.235928 0.287964 0.295995 0.213781 0.377866 0.162365 0.472669 0.139289 0.570131 0.147051 0.659689 0.184813 0.731640 0.248481 0.778185 0.331156 0.794282 0.423879
12 0.699294 0.119435 0.817079 0.119435 0.817079 0.232203 0.699294 0.232203
12 0.180791 0.119220 0.298681 0.119220 0.298681 0.232601 0.180791 0.232601
12 0.183219 0.618334 0.298793 0.618334 0.298793 0.729536 0.183219 0.729536
12 0.699329 0.616087 0.816449 0.616087 0.816449 0.730466 0.699329 0.730466
1 0.185484 0.806202 0.346774 0.806202 0.346774 0.863049 0.185484 0.863049
1 0.650538 0.806202 0.814516 0.806202 0.814516 0.857881 0.650538 0.857881
8 0.184077 0.811783 0.265670 0.811783 0.265670 0.858431 0.184077 0.858431
8 0.731083 0.810844 0.817654 0.810844 0.817654 0.858822 0.731083 0.858822
19 0.341631 0.778084 0.655758 0.778084 0.655758 0.885672 0.341631 0.885672
