13 0.037648 0.794241 0.058004 0.794241 0.058004 0.820997 0.037648 0.820997 0.037648 0.794241
13 0.037648 0.469479 0.058004 0.469479 0.058004 0.496235 0.037648 0.496235 0.037648 0.469479
13 0.037648 0.142813 0.058004 0.142813 0.058004 0.169568 0.037648 0.169568 0.037648 0.142813
13 0.928185 0.055530 0.948541 0.055530 0.948541 0.082285 0.928185 0.082285 0.928185 0.055530
13 0.842507 0.143261 0.862864 0.143261 0.862864 0.170017 0.842507 0.170017 0.842507 0.143261
13 0.942507 0.143261 0.962864 0.143261 0.962864 0.170017 0.942507 0.170017 0.942507 0.143261
13 0.942962 0.469479 0.963318 0.469479 0.963318 0.496235 0.942962 0.496235 0.942962 0.469479
13 0.527594 0.467336 0.547950 0.467336 0.547950 0.494092 0.527594 0.494092 0.527594 0.467336
13 0.210112 0.793860 0.230468 0.793860 0.230468 0.820616 0.210112 0.820616 0.210112 0.793860
13 0.098006 0.909983 0.118362 0.909983 0.118362 0.936739 0.098006 0.936739 0.098006 0.909983
13 0.942507 0.794689 0.962864 0.794689 0.962864 0.821445 0.942507 0.821445 0.942507 0.794689
9 0.047824 0.814308 0.047828 0.800930 0.952687 0.801378 0.952684 0.814756 
9 0.047826 0.489546 0.047826 0.476168 0.953140 0.476168 0.953140 0.489546 
9 0.047824 0.162879 0.047828 0.149502 0.952687 0.149950 0.952684 0.163328 
9 0.111322 0.928628 0.105047 0.918095 0.935226 0.063641 0.941501 0.074174 
10 0.319939 0.113475 0.399817 0.113475 0.399817 0.196313 0.319939 0.196313
10 0.319981 0.438153 0.399266 0.438153 0.399266 0.521108 0.319981 0.521108
10 0.115329 0.765722 0.192441 0.765722 0.192441 0.844113 0.115329 0.844113
18 0.338061 0.678752 0.607396 0.678752 0.607396 0.792676 0.338061 0.792676
18 0.199709 0.827647 0.335288 0.827647 0.335288 0.933222 0.199709 0.933222
18 0.517119 0.506833 0.780805 0.506833 0.780805 0.617062 0.517119 0.617062
18 0.797841 0.029992 0.864009 0.029992 0.864009 0.133877 0.797841 0.133877
