13 0.081675 0.183218 0.099815 0.183218 0.099815 0.201694 0.081675 0.201694 0.081675 0.183218
13 0.499496 0.181079 0.517637 0.181079 0.517637 0.199555 0.499496 0.199555 0.499496 0.181079
13 0.918367 0.181079 0.936508 0.181079 0.936508 0.199555 0.918367 0.199555 0.918367 0.181079
13 0.500546 0.418442 0.518686 0.418442 0.518686 0.436917 0.500546 0.436917 0.500546 0.418442
13 0.495845 0.922905 0.513986 0.922905 0.513986 0.941381 0.495845 0.941381 0.495845 0.922905
9 0.087590 0.193867 0.087601 0.184629 0.928493 0.185698 0.928482 0.194936 
9 0.924555 0.186947 0.932419 0.191550 0.512498 0.935712 0.504634 0.931109 
9 0.511446 0.931104 0.503587 0.935716 0.082616 0.191554 0.090475 0.186942 
9 0.084338 0.193283 0.088753 0.185213 0.510774 0.424714 0.506359 0.432783 
9 0.513101 0.428770 0.504031 0.428728 0.505081 0.192435 0.514151 0.192477 
19 0.274640 0.029700 0.338439 0.029700 0.338439 0.183197 0.274640 0.183197
19 0.405912 0.494765 0.663778 0.494765 0.663778 0.584110 0.405912 0.584110
18 0.276267 0.206239 0.395553 0.206239 0.395553 0.288797 0.276267 0.288797
19 0.744332 0.531575 0.790787 0.531575 0.790787 0.597671 0.744332 0.597671
1 0.328798 0.348730 0.414966 0.348730 0.414966 0.568129 0.328798 0.568129
7 0.329561 0.356810 0.374732 0.356810 0.374732 0.424719 0.329561 0.424719
12 0.413426 0.178505 0.524695 0.178505 0.524695 0.289585 0.413426 0.289585
1 0.340136 0.076212 0.523810 0.076212 0.523810 0.140878 0.340136 0.140878
1 0.077098 0.073903 0.281179 0.073903 0.281179 0.138568 0.077098 0.138568
8 0.072331 0.081704 0.147922 0.081704 0.147922 0.127753 0.072331 0.127753
8 0.443193 0.081888 0.522376 0.081888 0.522376 0.129507 0.443193 0.129507
