13 0.108993 0.451586 0.134150 0.451586 0.134150 0.482836 0.108993 0.482836 0.108993 0.451586
13 0.475901 0.793627 0.501058 0.793627 0.501058 0.824877 0.475901 0.824877 0.475901 0.793627
13 0.476902 0.200773 0.502060 0.200773 0.502060 0.232023 0.476902 0.232023 0.476902 0.200773
13 0.623366 0.496644 0.648523 0.496644 0.648523 0.527894 0.623366 0.527894 0.623366 0.496644
9 0.124597 0.474060 0.118545 0.460362 0.486455 0.209549 0.492507 0.223246 
9 0.117796 0.473459 0.125346 0.460962 0.492254 0.803003 0.484704 0.815500 
3 0.908972 0.510447 0.894001 0.621898 0.850708 0.721271 0.783785 0.797798 0.700485 0.843186 0.609834 0.852517 0.521656 0.824779 0.445506 0.762978 0.389636 0.673812 0.360101 0.566943 0.360101 0.453952 0.389636 0.347083 0.445506 0.257917 0.521656 0.196116 0.609834 0.168378 0.700485 0.177709 0.783785 0.223097 0.850708 0.299624 0.894001 0.398997 0.908972 0.510447
19 0.136032 0.621074 0.284367 0.621074 0.284367 0.722579 0.136032 0.722579
22 0.452600 0.079150 0.526579 0.079150 0.526579 0.182583 0.452600 0.182583
22 0.452121 0.839846 0.524865 0.839846 0.524865 0.941608 0.452121 0.941608
22 0.659418 0.460159 0.738425 0.460159 0.738425 0.563451 0.659418 0.563451
22 0.022031 0.409508 0.095841 0.409508 0.095841 0.512865 0.022031 0.512865
19 0.066807 0.182080 0.356697 0.182080 0.356697 0.302985 0.066807 0.302985
