13 0.726188 0.101835 0.741368 0.101835 0.741368 0.134355 0.726188 0.134355 0.726188 0.101835
13 0.233692 0.216707 0.248872 0.216707 0.248872 0.249227 0.233692 0.249227 0.233692 0.216707
13 0.102410 0.701597 0.117590 0.701597 0.117590 0.734117 0.102410 0.734117 0.102410 0.701597
13 0.421457 0.701597 0.436638 0.701597 0.436638 0.734117 0.421457 0.734117 0.421457 0.701597
13 0.538632 0.808978 0.553812 0.808978 0.553812 0.841498 0.538632 0.841498 0.538632 0.808978
13 0.961577 0.809633 0.976757 0.809633 0.976757 0.842153 0.961577 0.842153 0.961577 0.809633
9 0.110000 0.725987 0.110000 0.709727 0.429048 0.709727 0.429048 0.725987 
9 0.237999 0.228888 0.244565 0.237046 0.113283 0.721936 0.106717 0.713778 
9 0.730478 0.114079 0.737077 0.122112 0.549522 0.829255 0.542923 0.821222 
9 0.546219 0.833368 0.546225 0.817108 0.969169 0.817763 0.969164 0.834023 
0 0.130531 0.598216 0.183264 0.598216 0.183264 0.733710 0.130531 0.733710
0 0.566221 0.703684 0.618599 0.703684 0.618599 0.841918 0.566221 0.841918
22 0.054660 0.750343 0.104454 0.750343 0.104454 0.869978 0.054660 0.869978
22 0.501483 0.846472 0.556752 0.846472 0.556752 0.968046 0.501483 0.968046
