13 0.193506 0.184959 0.222078 0.184959 0.222078 0.217217 0.193506 0.217217 0.193506 0.184959
13 0.755916 0.185429 0.784488 0.185429 0.784488 0.217687 0.755916 0.217687 0.755916 0.185429
13 0.193038 0.823300 0.221609 0.823300 0.221609 0.855558 0.193038 0.855558 0.193038 0.823300
13 0.757064 0.822832 0.785636 0.822832 0.785636 0.855090 0.757064 0.855090 0.757064 0.822832
9 0.200649 0.201082 0.214935 0.201095 0.214466 0.839435 0.200180 0.839422 
9 0.207787 0.209153 0.207797 0.193024 0.770207 0.193494 0.770197 0.209623 
9 0.763059 0.201575 0.777345 0.201542 0.778493 0.838945 0.764207 0.838977 
9 0.207328 0.847493 0.207318 0.831364 0.771345 0.830897 0.771355 0.847026 
22 0.154830 0.059360 0.275866 0.059360 0.275866 0.177023 0.154830 0.177023
22 0.725952 0.062695 0.824506 0.062695 0.824506 0.178461 0.725952 0.178461
19 0.030451 0.430697 0.185750 0.430697 0.185750 0.539292 0.030451 0.539292
19 0.393937 0.862561 0.552116 0.862561 0.552116 0.966903 0.393937 0.966903
22 0.736987 0.854906 0.827080 0.854906 0.827080 0.969604 0.736987 0.969604
22 0.157439 0.856851 0.253126 0.856851 0.253126 0.972830 0.157439 0.972830
19 0.393392 0.074477 0.551631 0.074477 0.551631 0.179425 0.393392 0.179425
19 0.793469 0.432991 0.949329 0.432991 0.949329 0.538996 0.793469 0.538996
