13 0.151395 0.627841 0.182891 0.627841 0.182891 0.659091 0.151395 0.659091 0.151395 0.627841
13 0.199808 0.301610 0.231304 0.301610 0.231304 0.332860 0.199808 0.332860 0.199808 0.301610
13 0.477109 0.161932 0.508605 0.161932 0.508605 0.193182 0.477109 0.193182 0.477109 0.161932
13 0.804932 0.383455 0.836428 0.383455 0.836428 0.414705 0.804932 0.414705 0.804932 0.383455
13 0.823992 0.463456 0.855488 0.463456 0.855488 0.494706 0.823992 0.494706 0.823992 0.463456
13 0.561681 0.842898 0.593177 0.842898 0.593177 0.874148 0.561681 0.874148 0.561681 0.842898
13 0.478538 0.507102 0.510034 0.507102 0.510034 0.538352 0.478538 0.538352 0.478538 0.507102
9 0.169920 0.650776 0.164366 0.636155 0.817903 0.391770 0.823457 0.406391 
9 0.833247 0.474662 0.846234 0.483500 0.583922 0.862942 0.570935 0.854104 
9 0.484983 0.177589 0.500731 0.177525 0.502160 0.522695 0.486412 0.522759 
9 0.210859 0.323506 0.220252 0.310964 0.498982 0.516456 0.489589 0.528998 
3 0.837795 0.521484 0.818959 0.633480 0.764493 0.733340 0.680297 0.810241 0.575498 0.855852 0.461450 0.865228 0.350513 0.837355 0.254709 0.775252 0.184419 0.685649 0.147261 0.578257 0.147261 0.464712 0.184419 0.357320 0.254709 0.267717 0.350513 0.205614 0.461450 0.177741 0.575498 0.187117 0.680297 0.232727 0.764493 0.309629 0.818959 0.409488 0.837795 0.521484
22 0.862744 0.425789 0.951042 0.425789 0.951042 0.520567 0.862744 0.520567
22 0.053355 0.607158 0.141287 0.607158 0.141287 0.706041 0.053355 0.706041
22 0.449732 0.044051 0.542895 0.044051 0.542895 0.141849 0.449732 0.141849
22 0.510251 0.883482 0.596959 0.883482 0.596959 0.977419 0.510251 0.977419
22 0.439612 0.545863 0.545742 0.545863 0.545742 0.642927 0.439612 0.642927
22 0.099074 0.221319 0.184735 0.221319 0.184735 0.316961 0.099074 0.316961
22 0.842314 0.327027 0.896597 0.327027 0.896597 0.422374 0.842314 0.422374
