13 0.394700 0.173594 0.411027 0.173594 0.411027 0.199153 0.394700 0.199153 0.394700 0.173594
13 0.638865 0.481506 0.655191 0.481506 0.655191 0.507065 0.638865 0.507065 0.638865 0.481506
13 0.212219 0.556451 0.228545 0.556451 0.228545 0.582010 0.212219 0.582010 0.212219 0.556451
13 0.394339 0.618649 0.410666 0.618649 0.410666 0.644208 0.394339 0.644208 0.394339 0.618649
13 0.500961 0.654159 0.517287 0.654159 0.517287 0.679718 0.500961 0.679718 0.500961 0.654159
13 0.102108 0.785180 0.118434 0.785180 0.118434 0.810739 0.102108 0.810739 0.102108 0.785180
13 0.395121 0.785588 0.411448 0.785588 0.411448 0.811147 0.395121 0.811147 0.395121 0.785588
13 0.882348 0.785316 0.898674 0.785316 0.898674 0.810875 0.882348 0.810875 0.882348 0.785316
9 0.400311 0.191360 0.405416 0.181387 0.893063 0.793109 0.887959 0.803082 
9 0.110271 0.804349 0.110272 0.791569 0.890511 0.791705 0.890510 0.804485 
9 0.399597 0.182543 0.406130 0.190204 0.113538 0.801790 0.107004 0.794129 
9 0.398782 0.186381 0.406945 0.186367 0.407366 0.798360 0.399203 0.798374 
9 0.405828 0.803364 0.400741 0.793370 0.644484 0.489289 0.649572 0.499283 
9 0.111658 0.803969 0.108884 0.791950 0.645641 0.488276 0.648415 0.500295 
9 0.219512 0.575474 0.221252 0.562988 0.891381 0.791852 0.889641 0.804338 
2 0.493308 0.282368 0.556001 0.282368 0.556001 0.396167 0.493308 0.396167
2 0.737603 0.589323 0.800012 0.589323 0.800012 0.699223 0.737603 0.699223
12 0.340504 0.701617 0.412736 0.701617 0.412736 0.816285 0.340504 0.816285
22 0.488400 0.684165 0.540094 0.684165 0.540094 0.791935 0.488400 0.791935
22 0.409956 0.473743 0.470840 0.473743 0.470840 0.586588 0.409956 0.586588
22 0.370374 0.824720 0.432986 0.824720 0.432986 0.940182 0.370374 0.940182
22 0.905590 0.758446 0.964115 0.758446 0.964115 0.878027 0.905590 0.878027
22 0.672355 0.381289 0.726891 0.381289 0.726891 0.499862 0.672355 0.499862
22 0.372714 0.043906 0.429331 0.043906 0.429331 0.160077 0.372714 0.160077
22 0.153069 0.497189 0.204416 0.497189 0.204416 0.610499 0.153069 0.610499
22 0.035398 0.765287 0.098080 0.765287 0.098080 0.880438 0.035398 0.880438
