13 0.051095 0.083446 0.071246 0.083446 0.071246 0.105126 0.051095 0.105126 0.051095 0.083446
13 0.745953 0.083636 0.766104 0.083636 0.766104 0.105316 0.745953 0.105316 0.745953 0.083636
13 0.228672 0.085643 0.248824 0.085643 0.248824 0.107324 0.228672 0.107324 0.228672 0.085643
13 0.569712 0.085214 0.589863 0.085214 0.589863 0.106895 0.569712 0.106895 0.569712 0.085214
13 0.051095 0.270350 0.071246 0.270350 0.071246 0.292031 0.051095 0.292031 0.051095 0.270350
13 0.399831 0.269874 0.419982 0.269874 0.419982 0.291554 0.399831 0.291554 0.399831 0.269874
13 0.745244 0.268088 0.765395 0.268088 0.765395 0.289769 0.745244 0.289769 0.745244 0.268088
13 0.225107 0.456915 0.245258 0.456915 0.245258 0.478595 0.225107 0.478595 0.225107 0.456915
13 0.567472 0.456228 0.587623 0.456228 0.587623 0.477908 0.567472 0.477908 0.567472 0.456228
13 0.051095 0.639398 0.071246 0.639398 0.071246 0.661078 0.051095 0.661078 0.051095 0.639398
13 0.399499 0.637731 0.419650 0.637731 0.419650 0.659412 0.399499 0.659412 0.399499 0.637731
13 0.745244 0.639517 0.765395 0.639517 0.765395 0.661197 0.745244 0.661197 0.745244 0.639517
13 0.051299 0.828281 0.071450 0.828281 0.071450 0.849961 0.051299 0.849961 0.051299 0.828281
13 0.745244 0.828208 0.765395 0.828208 0.765395 0.849888 0.745244 0.849888 0.745244 0.828208
13 0.226627 0.829160 0.246778 0.829160 0.246778 0.850840 0.226627 0.850840 0.226627 0.829160
13 0.567052 0.829160 0.587203 0.829160 0.587203 0.850840 0.567052 0.850840 0.567052 0.829160
9 0.061375 0.844541 0.061374 0.833701 0.755319 0.833628 0.755320 0.844468 
9 0.750991 0.094471 0.761066 0.094482 0.760357 0.839053 0.750281 0.839042 
9 0.061169 0.099706 0.061171 0.088866 0.756030 0.089056 0.756027 0.099896 
9 0.056132 0.094287 0.066208 0.094284 0.066413 0.839119 0.056337 0.839122 
3 0.407156 0.652159 0.397864 0.712065 0.370996 0.765480 0.329464 0.806614 0.277768 0.831011 0.221510 0.836026 0.166786 0.821117 0.119527 0.787898 0.084854 0.739970 0.066525 0.682526 0.066525 0.621792 0.084854 0.564348 0.119527 0.516420 0.166786 0.483201 0.221510 0.468292 0.277768 0.473307 0.329464 0.497704 0.370996 0.538838 0.397864 0.592253 0.407156 0.652159
3 0.751570 0.282051 0.742282 0.341937 0.715423 0.395333 0.673905 0.436453 0.622226 0.460842 0.565987 0.465856 0.511282 0.450951 0.464040 0.417744 0.429379 0.369832 0.411055 0.312408 0.411055 0.251694 0.429379 0.194270 0.464040 0.146358 0.511282 0.113151 0.565987 0.098247 0.622226 0.103260 0.673905 0.127649 0.715423 0.168769 0.742282 0.222165 0.751570 0.282051
3 0.751672 0.652120 0.742380 0.712025 0.715513 0.765439 0.673981 0.806573 0.622285 0.830970 0.566027 0.835985 0.511304 0.821076 0.464045 0.787858 0.429373 0.739930 0.411043 0.682487 0.411043 0.621752 0.429373 0.564309 0.464045 0.516381 0.511304 0.483163 0.566027 0.468254 0.622285 0.473269 0.673981 0.497666 0.715513 0.538800 0.742380 0.592214 0.751672 0.652120
3 0.407130 0.282004 0.397843 0.341882 0.370988 0.395271 0.329475 0.436386 0.277803 0.460771 0.221571 0.465784 0.166873 0.450882 0.119637 0.417679 0.084980 0.369773 0.066659 0.312357 0.066659 0.251651 0.084980 0.194234 0.119637 0.146328 0.166873 0.113125 0.221571 0.098223 0.277803 0.103236 0.329475 0.127621 0.370988 0.168736 0.397843 0.222126 0.407130 0.282004
19 0.771062 0.411122 0.967826 0.411122 0.967826 0.507810 0.771062 0.507810
19 0.306241 0.856954 0.507583 0.856954 0.507583 0.949857 0.306241 0.949857
