13 0.066209 0.728109 0.085212 0.728109 0.085212 0.756081 0.066209 0.756081 0.066209 0.728109
13 0.206342 0.728157 0.225344 0.728157 0.225344 0.756129 0.206342 0.756129 0.206342 0.728157
13 0.475451 0.728871 0.494453 0.728871 0.494453 0.756843 0.475451 0.756843 0.475451 0.728871
13 0.794762 0.728871 0.813765 0.728871 0.813765 0.756843 0.794762 0.756843 0.794762 0.728871
13 0.903290 0.728871 0.922292 0.728871 0.922292 0.756843 0.903290 0.756843 0.903290 0.728871
13 0.289465 0.251538 0.308468 0.251538 0.308468 0.279510 0.289465 0.279510 0.289465 0.251538
13 0.216673 0.068703 0.235675 0.068703 0.235675 0.096675 0.216673 0.096675 0.216673 0.068703
9 0.075708 0.749088 0.075714 0.735102 0.912794 0.735864 0.912788 0.749850 
9 0.222059 0.086184 0.230289 0.079194 0.489067 0.739362 0.480837 0.746352 
22 0.179642 0.805037 0.246249 0.805037 0.246249 0.921804 0.179642 0.921804
22 0.464110 0.802738 0.527724 0.802738 0.527724 0.924810 0.464110 0.924810
22 0.776837 0.802940 0.839733 0.802940 0.839733 0.922013 0.776837 0.922013
18 0.302543 0.595300 0.420395 0.595300 0.420395 0.709566 0.302543 0.709566
18 0.478610 0.593755 0.628102 0.593755 0.628102 0.710274 0.478610 0.710274
