13 0.665335 0.081269 0.691309 0.081269 0.691309 0.114056 0.665335 0.114056 0.665335 0.081269
13 0.764882 0.458412 0.790856 0.458412 0.790856 0.491199 0.764882 0.491199 0.764882 0.458412
13 0.513710 0.834807 0.539684 0.834807 0.539684 0.867593 0.513710 0.867593 0.513710 0.834807
13 0.164467 0.835532 0.190441 0.835532 0.190441 0.868319 0.164467 0.868319 0.164467 0.835532
13 0.864430 0.835555 0.890404 0.835555 0.890404 0.868341 0.864430 0.868341 0.864430 0.835555
9 0.673345 0.092397 0.683298 0.102928 0.182431 0.857191 0.172478 0.846660 
9 0.672161 0.100253 0.684482 0.095071 0.883577 0.849357 0.871256 0.854539 
9 0.177454 0.860122 0.177454 0.843729 0.877417 0.843751 0.877417 0.860145 
9 0.772903 0.469525 0.782836 0.480086 0.531663 0.856481 0.521730 0.845919 
19 0.048005 0.374746 0.377168 0.374746 0.377168 0.512245 0.048005 0.512245
19 0.552492 0.542925 0.627190 0.542925 0.627190 0.672961 0.552492 0.672961
2 0.330368 0.764484 0.377503 0.764484 0.377503 0.933389 0.330368 0.933389
2 0.680540 0.763374 0.727479 0.763374 0.727479 0.935296 0.680540 0.935296
5 0.754880 0.598363 0.900911 0.598363 0.900911 0.724493 0.754880 0.724493
5 0.654791 0.219566 0.799728 0.219566 0.799728 0.350258 0.654791 0.350258
