13 0.155114 0.132451 0.175014 0.132451 0.175014 0.156120 0.155114 0.156120 0.155114 0.132451
13 0.415050 0.363023 0.434950 0.363023 0.434950 0.386691 0.415050 0.386691 0.415050 0.363023
13 0.154313 0.776737 0.174213 0.776737 0.174213 0.800406 0.154313 0.800406 0.154313 0.776737
13 0.877069 0.776737 0.896969 0.776737 0.896969 0.800406 0.877069 0.800406 0.877069 0.776737
9 0.164263 0.794489 0.164263 0.782654 0.887019 0.782654 0.887019 0.794489 
9 0.162078 0.149019 0.168050 0.139553 0.890005 0.783838 0.884033 0.793304 
9 0.160089 0.144277 0.170039 0.144294 0.169238 0.788580 0.159288 0.788563 
9 0.421019 0.371308 0.428981 0.378406 0.168244 0.792120 0.160282 0.785022 
22 0.081161 0.075735 0.146481 0.075735 0.146481 0.178088 0.081161 0.178088
12 0.299853 0.304893 0.434469 0.304893 0.434469 0.458319 0.299853 0.458319
19 0.511745 0.344699 0.611139 0.344699 0.611139 0.444505 0.511745 0.444505
19 0.050847 0.403547 0.143942 0.403547 0.143942 0.503548 0.050847 0.503548
22 0.392917 0.421375 0.455448 0.421375 0.455448 0.522165 0.392917 0.522165
12 0.145069 0.665687 0.265721 0.665687 0.265721 0.808658 0.145069 0.808658
22 0.079088 0.810169 0.149451 0.810169 0.149451 0.913455 0.079088 0.913455
19 0.473079 0.813392 0.573377 0.813392 0.573377 0.913440 0.473079 0.913440
22 0.876374 0.808875 0.943330 0.808875 0.943330 0.910180 0.876374 0.910180
