13 0.918183 0.194070 0.937276 0.194070 0.937276 0.223374 0.918183 0.223374 0.918183 0.194070
13 0.315866 0.194671 0.334959 0.194671 0.334959 0.223975 0.315866 0.223975 0.315866 0.194671
13 0.104808 0.751062 0.123901 0.751062 0.123901 0.780366 0.104808 0.780366 0.104808 0.751062
13 0.316455 0.749859 0.335548 0.749859 0.335548 0.779163 0.316455 0.779163 0.316455 0.749859
13 0.707211 0.750543 0.726304 0.750543 0.726304 0.779847 0.707211 0.779847 0.707211 0.750543
9 0.114357 0.773040 0.114352 0.758388 0.716754 0.757869 0.716760 0.772521 
9 0.923604 0.205037 0.931855 0.212406 0.720883 0.768879 0.712631 0.761510 
9 0.325416 0.216649 0.325409 0.201997 0.927727 0.201396 0.927733 0.216048 
9 0.320639 0.209335 0.330186 0.209311 0.330775 0.764499 0.321228 0.764523 
9 0.321287 0.205637 0.329537 0.213009 0.118480 0.769400 0.110230 0.762028 
22 0.290621 0.060668 0.359078 0.060668 0.359078 0.182117 0.290621 0.182117
22 0.898986 0.063298 0.973203 0.063298 0.973203 0.185398 0.898986 0.185398
12 0.254785 0.655516 0.338862 0.655516 0.338862 0.784480 0.254785 0.784480
22 0.059198 0.775018 0.163009 0.775018 0.163009 0.899759 0.059198 0.899759
22 0.674189 0.777216 0.749790 0.777216 0.749790 0.898084 0.674189 0.898084
19 0.514571 0.066572 0.686687 0.066572 0.686687 0.185207 0.514571 0.185207
19 0.023021 0.396838 0.193542 0.396838 0.193542 0.515614 0.023021 0.515614
18 0.160266 0.621192 0.271785 0.621192 0.271785 0.745536 0.160266 0.745536
