13 0.405969 0.097848 0.420594 0.097848 0.420594 0.119295 0.405969 0.119295 0.405969 0.097848
13 0.072766 0.487562 0.087391 0.487562 0.087391 0.509010 0.072766 0.509010 0.072766 0.487562
13 0.282922 0.488133 0.297547 0.488133 0.297547 0.509581 0.282922 0.509581 0.282922 0.488133
13 0.920599 0.488497 0.935225 0.488497 0.935225 0.509945 0.920599 0.509945 0.920599 0.488497
13 0.405969 0.874990 0.420594 0.874990 0.420594 0.896438 0.405969 0.896438 0.405969 0.874990
9 0.080075 0.503648 0.080081 0.492924 0.927915 0.493859 0.927909 0.504583 
9 0.414948 0.890487 0.411615 0.880942 0.926245 0.494448 0.929579 0.503993 
9 0.286921 0.501124 0.293548 0.496591 0.416595 0.883448 0.409968 0.887981 
9 0.077807 0.502487 0.082350 0.494084 0.415553 0.881513 0.411010 0.889916 
9 0.082358 0.502478 0.077798 0.494094 0.411001 0.104379 0.415561 0.112763 
9 0.409962 0.106321 0.416600 0.110822 0.293553 0.501107 0.286916 0.496607 
9 0.411600 0.113333 0.414962 0.103810 0.929593 0.494459 0.926231 0.503983 
22 0.377416 0.000000 0.445526 0.000000 0.445526 0.091124 0.377416 0.091124
4 0.802726 0.411884 0.850479 0.411884 0.850479 0.507309 0.802726 0.507309
22 0.012408 0.443789 0.069346 0.443789 0.069346 0.539556 0.012408 0.539556
22 0.934521 0.441872 0.985507 0.441872 0.985507 0.536672 0.934521 0.536672
4 0.838027 0.487314 0.877137 0.487314 0.877137 0.559713 0.838027 0.559713
22 0.230920 0.508228 0.288196 0.508228 0.288196 0.601824 0.230920 0.601824
22 0.380918 0.892702 0.442939 0.892702 0.442939 0.984680 0.380918 0.984680
0 0.304189 0.490926 0.344128 0.490926 0.344128 0.569906 0.304189 0.569906
0 0.302475 0.424210 0.343674 0.424210 0.343674 0.505448 0.302475 0.505448
