13 0.210801 0.179175 0.230171 0.179175 0.230171 0.200508 0.210801 0.200508 0.210801 0.179175
13 0.781981 0.212190 0.801352 0.212190 0.801352 0.233524 0.781981 0.233524 0.781981 0.212190
13 0.495997 0.787255 0.515367 0.787255 0.515367 0.808589 0.495997 0.808589 0.495997 0.787255
9 0.787419 0.220295 0.795914 0.225419 0.509929 0.800484 0.501435 0.795360 
9 0.220232 0.195167 0.220740 0.184515 0.791920 0.217531 0.791413 0.228183 
9 0.216184 0.192289 0.224789 0.187394 0.509984 0.795474 0.501379 0.800370 
19 0.486458 0.077233 0.556456 0.077233 0.556456 0.182381 0.486458 0.182381
22 0.458715 0.813279 0.555061 0.813279 0.555061 0.927668 0.458715 0.927668
22 0.810753 0.148792 0.901802 0.148792 0.901802 0.262297 0.810753 0.262297
19 0.259931 0.478338 0.328867 0.478338 0.328867 0.584255 0.259931 0.584255
22 0.111327 0.101043 0.199597 0.101043 0.199597 0.214236 0.111327 0.214236
18 0.286201 0.222817 0.432408 0.222817 0.432408 0.340004 0.286201 0.340004
