13 0.194596 0.347810 0.214546 0.347810 0.214546 0.367274 0.194596 0.367274 0.194596 0.347810
13 0.508882 0.135519 0.528832 0.135519 0.528832 0.154984 0.508882 0.154984 0.508882 0.135519
13 0.821454 0.347810 0.841404 0.347810 0.841404 0.367274 0.821454 0.367274 0.821454 0.347810
13 0.508882 0.347810 0.528832 0.347810 0.528832 0.367274 0.508882 0.367274 0.508882 0.347810
13 0.508882 0.786357 0.528832 0.786357 0.528832 0.805822 0.508882 0.805822 0.508882 0.786357
9 0.204571 0.362408 0.204571 0.352676 0.831429 0.352676 0.831429 0.362408 
9 0.513870 0.140385 0.523845 0.140385 0.523845 0.800956 0.513870 0.800956 
9 0.827334 0.354764 0.835523 0.360320 0.522952 0.798868 0.514762 0.793311 
9 0.200484 0.360330 0.208659 0.354753 0.522945 0.793301 0.514770 0.798878 
9 0.207410 0.361543 0.201732 0.353541 0.516018 0.141250 0.521696 0.149252 
9 0.516008 0.149245 0.521707 0.141258 0.834278 0.353548 0.828579 0.361536 
22 0.091229 0.314446 0.182805 0.314446 0.182805 0.412202 0.091229 0.412202
19 0.358169 0.371065 0.421357 0.371065 0.421357 0.455036 0.358169 0.455036
22 0.841516 0.316169 0.926070 0.316169 0.926070 0.410610 0.841516 0.410610
22 0.474605 0.034550 0.566762 0.034550 0.566762 0.129398 0.474605 0.129398
22 0.480064 0.816906 0.562843 0.816906 0.562843 0.911209 0.480064 0.911209
19 0.540216 0.477989 0.601330 0.477989 0.601330 0.561813 0.540216 0.561813
