13 0.642748 0.116188 0.661439 0.116188 0.661439 0.140955 0.642748 0.140955 0.642748 0.116188
13 0.114991 0.486078 0.133683 0.486078 0.133683 0.510845 0.114991 0.510845 0.114991 0.486078
13 0.642300 0.485798 0.660992 0.485798 0.660992 0.510566 0.642300 0.510566 0.642300 0.485798
13 0.853055 0.486517 0.871746 0.486517 0.871746 0.511285 0.853055 0.511285 0.853055 0.486517
13 0.642748 0.859045 0.661439 0.859045 0.661439 0.883812 0.642748 0.883812 0.642748 0.859045
9 0.126522 0.503935 0.122152 0.492988 0.649909 0.123098 0.654278 0.134045 
9 0.648360 0.132295 0.655827 0.124848 0.866134 0.495178 0.858667 0.502624 
9 0.858659 0.495192 0.866142 0.502610 0.655835 0.875138 0.648352 0.867720 
9 0.122138 0.503925 0.126536 0.492998 0.654293 0.865965 0.649895 0.876892 
9 0.124335 0.504653 0.124339 0.492270 0.862403 0.492709 0.862398 0.505093 
9 0.647421 0.122379 0.656766 0.122379 0.656766 0.877621 0.647421 0.877621 
22 0.677076 0.055569 0.767238 0.055569 0.767238 0.161533 0.677076 0.161533
2 0.603337 0.280622 0.701203 0.280622 0.701203 0.341773 0.603337 0.341773
19 0.404752 0.382438 0.495197 0.382438 0.495197 0.484729 0.404752 0.484729
19 0.695944 0.385046 0.753140 0.385046 0.753140 0.483884 0.695944 0.483884
22 0.050479 0.434067 0.115149 0.434067 0.115149 0.543436 0.050479 0.543436
22 0.877421 0.430886 0.945932 0.430886 0.945932 0.539523 0.877421 0.539523
2 0.597860 0.647990 0.695817 0.647990 0.695817 0.707766 0.597860 0.707766
19 0.320880 0.710928 0.408984 0.710928 0.408984 0.815549 0.320880 0.815549
22 0.675166 0.855681 0.736261 0.855681 0.736261 0.960977 0.675166 0.960977
19 0.542807 0.631491 0.598612 0.631491 0.598612 0.734098 0.542807 0.734098
