13 0.456783 0.057410 0.473520 0.057410 0.473520 0.078463 0.456783 0.078463 0.456783 0.057410
13 0.075723 0.242045 0.092459 0.242045 0.092459 0.263098 0.075723 0.263098 0.075723 0.242045
13 0.922945 0.311378 0.939681 0.311378 0.939681 0.332431 0.922945 0.332431 0.922945 0.311378
13 0.039359 0.560902 0.056095 0.560902 0.056095 0.581955 0.039359 0.581955 0.039359 0.560902
13 0.723450 0.889474 0.740186 0.889474 0.740186 0.910526 0.723450 0.910526 0.723450 0.889474
13 0.209245 0.904474 0.225982 0.904474 0.225982 0.925526 0.209245 0.925526 0.209245 0.904474
9 0.085595 0.257483 0.082587 0.247660 0.463648 0.063025 0.466655 0.072848 
9 0.463489 0.072766 0.466814 0.063107 0.932976 0.317075 0.929650 0.326734 
9 0.927475 0.319809 0.935151 0.324000 0.735656 0.902096 0.727980 0.897904 
9 0.217711 0.920262 0.217517 0.909738 0.731721 0.894738 0.731915 0.905262 
9 0.044174 0.574208 0.051280 0.568649 0.221167 0.912220 0.214061 0.917780 
9 0.079949 0.251824 0.088233 0.253319 0.051869 0.572176 0.043586 0.570681 
18 0.387260 0.111735 0.520695 0.111735 0.520695 0.199819 0.387260 0.199819
18 0.795983 0.315896 0.899660 0.315896 0.899660 0.404960 0.795983 0.404960
18 0.062601 0.495369 0.144412 0.495369 0.144412 0.585146 0.062601 0.585146
18 0.092615 0.254373 0.226026 0.254373 0.226026 0.345159 0.092615 0.345159
18 0.209035 0.801465 0.342535 0.801465 0.342535 0.891524 0.209035 0.891524
18 0.601957 0.795583 0.733637 0.795583 0.733637 0.884302 0.601957 0.884302
