13 0.049378 0.842109 0.078469 0.842109 0.078469 0.891799 0.049378 0.891799 0.049378 0.842109
13 0.802685 0.842351 0.831776 0.842351 0.831776 0.892040 0.802685 0.892040 0.802685 0.842351
13 0.802896 0.099037 0.831987 0.099037 0.831987 0.148726 0.802896 0.148726 0.802896 0.099037
9 0.063922 0.879377 0.063925 0.854532 0.817232 0.854773 0.817229 0.879618 
9 0.810169 0.123875 0.824715 0.123887 0.824503 0.867202 0.809958 0.867190 
9 0.067560 0.877712 0.060287 0.856196 0.813805 0.113123 0.821078 0.134640 
12 0.724053 0.704197 0.835202 0.704197 0.835202 0.895091 0.724053 0.895091
18 0.657991 0.278626 0.802114 0.278626 0.802114 0.452708 0.657991 0.452708
19 0.853882 0.434295 0.919298 0.434295 0.919298 0.589240 0.853882 0.589240
19 0.419566 0.277587 0.484747 0.277587 0.484747 0.431813 0.419566 0.431813
