13 0.066943 0.158539 0.085946 0.158539 0.085946 0.197563 0.066943 0.197563 0.066943 0.158539
13 0.893499 0.158766 0.912501 0.158766 0.912501 0.197791 0.893499 0.197791 0.893499 0.158766
13 0.066299 0.481307 0.085301 0.481307 0.085301 0.520332 0.066299 0.520332 0.066299 0.481307
13 0.894135 0.479743 0.913138 0.479743 0.913138 0.518767 0.894135 0.518767 0.894135 0.479743
13 0.480899 0.483766 0.499901 0.483766 0.499901 0.522791 0.480899 0.522791 0.480899 0.483766
13 0.894288 0.801886 0.913291 0.801886 0.913291 0.840910 0.894288 0.840910 0.894288 0.801886
13 0.066028 0.803535 0.085031 0.803535 0.085031 0.842559 0.066028 0.842559 0.066028 0.803535
13 0.481025 0.803611 0.500028 0.803611 0.500028 0.842636 0.481025 0.842636 0.481025 0.803611
9 0.077215 0.832169 0.073844 0.813926 0.901315 0.169157 0.904685 0.187400 
9 0.076444 0.187807 0.076445 0.168295 0.903001 0.168523 0.902999 0.188035 
9 0.075534 0.832803 0.075525 0.813291 0.903785 0.811642 0.903794 0.831154 
9 0.075804 0.510576 0.075796 0.491064 0.903632 0.489499 0.903641 0.509011 
9 0.898249 0.178303 0.907751 0.178254 0.908540 0.821373 0.899039 0.821422 
9 0.485649 0.503287 0.495151 0.503271 0.495277 0.823115 0.485776 0.823131 
9 0.071033 0.165854 0.080534 0.165854 0.080534 0.831127 0.071033 0.831127 
19 0.429929 0.068293 0.524941 0.068293 0.524941 0.160976 0.429929 0.160976
22 0.026128 0.131707 0.061758 0.131707 0.061758 0.219512 0.026128 0.219512
22 0.926366 0.126829 0.961995 0.126829 0.961995 0.214634 0.926366 0.214634
22 0.472684 0.385366 0.513064 0.385366 0.513064 0.468293 0.472684 0.468293
22 0.923990 0.463415 0.961995 0.463415 0.961995 0.551220 0.923990 0.551220
22 0.021378 0.473171 0.059382 0.473171 0.059382 0.560976 0.021378 0.560976
19 0.171021 0.585366 0.261283 0.585366 0.261283 0.678049 0.171021 0.678049
19 0.515439 0.629268 0.589074 0.629268 0.589074 0.726829 0.515439 0.726829
22 0.914489 0.834146 0.952494 0.834146 0.952494 0.921951 0.914489 0.921951
22 0.040380 0.858537 0.076010 0.858537 0.076010 0.941463 0.040380 0.941463
22 0.467933 0.853659 0.503563 0.853659 0.503563 0.941463 0.467933 0.941463
