13 0.340171 0.169008 0.350753 0.169008 0.350753 0.186707 0.340171 0.186707 0.340171 0.169008
13 0.602586 0.282579 0.613168 0.282579 0.613168 0.300278 0.602586 0.300278 0.602586 0.282579
13 0.867312 0.394579 0.877894 0.394579 0.877894 0.412278 0.867312 0.412278 0.867312 0.394579
13 0.442361 0.465436 0.452943 0.465436 0.452943 0.483135 0.442361 0.483135 0.442361 0.465436
13 0.493731 0.614008 0.504313 0.614008 0.504313 0.631707 0.493731 0.631707 0.493731 0.614008
13 0.120051 0.832293 0.130633 0.832293 0.130633 0.849992 0.120051 0.849992 0.120051 0.832293
9 0.126217 0.845319 0.124468 0.836967 0.871728 0.399252 0.873477 0.407605 
9 0.126832 0.844800 0.123853 0.837486 0.606387 0.287772 0.609366 0.295086 
9 0.344807 0.182144 0.346118 0.173570 0.873258 0.399142 0.871947 0.407715 
9 0.343149 0.175710 0.347775 0.180005 0.127656 0.843290 0.123029 0.838995 
9 0.343171 0.180069 0.347754 0.175645 0.501313 0.620645 0.496730 0.625069 
22 0.306153 0.061435 0.358013 0.061435 0.358013 0.157673 0.306153 0.157673
22 0.618697 0.193025 0.668116 0.193025 0.668116 0.289428 0.618697 0.289428
22 0.884873 0.344305 0.936590 0.344305 0.936590 0.441822 0.884873 0.441822
22 0.491849 0.633849 0.544652 0.633849 0.544652 0.730342 0.491849 0.730342
22 0.065999 0.844017 0.119791 0.844017 0.119791 0.943271 0.065999 0.943271
