13 0.139949 0.901348 0.159850 0.901348 0.159850 0.925591 0.139949 0.925591 0.139949 0.901348
13 0.423780 0.534252 0.443681 0.534252 0.443681 0.558495 0.423780 0.558495 0.423780 0.534252
13 0.141961 0.046246 0.161862 0.046246 0.161862 0.070489 0.141961 0.070489 0.141961 0.046246
13 0.634709 0.873950 0.654610 0.873950 0.654610 0.898193 0.634709 0.898193 0.634709 0.873950
13 0.932370 0.533593 0.952271 0.533593 0.952271 0.557835 0.932370 0.557835 0.932370 0.533593
13 0.633242 0.054692 0.653143 0.054692 0.653143 0.078934 0.633242 0.078934 0.633242 0.054692
9 0.146936 0.058350 0.156887 0.058385 0.154875 0.913487 0.144924 0.913452 
9 0.147842 0.061854 0.155981 0.054880 0.437800 0.542887 0.429661 0.549861 
9 0.430109 0.542218 0.437352 0.550529 0.153521 0.917625 0.146278 0.909314 
9 0.638217 0.066826 0.648168 0.066800 0.649635 0.886058 0.639685 0.886085 
9 0.639233 0.070483 0.647152 0.063143 0.946280 0.542044 0.938361 0.549384 
9 0.648065 0.890490 0.641255 0.881653 0.938916 0.541295 0.945725 0.550133 
5 0.241896 0.249616 0.348498 0.249616 0.348498 0.368664 0.241896 0.368664
5 0.743415 0.250708 0.851408 0.250708 0.851408 0.369103 0.743415 0.369103
19 0.035697 0.421296 0.132536 0.421296 0.132536 0.522680 0.035697 0.522680
19 0.530285 0.420784 0.626688 0.420784 0.626688 0.522444 0.530285 0.522444
16 0.343896 0.488188 0.395595 0.488188 0.395595 0.588772 0.343896 0.588772
16 0.837258 0.487859 0.897603 0.487859 0.897603 0.588262 0.837258 0.588262
2 0.760790 0.646023 0.845460 0.646023 0.845460 0.750529 0.760790 0.750529
2 0.255704 0.664731 0.342476 0.664731 0.342476 0.765741 0.255704 0.765741
