13 0.456657 0.155232 0.489177 0.155232 0.489177 0.187361 0.456657 0.187361 0.456657 0.155232
13 0.244990 0.254306 0.277510 0.254306 0.277510 0.286435 0.244990 0.286435 0.244990 0.254306
13 0.725258 0.254218 0.757778 0.254218 0.757778 0.286346 0.725258 0.286346 0.725258 0.254218
13 0.482412 0.487794 0.514932 0.487794 0.514932 0.519922 0.482412 0.519922 0.482412 0.487794
13 0.147201 0.518124 0.179722 0.518124 0.179722 0.550252 0.147201 0.550252 0.147201 0.518124
13 0.246240 0.728204 0.278760 0.728204 0.278760 0.760332 0.246240 0.760332 0.246240 0.728204
13 0.724365 0.729086 0.756885 0.729086 0.756885 0.761214 0.724365 0.761214 0.724365 0.729086
9 0.255494 0.276043 0.267006 0.264698 0.746381 0.739477 0.734869 0.750822 
9 0.734643 0.257353 0.746149 0.268704 0.262021 0.747672 0.250515 0.736321 
9 0.164135 0.542193 0.162788 0.526184 0.499361 0.498544 0.500708 0.514553 
9 0.460612 0.170883 0.476812 0.169507 0.506091 0.505861 0.489891 0.507237 
3 0.841231 0.506022 0.822745 0.615471 0.769288 0.713059 0.686655 0.788211 0.583800 0.832784 0.471869 0.841948 0.362990 0.814708 0.268964 0.754017 0.199978 0.666453 0.163509 0.561503 0.163509 0.450541 0.199978 0.345591 0.268964 0.258027 0.362990 0.197336 0.471869 0.170096 0.583800 0.179260 0.686655 0.223833 0.769288 0.298985 0.822745 0.396573 0.841231 0.506022
22 0.422764 0.068273 0.504065 0.068273 0.504065 0.160643 0.422764 0.160643
22 0.735772 0.168675 0.821138 0.168675 0.821138 0.261044 0.735772 0.261044
22 0.182927 0.176707 0.256098 0.176707 0.256098 0.273092 0.182927 0.273092
18 0.345528 0.277108 0.475610 0.277108 0.475610 0.369478 0.345528 0.369478
18 0.495935 0.313253 0.630081 0.313253 0.630081 0.405622 0.495935 0.405622
22 0.536585 0.445783 0.613821 0.445783 0.613821 0.534137 0.536585 0.534137
22 0.048780 0.489960 0.134146 0.489960 0.134146 0.586345 0.048780 0.586345
12 0.443089 0.502008 0.556911 0.502008 0.556911 0.610442 0.443089 0.610442
18 0.284553 0.530120 0.418699 0.530120 0.418699 0.618474 0.284553 0.618474
22 0.731707 0.734940 0.821138 0.734940 0.821138 0.835341 0.731707 0.835341
22 0.166667 0.751004 0.252033 0.751004 0.252033 0.847390 0.166667 0.847390
