13 0.816863 0.126012 0.847052 0.126012 0.847052 0.155975 0.816863 0.155975 0.816863 0.126012
13 0.090620 0.125847 0.120809 0.125847 0.120809 0.155809 0.090620 0.155809 0.090620 0.125847
13 0.090726 0.843605 0.120914 0.843605 0.120914 0.873567 0.090726 0.873567 0.090726 0.843605
13 0.816863 0.844446 0.847052 0.844446 0.847052 0.874409 0.816863 0.874409 0.816863 0.844446
9 0.105713 0.148319 0.105716 0.133337 0.831959 0.133503 0.831956 0.148484 
9 0.824411 0.133503 0.839505 0.133503 0.839505 0.866918 0.824411 0.866918 
9 0.105811 0.866076 0.105829 0.851095 0.831966 0.851937 0.831949 0.866918 
9 0.098167 0.140829 0.113261 0.140827 0.113367 0.858585 0.098273 0.858587 
2 0.442858 0.058828 0.504197 0.058828 0.504197 0.230806 0.442858 0.230806
2 0.743446 0.476257 0.923969 0.476257 0.923969 0.529839 0.743446 0.529839
12 0.672502 0.124744 0.853319 0.124744 0.853319 0.303224 0.672502 0.303224
