13 0.133977 0.262356 0.160380 0.262356 0.160380 0.305366 0.133977 0.305366 0.133977 0.262356
13 0.084486 0.345508 0.110889 0.345508 0.110889 0.388518 0.084486 0.388518 0.084486 0.345508
13 0.255671 0.328372 0.282074 0.328372 0.282074 0.371383 0.255671 0.371383 0.255671 0.328372
13 0.371246 0.261120 0.397649 0.261120 0.397649 0.304131 0.371246 0.304131 0.371246 0.261120
13 0.473816 0.306114 0.500219 0.306114 0.500219 0.349124 0.473816 0.349124 0.473816 0.306114
13 0.875508 0.261132 0.901910 0.261132 0.901910 0.304143 0.875508 0.304143 0.875508 0.261132
9 0.098119 0.377743 0.097256 0.356283 0.888278 0.271908 0.889140 0.293367 
9 0.147185 0.294614 0.147172 0.273108 0.888702 0.271885 0.888716 0.293390 
3 0.575487 0.587460 0.565260 0.687295 0.535688 0.776312 0.489976 0.844863 0.433077 0.885521 0.371157 0.893880 0.310925 0.869033 0.258910 0.813673 0.220748 0.733800 0.200573 0.638068 0.200573 0.536852 0.220748 0.441121 0.258910 0.361248 0.310925 0.305888 0.371157 0.281041 0.433077 0.289399 0.489976 0.330057 0.535688 0.398609 0.565260 0.487625 0.575487 0.587460
1 0.135314 0.177419 0.297030 0.177419 0.297030 0.333333 0.135314 0.333333
1 0.359736 0.284946 0.442244 0.284946 0.442244 0.483871 0.359736 0.483871
1 0.590759 0.279570 0.627063 0.279570 0.627063 0.446237 0.590759 0.446237
7 0.262320 0.276461 0.298725 0.276461 0.298725 0.324987 0.262320 0.324987
7 0.407440 0.291656 0.442143 0.291656 0.442143 0.338262 0.407440 0.338262
7 0.593178 0.287255 0.624953 0.287255 0.624953 0.342715 0.593178 0.342715
18 0.400969 0.418724 0.520173 0.418724 0.520173 0.562710 0.400969 0.562710
18 0.051417 0.105823 0.159833 0.105823 0.159833 0.248709 0.051417 0.248709
18 0.603873 0.388935 0.678032 0.388935 0.678032 0.529058 0.603873 0.529058
