13 0.290447 0.132894 0.304099 0.132894 0.304099 0.158701 0.290447 0.158701 0.290447 0.132894
13 0.964841 0.131751 0.978493 0.131751 0.978493 0.157557 0.964841 0.157557 0.964841 0.131751
13 0.047789 0.821156 0.061441 0.821156 0.061441 0.846962 0.047789 0.846962 0.047789 0.821156
13 0.722222 0.820430 0.735874 0.820430 0.735874 0.846237 0.722222 0.846237 0.722222 0.820430
9 0.055877 0.840054 0.053354 0.828064 0.970405 0.138659 0.972928 0.150649 
9 0.968826 0.141078 0.974507 0.148230 0.731888 0.836909 0.726207 0.829757 
9 0.054617 0.840511 0.054613 0.827607 0.729046 0.826882 0.729050 0.839785 
9 0.294433 0.142220 0.300113 0.149376 0.057455 0.837637 0.051775 0.830481 
9 0.297276 0.152249 0.297270 0.139346 0.971664 0.138202 0.971670 0.151106 
22 0.271574 0.016177 0.328487 0.016177 0.328487 0.125723 0.271574 0.125723
22 0.942910 0.012219 0.995159 0.012219 0.995159 0.121431 0.942910 0.121431
10 0.143763 0.429669 0.202007 0.429669 0.202007 0.552249 0.143763 0.552249
10 0.808167 0.461299 0.866198 0.461299 0.866198 0.585393 0.808167 0.585393
0 0.671627 0.714306 0.762230 0.714306 0.762230 0.849954 0.671627 0.849954
22 0.013556 0.851896 0.088592 0.851896 0.088592 0.964708 0.013556 0.964708
22 0.695803 0.853880 0.750609 0.853880 0.750609 0.965755 0.695803 0.965755
0 0.268573 0.131516 0.361411 0.131516 0.361411 0.248866 0.268573 0.248866
