13 0.032281 0.688333 0.049941 0.688333 0.049941 0.733277 0.032281 0.733277 0.032281 0.688333
13 0.247837 0.867359 0.265497 0.867359 0.265497 0.912302 0.247837 0.912302 0.247837 0.867359
13 0.591670 0.869901 0.609330 0.869901 0.609330 0.914845 0.591670 0.914845 0.591670 0.869901
13 0.954503 0.165753 0.972163 0.165753 0.972163 0.210697 0.954503 0.210697 0.954503 0.165753
13 0.657202 0.062677 0.674862 0.062677 0.674862 0.107621 0.657202 0.107621 0.657202 0.062677
13 0.313503 0.063121 0.331163 0.063121 0.331163 0.108065 0.313503 0.108065 0.313503 0.063121
13 0.274111 0.550310 0.291771 0.550310 0.291771 0.595254 0.274111 0.595254 0.274111 0.550310
13 0.633837 0.346172 0.651497 0.346172 0.651497 0.391116 0.633837 0.391116 0.633837 0.346172
9 0.042071 0.721772 0.040152 0.699838 0.962374 0.177257 0.964293 0.199192 
9 0.661708 0.082876 0.670355 0.087423 0.604824 0.894646 0.596176 0.890100 
9 0.318011 0.083307 0.326656 0.087879 0.260989 0.892116 0.252344 0.887545 
18 0.657489 0.397028 0.962799 0.397028 0.962799 0.596705 0.657489 0.596705
18 0.033014 0.380901 0.264288 0.380901 0.264288 0.559281 0.033014 0.559281
