13 0.125921 0.760092 0.135984 0.760092 0.135984 0.780448 0.125921 0.780448 0.125921 0.760092
13 0.338719 0.760937 0.348781 0.760937 0.348781 0.781293 0.338719 0.781293 0.338719 0.760937
13 0.498719 0.760937 0.508781 0.760937 0.508781 0.781293 0.498719 0.781293 0.498719 0.760937
13 0.717885 0.760937 0.727948 0.760937 0.727948 0.781293 0.717885 0.781293 0.717885 0.760937
13 0.910524 0.760843 0.920587 0.760843 0.920587 0.781199 0.910524 0.781199 0.910524 0.760843
13 0.747885 0.612288 0.757948 0.612288 0.757948 0.632644 0.747885 0.632644 0.747885 0.612288
13 0.571219 0.450126 0.581281 0.450126 0.581281 0.470482 0.571219 0.470482 0.571219 0.450126
13 0.441635 0.329590 0.451698 0.329590 0.451698 0.349946 0.441635 0.349946 0.441635 0.329590
13 0.289969 0.192525 0.300031 0.192525 0.300031 0.212881 0.289969 0.212881 0.289969 0.192525
9 0.292828 0.200134 0.297172 0.205271 0.133124 0.772839 0.128781 0.767702 
9 0.444401 0.337556 0.448932 0.341980 0.346016 0.773327 0.341484 0.768903 
9 0.573975 0.458132 0.578525 0.462476 0.506025 0.773287 0.501475 0.768943 
9 0.750588 0.620543 0.755246 0.624390 0.725246 0.773038 0.720588 0.769191 
9 0.130951 0.775359 0.130954 0.765181 0.915557 0.765932 0.915554 0.776110 
9 0.293962 0.207339 0.296038 0.198067 0.916593 0.766385 0.914518 0.775657 
10 0.186876 0.421403 0.237137 0.421403 0.237137 0.541572 0.186876 0.541572
10 0.364625 0.504811 0.414352 0.504811 0.414352 0.622379 0.364625 0.622379
10 0.506607 0.574035 0.556416 0.574035 0.556416 0.690617 0.506607 0.690617
10 0.708299 0.643870 0.755817 0.643870 0.755817 0.762790 0.708299 0.762790
22 0.573262 0.319677 0.622451 0.319677 0.622451 0.430478 0.573262 0.430478
22 0.079500 0.783706 0.126358 0.783706 0.126358 0.896603 0.079500 0.896603
22 0.434951 0.194785 0.478636 0.194785 0.478636 0.303208 0.434951 0.303208
22 0.697725 0.788349 0.744623 0.788349 0.744623 0.892970 0.697725 0.892970
22 0.468486 0.786678 0.520124 0.786678 0.520124 0.900514 0.468486 0.900514
22 0.752102 0.484921 0.793998 0.484921 0.793998 0.596867 0.752102 0.596867
22 0.265377 0.055949 0.317486 0.055949 0.317486 0.166620 0.265377 0.166620
22 0.312351 0.787381 0.362083 0.787381 0.362083 0.895569 0.312351 0.895569
22 0.909308 0.784198 0.968493 0.784198 0.968493 0.894684 0.909308 0.894684
