13 0.064635 0.278250 0.088165 0.278250 0.088165 0.327633 0.064635 0.327633 0.064635 0.278250
13 0.721346 0.276896 0.744876 0.276896 0.744876 0.326279 0.721346 0.326279 0.721346 0.276896
13 0.951635 0.762704 0.975165 0.762704 0.975165 0.812086 0.951635 0.812086 0.951635 0.762704
13 0.294521 0.764424 0.318050 0.764424 0.318050 0.813807 0.294521 0.813807 0.294521 0.764424
13 0.721077 0.765225 0.744607 0.765225 0.744607 0.814607 0.721077 0.814607 0.721077 0.765225
9 0.306293 0.801461 0.306278 0.776770 0.963393 0.775049 0.963407 0.799741 
9 0.074287 0.307017 0.074320 0.282326 0.731905 0.286225 0.731872 0.310916 
9 0.068304 0.311236 0.076588 0.293703 0.310428 0.780349 0.302144 0.797882 
9 0.726495 0.308608 0.734806 0.291132 0.967555 0.778657 0.959245 0.796133 
9 0.725387 0.297205 0.737152 0.297337 0.735913 0.780768 0.724149 0.780635 
19 0.055882 0.524691 0.173529 0.524691 0.173529 0.685185 0.055882 0.685185
18 0.794118 0.635802 0.891176 0.635802 0.891176 0.771605 0.794118 0.771605
12 0.670588 0.660494 0.741176 0.660494 0.741176 0.808642 0.670588 0.808642
19 0.338235 0.123457 0.485294 0.123457 0.485294 0.277778 0.338235 0.277778
