13 0.055955 0.444699 0.078490 0.444699 0.078490 0.490676 0.055955 0.490676 0.055955 0.444699
13 0.104811 0.080253 0.127346 0.080253 0.127346 0.126230 0.104811 0.126230 0.104811 0.080253
13 0.284086 0.443101 0.306621 0.443101 0.306621 0.489078 0.284086 0.489078 0.284086 0.443101
13 0.491510 0.870889 0.514045 0.870889 0.514045 0.916866 0.491510 0.916866 0.491510 0.870889
13 0.699253 0.443636 0.721788 0.443636 0.721788 0.489613 0.699253 0.489613 0.699253 0.443636
13 0.877066 0.079052 0.899601 0.079052 0.899601 0.125029 0.877066 0.125029 0.877066 0.079052
13 0.914588 0.443825 0.937123 0.443825 0.937123 0.489802 0.914588 0.489802 0.914588 0.443825
9 0.067225 0.479181 0.067219 0.456193 0.925853 0.455320 0.925859 0.478308 
9 0.884336 0.093940 0.892330 0.110142 0.506775 0.901978 0.498781 0.885777 
9 0.112090 0.111360 0.120066 0.095122 0.506766 0.885759 0.498790 0.901997 
12 0.451473 0.706610 0.555965 0.706610 0.555965 0.912839 0.451473 0.912839
18 0.792906 0.274747 0.862574 0.274747 0.862574 0.447252 0.792906 0.447252
18 0.126854 0.274669 0.198871 0.274669 0.198871 0.444593 0.126854 0.444593
