13 0.492493 0.805898 0.511495 0.805898 0.511495 0.827118 0.492493 0.827118 0.492493 0.805898
13 0.492422 0.344390 0.511424 0.344390 0.511424 0.365610 0.492422 0.365610 0.492422 0.344390
13 0.847935 0.115104 0.866937 0.115104 0.866937 0.136324 0.847935 0.136324 0.847935 0.115104
13 0.135114 0.115676 0.154117 0.115676 0.154117 0.136896 0.135114 0.136896 0.135114 0.115676
9 0.497172 0.355001 0.506674 0.354999 0.506745 0.816507 0.497244 0.816509 
9 0.504299 0.359594 0.499547 0.350406 0.855060 0.121120 0.859812 0.130308 
9 0.142253 0.130888 0.146978 0.121683 0.504286 0.350397 0.499561 0.359603 
9 0.144619 0.131591 0.144612 0.120981 0.857432 0.120409 0.857439 0.131019 
9 0.853317 0.123071 0.861555 0.128357 0.506113 0.819151 0.497875 0.813865 
9 0.140503 0.128941 0.148728 0.123630 0.506107 0.813852 0.497882 0.819163 
22 0.039565 0.055217 0.109724 0.055217 0.109724 0.148629 0.039565 0.148629
22 0.872229 0.054118 0.937704 0.054118 0.937704 0.147207 0.872229 0.147207
2 0.288737 0.187210 0.356949 0.187210 0.356949 0.291653 0.288737 0.291653
2 0.645207 0.187625 0.714004 0.187625 0.714004 0.290961 0.645207 0.290961
22 0.465835 0.207601 0.534048 0.207601 0.534048 0.300239 0.465835 0.300239
2 0.451604 0.568625 0.551277 0.568625 0.551277 0.621593 0.451604 0.621593
22 0.461421 0.834121 0.529433 0.834121 0.529433 0.928269 0.461421 0.928269
