13 0.416404 0.171273 0.437292 0.171273 0.437292 0.199147 0.416404 0.199147 0.416404 0.171273
13 0.115197 0.405491 0.136085 0.405491 0.136085 0.433366 0.115197 0.433366 0.115197 0.405491
13 0.818616 0.571777 0.839504 0.571777 0.839504 0.599652 0.818616 0.599652 0.818616 0.571777
13 0.338224 0.763878 0.359112 0.763878 0.359112 0.791752 0.338224 0.791752 0.338224 0.763878
9 0.128270 0.425450 0.123012 0.413408 0.424219 0.179189 0.429477 0.191231 
9 0.423725 0.190795 0.429971 0.179625 0.832183 0.580129 0.825937 0.591299 
9 0.350167 0.784491 0.347169 0.771140 0.827561 0.579039 0.830559 0.592390 
9 0.121624 0.423881 0.129658 0.414976 0.352685 0.773363 0.344650 0.782267 
22 0.436233 0.042722 0.507086 0.042722 0.507086 0.159042 0.436233 0.159042
2 0.239700 0.232768 0.313225 0.232768 0.313225 0.365936 0.239700 0.365936
5 0.575986 0.310306 0.680229 0.310306 0.680229 0.456771 0.575986 0.456771
22 0.031582 0.360942 0.105050 0.360942 0.105050 0.477235 0.031582 0.477235
2 0.191065 0.539054 0.284871 0.539054 0.284871 0.651806 0.191065 0.651806
22 0.852434 0.528323 0.922296 0.528323 0.922296 0.648605 0.852434 0.648605
5 0.544918 0.605301 0.634031 0.605301 0.634031 0.753070 0.544918 0.753070
22 0.262795 0.788995 0.334759 0.788995 0.334759 0.905391 0.262795 0.905391
