13 0.031237 0.195147 0.055406 0.195147 0.055406 0.233424 0.031237 0.233424 0.031237 0.195147
13 0.120166 0.742956 0.144335 0.742956 0.144335 0.781234 0.120166 0.781234 0.120166 0.742956
13 0.820319 0.743285 0.844488 0.743285 0.844488 0.781563 0.820319 0.781563 0.820319 0.743285
13 0.731146 0.195147 0.755316 0.195147 0.755316 0.233424 0.731146 0.233424 0.731146 0.195147
9 0.132249 0.771665 0.132252 0.752526 0.832405 0.752855 0.832402 0.771994 
9 0.737380 0.216673 0.749082 0.211898 0.838255 0.760037 0.826552 0.764812 
9 0.043321 0.223855 0.043321 0.204716 0.743231 0.204716 0.743231 0.223855 
9 0.037469 0.216668 0.049173 0.211903 0.138102 0.759712 0.126398 0.764478 
18 0.091743 0.240493 0.368797 0.240493 0.368797 0.385344 0.091743 0.385344
18 0.145762 0.581751 0.470322 0.581751 0.470322 0.733546 0.145762 0.733546
19 0.298447 0.061858 0.502608 0.061858 0.502608 0.185740 0.298447 0.185740
19 0.413276 0.797676 0.584856 0.797676 0.584856 0.913019 0.413276 0.913019
