13 0.163179 0.479025 0.180571 0.479025 0.180571 0.498118 0.163179 0.498118 0.163179 0.479025
13 0.475679 0.481882 0.493071 0.481882 0.493071 0.500975 0.475679 0.500975 0.475679 0.481882
13 0.659707 0.481247 0.677098 0.481247 0.677098 0.500340 0.659707 0.500340 0.659707 0.481247
13 0.788830 0.481168 0.806222 0.481168 0.806222 0.500261 0.788830 0.500261 0.788830 0.481168
13 0.660575 0.758453 0.677966 0.758453 0.677966 0.777547 0.660575 0.777547 0.660575 0.758453
13 0.662138 0.204739 0.679529 0.204739 0.679529 0.223832 0.662138 0.223832 0.662138 0.204739
9 0.171861 0.493345 0.171889 0.483798 0.797540 0.485941 0.797512 0.495488 
9 0.666486 0.214271 0.675181 0.214301 0.673619 0.768015 0.664923 0.767985 
3 0.792511 0.489397 0.775620 0.600524 0.726777 0.699608 0.651277 0.775912 0.557299 0.821168 0.455028 0.830472 0.355547 0.802815 0.269636 0.741194 0.206605 0.652287 0.173284 0.545729 0.173284 0.433066 0.206605 0.326508 0.269636 0.237601 0.355547 0.175980 0.455028 0.148323 0.557299 0.157627 0.651277 0.202883 0.726777 0.279187 0.775620 0.378271 0.792511 0.489397
12 0.587249 0.472343 0.682281 0.472343 0.682281 0.576373 0.587249 0.576373
22 0.657019 0.781580 0.756749 0.781580 0.756749 0.884416 0.657019 0.884416
22 0.574509 0.369058 0.650675 0.369058 0.650675 0.468528 0.574509 0.468528
22 0.082264 0.442926 0.154556 0.442926 0.154556 0.544060 0.082264 0.544060
22 0.825634 0.440595 0.908956 0.440595 0.908956 0.545059 0.825634 0.545059
22 0.652154 0.089853 0.723968 0.089853 0.723968 0.192608 0.652154 0.192608
22 0.430226 0.525178 0.519105 0.525178 0.519105 0.626579 0.430226 0.626579
