13 0.473663 0.070138 0.495285 0.070138 0.495285 0.090238 0.473663 0.090238 0.473663 0.070138
13 0.408108 0.258313 0.429730 0.258313 0.429730 0.278413 0.408108 0.278413 0.408108 0.258313
13 0.052731 0.354539 0.074353 0.354539 0.074353 0.374639 0.052731 0.374639 0.052731 0.354539
13 0.889994 0.351331 0.911616 0.351331 0.911616 0.371432 0.889994 0.371432 0.889994 0.351331
13 0.095285 0.467871 0.116906 0.467871 0.116906 0.487972 0.095285 0.487972 0.095285 0.467871
13 0.722082 0.470010 0.743703 0.470010 0.743703 0.490110 0.722082 0.490110 0.722082 0.470010
13 0.214894 0.812146 0.236515 0.812146 0.236515 0.832246 0.214894 0.832246 0.214894 0.812146
13 0.597761 0.811758 0.619382 0.811758 0.619382 0.831859 0.597761 0.831859 0.597761 0.811758
13 0.727761 0.812645 0.749382 0.812645 0.749382 0.832745 0.727761 0.832745 0.727761 0.812645
9 0.065939 0.365469 0.059651 0.357294 0.479432 0.078239 0.485720 0.086414 
9 0.479412 0.086401 0.485741 0.078252 0.907822 0.361584 0.901493 0.369732 
9 0.899521 0.364092 0.909794 0.367224 0.748782 0.823762 0.738509 0.820631 
9 0.743658 0.817171 0.743634 0.827221 0.224945 0.826152 0.224969 0.816102 
9 0.230093 0.819561 0.219821 0.822693 0.057658 0.362947 0.067931 0.359816 
9 0.106188 0.482012 0.099907 0.473831 0.417331 0.263204 0.423612 0.271384 
9 0.417301 0.271364 0.423642 0.263224 0.736466 0.473852 0.730124 0.481991 
9 0.728156 0.476364 0.738434 0.479479 0.617675 0.823754 0.607397 0.820638 
19 0.698452 0.130386 0.891483 0.130386 0.891483 0.216411 0.698452 0.216411
19 0.321990 0.849788 0.519886 0.849788 0.519886 0.936816 0.321990 0.936816
1 0.197297 0.859296 0.324324 0.859296 0.324324 0.929648 0.197297 0.929648
1 0.521622 0.859296 0.632432 0.859296 0.632432 0.932161 0.521622 0.932161
8 0.536556 0.871504 0.630865 0.871504 0.630865 0.925703 0.536556 0.925703
8 0.210285 0.871856 0.302187 0.871856 0.302187 0.921821 0.210285 0.921821
