13 0.532133 0.028023 0.555663 0.028023 0.555663 0.052266 0.532133 0.052266 0.532133 0.028023
13 0.951545 0.457792 0.975075 0.457792 0.975075 0.482035 0.951545 0.482035 0.951545 0.457792
13 0.042152 0.890938 0.065681 0.890938 0.065681 0.915180 0.042152 0.915180 0.042152 0.890938
13 0.531951 0.889920 0.555481 0.889920 0.555481 0.914162 0.531951 0.914162 0.531951 0.889920
9 0.053928 0.909120 0.053904 0.896999 0.543704 0.895980 0.543728 0.908101 
9 0.538016 0.040143 0.549780 0.040146 0.549598 0.902042 0.537833 0.902039 
9 0.539750 0.044441 0.548046 0.035847 0.967458 0.465616 0.959162 0.474211 
9 0.547874 0.906327 0.539557 0.897754 0.959151 0.465627 0.967468 0.474200 
9 0.538821 0.037084 0.548975 0.043205 0.058994 0.906120 0.048839 0.899999 
19 0.771045 0.181932 0.834942 0.181932 0.834942 0.261436 0.771045 0.261436
19 0.211609 0.393831 0.276609 0.393831 0.276609 0.490870 0.211609 0.490870
19 0.556000 0.422614 0.621847 0.422614 0.621847 0.517400 0.556000 0.517400
12 0.849877 0.404567 0.975411 0.404567 0.975411 0.530580 0.849877 0.530580
18 0.568017 0.643552 0.708797 0.643552 0.708797 0.758488 0.568017 0.758488
18 0.128308 0.768367 0.272040 0.768367 0.272040 0.886898 0.128308 0.886898
12 0.453880 0.808474 0.560406 0.808474 0.560406 0.921050 0.453880 0.921050
19 0.276722 0.915664 0.343148 0.915664 0.343148 0.986472 0.276722 0.986472
