13 0.110435 0.847339 0.135280 0.847339 0.135280 0.866947 0.110435 0.866947 0.110435 0.847339
13 0.489673 0.848154 0.514518 0.848154 0.514518 0.867762 0.489673 0.867762 0.489673 0.848154
13 0.870435 0.848304 0.895280 0.848304 0.895280 0.867912 0.870435 0.867912 0.870435 0.848304
13 0.745380 0.610085 0.770225 0.610085 0.770225 0.629693 0.745380 0.629693 0.745380 0.610085
13 0.488237 0.610085 0.513082 0.610085 0.513082 0.629693 0.488237 0.629693 0.488237 0.610085
13 0.235490 0.610085 0.260334 0.610085 0.260334 0.629693 0.235490 0.629693 0.235490 0.610085
13 0.488394 0.117287 0.513239 0.117287 0.513239 0.136895 0.488394 0.136895 0.488394 0.117287
9 0.122847 0.862045 0.122867 0.852241 0.882867 0.853206 0.882847 0.863010 
9 0.495074 0.128960 0.506558 0.125222 0.888599 0.856239 0.877115 0.859977 
9 0.495067 0.125237 0.506566 0.128945 0.128607 0.858997 0.117107 0.855289 
9 0.494605 0.127098 0.507028 0.127085 0.508306 0.857951 0.495884 0.857965 
9 0.247912 0.624791 0.247912 0.614987 0.757802 0.614987 0.757802 0.624791 
22 0.459020 0.028634 0.547323 0.028634 0.547323 0.112633 0.459020 0.112633
2 0.283642 0.401113 0.406004 0.401113 0.406004 0.464936 0.283642 0.464936
2 0.600412 0.404075 0.723702 0.404075 0.723702 0.466249 0.600412 0.466249
12 0.480348 0.524967 0.625762 0.524967 0.625762 0.636374 0.480348 0.636374
22 0.123841 0.577506 0.206600 0.577506 0.206600 0.661218 0.123841 0.661218
22 0.794902 0.577882 0.880293 0.577882 0.880293 0.661204 0.794902 0.661204
22 0.521790 0.636523 0.601345 0.636523 0.601345 0.721411 0.521790 0.721411
12 0.479962 0.760909 0.621538 0.760909 0.621538 0.873176 0.479962 0.873176
22 0.055969 0.875733 0.146389 0.875733 0.146389 0.959038 0.055969 0.959038
22 0.456208 0.874321 0.538736 0.874321 0.538736 0.958194 0.456208 0.958194
22 0.858997 0.874316 0.945559 0.874316 0.945559 0.959413 0.858997 0.959413
