13 0.352663 0.872649 0.372764 0.872649 0.372764 0.899494 0.352663 0.899494 0.352663 0.872649
13 0.698782 0.869625 0.718882 0.869625 0.718882 0.896470 0.698782 0.896470 0.698782 0.869625
13 0.469085 0.527081 0.489185 0.527081 0.489185 0.553927 0.469085 0.553927 0.469085 0.527081
13 0.914535 0.529434 0.934635 0.529434 0.934635 0.556280 0.914535 0.556280 0.914535 0.529434
13 0.914535 0.323720 0.934635 0.323720 0.934635 0.350566 0.914535 0.350566 0.914535 0.323720
13 0.620292 0.068210 0.640392 0.068210 0.640392 0.095055 0.620292 0.095055 0.620292 0.068210
13 0.534822 0.325353 0.554922 0.325353 0.554922 0.352198 0.534822 0.352198 0.534822 0.325353
13 0.030548 0.323720 0.050649 0.323720 0.050649 0.350566 0.030548 0.350566 0.030548 0.323720
13 0.030548 0.527802 0.050649 0.527802 0.050649 0.554647 0.030548 0.554647 0.030548 0.527802
9 0.625750 0.078907 0.634934 0.084358 0.367306 0.888797 0.358121 0.883346 
9 0.040598 0.343854 0.040598 0.330431 0.924585 0.330431 0.924585 0.343854 
9 0.040591 0.547936 0.040605 0.534513 0.924592 0.536146 0.924578 0.549569 
9 0.475392 0.544982 0.482879 0.536027 0.712575 0.878570 0.705089 0.887525 
20 0.858691 0.372691 0.915471 0.372691 0.915471 0.461591 0.858691 0.461591
18 0.569460 0.559610 0.691578 0.559610 0.691578 0.668030 0.569460 0.668030
20 0.855798 0.579788 0.917431 0.579788 0.917431 0.692824 0.855798 0.692824
18 0.438149 0.653044 0.558590 0.653044 0.558590 0.765087 0.438149 0.765087
18 0.406610 0.201184 0.564612 0.201184 0.564612 0.311110 0.406610 0.311110
