13 0.082854 0.767920 0.102854 0.767920 0.102854 0.795990 0.082854 0.795990 0.082854 0.767920
13 0.738419 0.767235 0.758419 0.767235 0.758419 0.795305 0.738419 0.795305 0.738419 0.767235
13 0.877614 0.768822 0.897614 0.768822 0.897614 0.796892 0.877614 0.796892 0.877614 0.768822
13 0.879702 0.137203 0.899702 0.137203 0.899702 0.165273 0.879702 0.165273 0.879702 0.137203
13 0.720437 0.260965 0.740437 0.260965 0.740437 0.289035 0.720437 0.289035 0.720437 0.260965
13 0.322430 0.288505 0.342430 0.288505 0.342430 0.316575 0.322430 0.316575 0.322430 0.288505
13 0.424003 0.084452 0.444003 0.084452 0.444003 0.112522 0.424003 0.112522 0.424003 0.084452
9 0.095310 0.788067 0.090398 0.775842 0.887246 0.145126 0.892158 0.157351 
9 0.429908 0.094461 0.438098 0.102514 0.096949 0.785981 0.088759 0.777928 
9 0.092850 0.788972 0.092858 0.774937 0.887618 0.775840 0.887610 0.789875 
22 0.235388 0.195418 0.303920 0.195418 0.303920 0.310832 0.235388 0.310832
22 0.756785 0.259230 0.823370 0.259230 0.823370 0.374319 0.756785 0.374319
22 0.014046 0.800257 0.080357 0.800257 0.080357 0.918942 0.014046 0.918942
22 0.710148 0.822157 0.778074 0.822157 0.778074 0.940741 0.710148 0.940741
18 0.303934 0.637401 0.427748 0.637401 0.427748 0.750468 0.303934 0.750468
0 0.137870 0.642578 0.191591 0.642578 0.191591 0.720526 0.137870 0.720526
0 0.172821 0.697072 0.214735 0.697072 0.214735 0.796385 0.172821 0.796385
