13 0.650857 0.173646 0.665810 0.173646 0.665810 0.203497 0.650857 0.203497 0.650857 0.173646
13 0.130142 0.321741 0.145096 0.321741 0.145096 0.351592 0.130142 0.351592 0.130142 0.321741
13 0.566968 0.596741 0.581921 0.596741 0.581921 0.626592 0.566968 0.626592 0.566968 0.596741
13 0.866273 0.598825 0.881227 0.598825 0.881227 0.628675 0.866273 0.628675 0.866273 0.598825
13 0.043805 0.747639 0.058759 0.747639 0.058759 0.777489 0.043805 0.777489 0.043805 0.747639
13 0.342523 0.748408 0.357477 0.748408 0.357477 0.778259 0.342523 0.778259 0.342523 0.748408
13 0.535857 0.748408 0.550810 0.748408 0.550810 0.778259 0.535857 0.778259 0.535857 0.748408
13 0.940857 0.748408 0.955810 0.748408 0.955810 0.778259 0.940857 0.778259 0.940857 0.748408
9 0.134967 0.341927 0.140271 0.331407 0.352652 0.758073 0.347348 0.768593 
9 0.134154 0.333867 0.141084 0.339466 0.054747 0.765364 0.047817 0.759765 
9 0.051277 0.770027 0.051287 0.755101 0.350005 0.755871 0.349995 0.770796 
9 0.655699 0.193867 0.660967 0.183276 0.950967 0.758037 0.945699 0.768629 
9 0.543333 0.770796 0.543333 0.755871 0.948333 0.755871 0.948333 0.770796 
9 0.654862 0.185803 0.661805 0.191340 0.546805 0.766101 0.539862 0.760565 
9 0.574431 0.619129 0.574457 0.604204 0.873763 0.606287 0.873737 0.621213 
22 0.634142 0.039040 0.682943 0.039040 0.682943 0.162939 0.634142 0.162939
22 0.106798 0.178257 0.174185 0.178257 0.174185 0.304196 0.106798 0.304196
2 0.579245 0.348140 0.651844 0.348140 0.651844 0.443516 0.579245 0.443516
2 0.056074 0.495072 0.128120 0.495072 0.128120 0.588042 0.056074 0.588042
22 0.510591 0.552081 0.560473 0.552081 0.560473 0.672076 0.510591 0.672076
10 0.708879 0.564401 0.757875 0.564401 0.757875 0.664160 0.708879 0.664160
22 0.901215 0.552182 0.952808 0.552182 0.952808 0.671552 0.901215 0.671552
10 0.707518 0.707830 0.758031 0.707830 0.758031 0.811262 0.707518 0.811262
22 0.945753 0.791178 0.991925 0.791178 0.991925 0.914901 0.945753 0.914901
22 0.015713 0.794929 0.057402 0.794929 0.057402 0.920820 0.015713 0.920820
22 0.330751 0.792955 0.387789 0.792955 0.387789 0.917816 0.330751 0.917816
22 0.500148 0.792358 0.551028 0.792358 0.551028 0.917646 0.500148 0.917646
