13 0.364452 0.178731 0.385124 0.178731 0.385124 0.208035 0.364452 0.208035 0.364452 0.178731
13 0.613152 0.338205 0.633824 0.338205 0.633824 0.367509 0.613152 0.367509 0.613152 0.338205
13 0.248177 0.498046 0.268848 0.498046 0.268848 0.527350 0.248177 0.527350 0.248177 0.498046
13 0.453374 0.496777 0.474046 0.496777 0.474046 0.526081 0.453374 0.526081 0.453374 0.496777
13 0.861106 0.497281 0.881778 0.497281 0.881778 0.526585 0.861106 0.526585 0.861106 0.497281
13 0.497729 0.658431 0.518400 0.658431 0.518400 0.687735 0.497729 0.687735 0.497729 0.658431
13 0.131196 0.819062 0.151868 0.819062 0.151868 0.848366 0.131196 0.848366 0.131196 0.819062
9 0.372657 0.200058 0.376918 0.186709 0.873572 0.505258 0.869312 0.518607 
9 0.143067 0.840710 0.139998 0.826719 0.869907 0.504937 0.872977 0.518928 
9 0.370196 0.190022 0.379380 0.196745 0.146124 0.837076 0.136940 0.830353 
9 0.369979 0.196068 0.379596 0.190699 0.512873 0.670398 0.503256 0.675767 
9 0.258517 0.520024 0.258508 0.505372 0.871438 0.504607 0.871447 0.519259 
9 0.144507 0.839705 0.138558 0.827723 0.620513 0.346866 0.626462 0.358848 
22 0.154298 0.436239 0.222634 0.436239 0.222634 0.568864 0.154298 0.568864
22 0.484649 0.706627 0.553810 0.706627 0.553810 0.833880 0.484649 0.833880
22 0.891572 0.452444 0.963457 0.452444 0.963457 0.586547 0.891572 0.586547
22 0.648465 0.214035 0.729374 0.214035 0.729374 0.359243 0.648465 0.359243
22 0.340084 0.349616 0.400940 0.349616 0.400940 0.480260 0.340084 0.480260
22 0.330733 0.030622 0.400207 0.030622 0.400207 0.159351 0.330733 0.159351
22 0.050635 0.820931 0.129683 0.820931 0.129683 0.949344 0.050635 0.949344
2 0.163796 0.634383 0.236608 0.634383 0.236608 0.707005 0.163796 0.707005
2 0.279892 0.313080 0.351002 0.313080 0.351002 0.383288 0.279892 0.383288
5 0.464769 0.212079 0.537377 0.212079 0.537377 0.332766 0.464769 0.332766
5 0.709882 0.370519 0.782434 0.370519 0.782434 0.489408 0.709882 0.489408
