13 0.115739 0.760106 0.141463 0.760106 0.141463 0.797143 0.115739 0.797143 0.115739 0.760106
13 0.824850 0.761580 0.850574 0.761580 0.850574 0.798617 0.824850 0.798617 0.824850 0.761580
13 0.825763 0.195767 0.851486 0.195767 0.851486 0.232804 0.825763 0.232804 0.825763 0.195767
9 0.128592 0.787884 0.128610 0.769365 0.837721 0.770839 0.837703 0.789358 
9 0.832193 0.214264 0.845055 0.214307 0.844143 0.780120 0.831281 0.780077 
9 0.131709 0.786731 0.125493 0.770518 0.835516 0.206180 0.841732 0.222392 
12 0.755261 0.660557 0.853666 0.660557 0.853666 0.803461 0.755261 0.803461
19 0.859535 0.458065 0.919967 0.458065 0.919967 0.584381 0.859535 0.584381
22 0.836173 0.052637 0.912507 0.052637 0.912507 0.184793 0.836173 0.184793
22 0.053219 0.790174 0.125960 0.790174 0.125960 0.924766 0.053219 0.924766
22 0.835250 0.788575 0.919457 0.788575 0.919457 0.921947 0.835250 0.921947
19 0.400204 0.337064 0.495423 0.337064 0.495423 0.463596 0.400204 0.463596
19 0.439862 0.814979 0.539360 0.814979 0.539360 0.941795 0.439862 0.941795
