13 0.494872 0.156779 0.517535 0.156779 0.517535 0.180803 0.494872 0.180803 0.494872 0.156779
13 0.174152 0.402274 0.196815 0.402274 0.196815 0.426298 0.174152 0.426298 0.174152 0.402274
13 0.813937 0.403498 0.836600 0.403498 0.836600 0.427522 0.813937 0.427522 0.813937 0.403498
13 0.496113 0.515900 0.518776 0.515900 0.518776 0.539924 0.496113 0.539924 0.496113 0.515900
13 0.297188 0.802933 0.319851 0.802933 0.319851 0.826957 0.297188 0.826957 0.297188 0.802933
13 0.691178 0.805607 0.713840 0.805607 0.713840 0.829631 0.691178 0.829631 0.691178 0.805607
9 0.188801 0.419155 0.182167 0.409416 0.502887 0.163922 0.509520 0.173660 
9 0.502865 0.173643 0.509542 0.163939 0.828608 0.410658 0.821930 0.420362 
9 0.819878 0.413661 0.830659 0.417359 0.707899 0.819468 0.697118 0.815770 
9 0.308483 0.820951 0.308556 0.808939 0.702545 0.811613 0.702473 0.823625 
9 0.180096 0.416145 0.190871 0.412427 0.313907 0.813086 0.303132 0.816804 
9 0.185474 0.420292 0.185494 0.408280 0.825279 0.409504 0.825259 0.421516 
22 0.458270 0.044742 0.542128 0.044742 0.542128 0.146463 0.458270 0.146463
19 0.271140 0.175982 0.342351 0.175982 0.342351 0.275784 0.271140 0.275784
22 0.097204 0.348832 0.170364 0.348832 0.170364 0.454373 0.097204 0.454373
22 0.843680 0.349761 0.918394 0.349761 0.918394 0.452536 0.843680 0.452536
22 0.397477 0.458009 0.473452 0.458009 0.473452 0.561385 0.397477 0.561385
22 0.216410 0.828216 0.296978 0.828216 0.296978 0.931181 0.216410 0.931181
22 0.702131 0.824251 0.780757 0.824251 0.780757 0.929309 0.702131 0.929309
