13 0.342563 0.140985 0.360954 0.140985 0.360954 0.161872 0.342563 0.161872 0.342563 0.140985
13 0.118108 0.468921 0.136499 0.468921 0.136499 0.489809 0.118108 0.489809 0.118108 0.468921
13 0.319950 0.482128 0.338341 0.482128 0.338341 0.503015 0.319950 0.503015 0.319950 0.482128
13 0.831006 0.520985 0.849396 0.520985 0.849396 0.541872 0.831006 0.541872 0.831006 0.520985
13 0.297337 0.824985 0.315728 0.824985 0.315728 0.845872 0.297337 0.845872 0.297337 0.824985
9 0.349161 0.155737 0.354357 0.147120 0.842799 0.527120 0.837603 0.535737 
9 0.308594 0.840096 0.304471 0.830761 0.838140 0.526761 0.842262 0.536096 
9 0.123312 0.481957 0.131295 0.476773 0.310524 0.832837 0.302541 0.838020 
9 0.348129 0.148224 0.355389 0.154633 0.130933 0.482570 0.123673 0.476160 
9 0.347174 0.151038 0.356344 0.151820 0.311117 0.835820 0.301948 0.835038 
9 0.127008 0.484576 0.127598 0.474154 0.840496 0.526217 0.839906 0.536640 
19 0.106819 0.195189 0.241169 0.195189 0.241169 0.284784 0.106819 0.284784
19 0.354046 0.310414 0.488308 0.310414 0.488308 0.399569 0.354046 0.399569
19 0.460842 0.524380 0.596793 0.524380 0.596793 0.613373 0.460842 0.613373
19 0.333942 0.631846 0.466162 0.631846 0.466162 0.720839 0.333942 0.720839
22 0.317827 0.030740 0.376105 0.030740 0.376105 0.128647 0.317827 0.128647
22 0.858613 0.483197 0.946812 0.483197 0.946812 0.581891 0.858613 0.581891
22 0.250893 0.858014 0.327030 0.858014 0.327030 0.955166 0.250893 0.955166
22 0.040174 0.427622 0.108535 0.427622 0.108535 0.526735 0.040174 0.526735
1 0.144828 0.276762 0.257471 0.276762 0.257471 0.462141 0.144828 0.462141
7 0.211155 0.380957 0.260905 0.380957 0.260905 0.460013 0.211155 0.460013
