13 0.780578 0.093669 0.804602 0.093669 0.804602 0.119392 0.780578 0.119392 0.780578 0.093669
13 0.094558 0.094893 0.118582 0.094893 0.118582 0.120617 0.094558 0.120617 0.094558 0.094893
13 0.439860 0.095710 0.463884 0.095710 0.463884 0.121433 0.439860 0.121433 0.439860 0.095710
13 0.094778 0.455017 0.118802 0.455017 0.118802 0.480741 0.094778 0.480741 0.094778 0.455017
13 0.779432 0.455710 0.803456 0.455710 0.803456 0.481433 0.779432 0.481433 0.779432 0.455710
13 0.781489 0.829336 0.805513 0.829336 0.805513 0.855060 0.781489 0.855060 0.781489 0.829336
13 0.093870 0.828281 0.117894 0.828281 0.117894 0.854005 0.093870 0.854005 0.093870 0.828281
13 0.441147 0.827562 0.465171 0.827562 0.465171 0.853285 0.441147 0.853285 0.441147 0.827562
9 0.106580 0.114186 0.106560 0.101324 0.792580 0.100100 0.792600 0.112961 
9 0.786584 0.106539 0.798596 0.106522 0.799507 0.842189 0.787495 0.842206 
9 0.105874 0.847574 0.105891 0.834712 0.793509 0.835767 0.793492 0.848629 
9 0.100564 0.107749 0.112576 0.107762 0.111888 0.841149 0.099876 0.841136 
3 0.789210 0.471175 0.770661 0.590199 0.717023 0.696324 0.634109 0.778051 0.530905 0.826523 0.418592 0.836488 0.309344 0.806865 0.214998 0.740866 0.145778 0.645641 0.109185 0.531510 0.109185 0.410841 0.145778 0.296710 0.214998 0.201485 0.309344 0.135485 0.418592 0.105863 0.530905 0.115828 0.634109 0.164300 0.717023 0.246027 0.770661 0.352152 0.789210 0.471175
19 0.813523 0.409662 0.921726 0.409662 0.921726 0.515681 0.813523 0.515681
