13 0.666337 0.251724 0.695218 0.251724 0.695218 0.291133 0.666337 0.291133 0.666337 0.251724
13 0.479664 0.730599 0.508545 0.730599 0.508545 0.770007 0.479664 0.770007 0.479664 0.730599
13 0.866650 0.731448 0.895531 0.731448 0.895531 0.770857 0.866650 0.770857 0.866650 0.731448
13 0.088841 0.731574 0.117722 0.731574 0.117722 0.770983 0.088841 0.770983 0.088841 0.731574
9 0.103282 0.761130 0.103280 0.741426 0.881090 0.741300 0.881091 0.761004 
9 0.674504 0.276306 0.687051 0.266551 0.887364 0.746275 0.874817 0.756029 
9 0.674403 0.266802 0.687152 0.276055 0.500479 0.754930 0.487730 0.745676 
9 0.107036 0.759693 0.099526 0.742863 0.677023 0.263014 0.684533 0.279843 
22 0.631849 0.081092 0.746027 0.081092 0.746027 0.241092 0.631849 0.241092
22 0.054070 0.776122 0.155621 0.776122 0.155621 0.933287 0.054070 0.933287
22 0.441237 0.775430 0.542539 0.775430 0.542539 0.932964 0.441237 0.932964
22 0.844332 0.776728 0.947324 0.776728 0.947324 0.930708 0.844332 0.930708
2 0.305877 0.649692 0.368474 0.649692 0.368474 0.848653 0.305877 0.848653
2 0.653784 0.650357 0.715600 0.650357 0.715600 0.848360 0.653784 0.848360
