13 0.213102 0.858983 0.242953 0.858983 0.242953 0.886380 0.213102 0.886380 0.213102 0.858983
13 0.214548 0.053891 0.244399 0.053891 0.244399 0.081289 0.214548 0.081289 0.214548 0.053891
13 0.842217 0.452968 0.872068 0.452968 0.872068 0.480365 0.842217 0.480365 0.842217 0.452968
9 0.232320 0.878285 0.223735 0.867079 0.852850 0.461064 0.861435 0.472269 
9 0.225224 0.073220 0.233723 0.061960 0.861393 0.461036 0.852893 0.472297 
9 0.222011 0.067579 0.236936 0.067601 0.235490 0.872693 0.220565 0.872670 
2 0.480245 0.195744 0.596414 0.195744 0.596414 0.323389 0.480245 0.323389
2 0.487063 0.602854 0.597590 0.602854 0.597590 0.728055 0.487063 0.728055
18 0.596678 0.423687 0.770595 0.423687 0.770595 0.532933 0.596678 0.532933
18 0.250888 0.181629 0.390090 0.181629 0.390090 0.293305 0.250888 0.293305
