13 0.028401 0.360000 0.058935 0.360000 0.058935 0.400000 0.028401 0.400000 0.028401 0.360000
13 0.220322 0.277571 0.250857 0.277571 0.250857 0.317571 0.220322 0.317571 0.220322 0.277571
13 0.183634 0.428111 0.214168 0.428111 0.214168 0.468111 0.183634 0.468111 0.183634 0.428111
13 0.625906 0.098204 0.656440 0.098204 0.656440 0.138204 0.625906 0.138204 0.625906 0.098204
13 0.500623 0.485079 0.531158 0.485079 0.531158 0.525079 0.500623 0.525079 0.500623 0.485079
13 0.776124 0.686122 0.806658 0.686122 0.806658 0.726122 0.776124 0.726122 0.776124 0.686122
9 0.041257 0.389488 0.046080 0.370512 0.793803 0.696635 0.788980 0.715610 
9 0.046089 0.389484 0.041247 0.370516 0.638751 0.108720 0.643594 0.127688 
3 0.829306 0.496951 0.812056 0.632369 0.762176 0.753112 0.685071 0.846096 0.589097 0.901245 0.484653 0.912583 0.383058 0.878880 0.295322 0.803789 0.230951 0.695448 0.196922 0.565597 0.196922 0.428306 0.230951 0.298455 0.295322 0.190114 0.383058 0.115023 0.484653 0.081320 0.589097 0.092658 0.685071 0.147806 0.762176 0.240791 0.812056 0.361534 0.829306 0.496951
19 0.388597 0.589065 0.459016 0.589065 0.459016 0.698858 0.388597 0.698858
19 0.397149 0.236769 0.517683 0.236769 0.517683 0.372078 0.397149 0.372078
19 0.075591 0.438262 0.147296 0.438262 0.147296 0.570798 0.075591 0.570798
19 0.060839 0.180059 0.175743 0.180059 0.175743 0.313796 0.060839 0.313796
