13 0.353980 0.303854 0.365279 0.303854 0.365279 0.326777 0.353980 0.326777 0.353980 0.303854
13 0.432684 0.792593 0.443983 0.792593 0.443983 0.815515 0.432684 0.815515 0.432684 0.792593
13 0.677684 0.441241 0.688983 0.441241 0.688983 0.464164 0.677684 0.464164 0.677684 0.441241
13 0.654350 0.650701 0.665650 0.650701 0.665650 0.673623 0.654350 0.673623 0.654350 0.650701
13 0.861017 0.517496 0.872316 0.517496 0.872316 0.540419 0.861017 0.540419 0.861017 0.517496
9 0.359055 0.320926 0.360204 0.309704 0.867241 0.523347 0.866092 0.534568 
9 0.439186 0.809517 0.437481 0.798591 0.865814 0.523494 0.867519 0.534421 
3 0.681788 0.482808 0.672435 0.596505 0.645392 0.697880 0.603588 0.775950 0.551553 0.822253 0.494927 0.831772 0.439845 0.803475 0.392277 0.740429 0.357378 0.649466 0.338928 0.540442 0.338928 0.425174 0.357378 0.316151 0.392277 0.225187 0.439845 0.162141 0.494927 0.133844 0.551553 0.143363 0.603588 0.189666 0.645392 0.267736 0.672435 0.369111 0.681788 0.482808
1 0.771186 0.404011 0.820621 0.404011 0.820621 0.558739 0.771186 0.558739
7 0.796246 0.515109 0.818716 0.515109 0.818716 0.554484 0.796246 0.554484
18 0.085818 0.556301 0.328802 0.556301 0.328802 0.703994 0.085818 0.703994
18 0.583883 0.485836 0.669549 0.485836 0.669549 0.610773 0.583883 0.610773
18 0.794788 0.292090 0.874761 0.292090 0.874761 0.414263 0.794788 0.414263
