13 0.501343 0.068529 0.519042 0.068529 0.519042 0.092994 0.501343 0.092994 0.501343 0.068529
13 0.042803 0.243278 0.060502 0.243278 0.060502 0.267743 0.042803 0.267743 0.042803 0.243278
13 0.464291 0.326543 0.481990 0.326543 0.481990 0.351008 0.464291 0.351008 0.464291 0.326543
13 0.934480 0.419196 0.952179 0.419196 0.952179 0.443661 0.934480 0.443661 0.934480 0.419196
13 0.931233 0.574706 0.948932 0.574706 0.948932 0.599171 0.931233 0.599171 0.931233 0.574706
13 0.422969 0.623686 0.440668 0.623686 0.440668 0.648151 0.422969 0.648151 0.422969 0.623686
13 0.040737 0.659196 0.058436 0.659196 0.058436 0.683661 0.040737 0.683661 0.040737 0.659196
13 0.382532 0.910625 0.400231 0.910625 0.400231 0.935090 0.382532 0.935090 0.382532 0.910625
9 0.051028 0.261565 0.052278 0.249455 0.943955 0.425374 0.942704 0.437483 
9 0.049890 0.677530 0.049284 0.665327 0.939780 0.580837 0.940386 0.593041 
9 0.505850 0.079591 0.514536 0.081933 0.395724 0.924028 0.387038 0.921686 
20 0.526294 0.060906 0.569381 0.060906 0.569381 0.152478 0.526294 0.152478
16 0.419958 0.204156 0.467026 0.204156 0.467026 0.306805 0.419958 0.306805
16 0.432272 0.655695 0.483458 0.655695 0.483458 0.755822 0.432272 0.755822
