13 0.141634 0.687179 0.163981 0.687179 0.163981 0.712821 0.141634 0.712821 0.141634 0.687179
13 0.466439 0.824322 0.488785 0.824322 0.488785 0.849963 0.466439 0.849963 0.466439 0.824322
13 0.794134 0.686989 0.816480 0.686989 0.816480 0.712630 0.794134 0.712630 0.794134 0.686989
13 0.792475 0.290799 0.814822 0.290799 0.814822 0.316440 0.792475 0.316440 0.792475 0.290799
13 0.466439 0.153846 0.488785 0.153846 0.488785 0.179487 0.466439 0.179487 0.466439 0.153846
13 0.140568 0.288404 0.162914 0.288404 0.162914 0.314045 0.140568 0.314045 0.140568 0.288404
9 0.472025 0.160256 0.483199 0.160256 0.483199 0.843553 0.472025 0.843553 
9 0.475691 0.172686 0.479532 0.160647 0.805569 0.297599 0.801728 0.309639 
9 0.798062 0.303650 0.809235 0.303588 0.810893 0.699779 0.799720 0.699840 
9 0.479529 0.843164 0.475695 0.831122 0.803390 0.693788 0.807223 0.705831 
9 0.150878 0.706016 0.154737 0.693984 0.479541 0.831127 0.475683 0.843159 
9 0.146155 0.301244 0.157328 0.301205 0.158394 0.699980 0.147221 0.700020 
9 0.153633 0.307256 0.149850 0.295193 0.475720 0.160635 0.479504 0.172698 
22 0.436259 0.037399 0.516258 0.037399 0.516258 0.142972 0.436259 0.142972
2 0.247300 0.187253 0.310064 0.187253 0.310064 0.311176 0.247300 0.311176
2 0.645698 0.180713 0.708301 0.180713 0.708301 0.305765 0.645698 0.305765
18 0.483209 0.220528 0.614231 0.220528 0.614231 0.325360 0.483209 0.325360
18 0.338142 0.217438 0.469480 0.217438 0.469480 0.320212 0.338142 0.320212
22 0.067838 0.239049 0.136912 0.239049 0.136912 0.346751 0.067838 0.346751
22 0.823459 0.243011 0.896232 0.243011 0.896232 0.350745 0.823459 0.350745
2 0.092464 0.468365 0.210737 0.468365 0.210737 0.531764 0.092464 0.531764
2 0.743835 0.466442 0.862684 0.466442 0.862684 0.530892 0.743835 0.530892
22 0.057750 0.642891 0.128229 0.642891 0.128229 0.753736 0.057750 0.753736
22 0.819332 0.644007 0.890979 0.644007 0.890979 0.753502 0.819332 0.753502
18 0.329417 0.654397 0.462927 0.654397 0.462927 0.759594 0.329417 0.759594
18 0.493901 0.654146 0.628501 0.654146 0.628501 0.760844 0.493901 0.760844
2 0.241982 0.687303 0.304655 0.687303 0.304655 0.811623 0.241982 0.811623
2 0.663874 0.689560 0.726461 0.689560 0.726461 0.813561 0.663874 0.813561
22 0.429993 0.856674 0.506464 0.856674 0.506464 0.962480 0.429993 0.962480
18 0.171649 0.335505 0.347726 0.335505 0.347726 0.441509 0.171649 0.441509
18 0.610086 0.337575 0.787135 0.337575 0.787135 0.446944 0.610086 0.446944
18 0.169774 0.557891 0.347528 0.557891 0.347528 0.664379 0.169774 0.664379
18 0.608705 0.554568 0.787338 0.554568 0.787338 0.659968 0.608705 0.659968
