13 0.434086 0.192425 0.450547 0.192425 0.450547 0.219003 0.434086 0.219003 0.434086 0.192425
13 0.099926 0.536915 0.116386 0.536915 0.116386 0.563493 0.099926 0.563493 0.099926 0.536915
13 0.871202 0.538140 0.887663 0.538140 0.887663 0.564718 0.871202 0.564718 0.871202 0.538140
13 0.281924 0.837131 0.298385 0.837131 0.298385 0.863709 0.281924 0.863709 0.281924 0.837131
13 0.695079 0.836616 0.711540 0.836616 0.711540 0.863194 0.695079 0.863194 0.695079 0.836616
9 0.108152 0.556849 0.108160 0.543560 0.879437 0.544784 0.879429 0.558073 
9 0.440507 0.211681 0.444127 0.199747 0.881243 0.545461 0.877622 0.557396 
9 0.110371 0.555804 0.105941 0.544604 0.440102 0.200114 0.444531 0.211315 
9 0.105215 0.554852 0.111097 0.545556 0.293095 0.845772 0.287213 0.855068 
9 0.290158 0.857065 0.290151 0.843776 0.703307 0.843260 0.703313 0.856549 
9 0.106931 0.556547 0.109381 0.543861 0.704535 0.843562 0.702084 0.856248 
22 0.460735 0.060414 0.521054 0.060414 0.521054 0.173004 0.460735 0.173004
22 0.032031 0.492872 0.085045 0.492872 0.085045 0.609703 0.032031 0.609703
22 0.898498 0.493958 0.953536 0.493958 0.953536 0.608676 0.898498 0.608676
22 0.213053 0.850830 0.269503 0.850830 0.269503 0.962980 0.213053 0.962980
22 0.709269 0.850276 0.764519 0.850276 0.764519 0.964088 0.709269 0.964088
