13 0.044698 0.571754 0.058635 0.571754 0.058635 0.597395 0.044698 0.597395 0.044698 0.571754
13 0.044057 0.435032 0.057994 0.435032 0.057994 0.460673 0.044057 0.460673 0.044057 0.435032
13 0.246142 0.052210 0.260080 0.052210 0.260080 0.077851 0.246142 0.077851 0.246142 0.052210
13 0.540809 0.433499 0.554746 0.433499 0.554746 0.459140 0.540809 0.459140 0.540809 0.433499
13 0.644698 0.568249 0.658635 0.568249 0.658635 0.593890 0.644698 0.593890 0.644698 0.568249
13 0.925580 0.931965 0.939518 0.931965 0.939518 0.957606 0.925580 0.957606 0.925580 0.931965
13 0.944698 0.571754 0.958635 0.571754 0.958635 0.597395 0.944698 0.597395 0.944698 0.571754
13 0.944826 0.434088 0.958764 0.434088 0.958764 0.459729 0.944826 0.459729 0.944826 0.434088
9 0.251106 0.070273 0.255117 0.059789 0.934554 0.939543 0.930544 0.950027 
9 0.051028 0.454263 0.051024 0.441443 0.951793 0.440499 0.951797 0.453319 
9 0.051667 0.590985 0.051667 0.578165 0.951667 0.578165 0.951667 0.590985 
18 0.153919 0.274929 0.421901 0.274929 0.421901 0.437036 0.153919 0.437036
18 0.763403 0.605357 0.855927 0.605357 0.855927 0.722838 0.763403 0.722838
10 0.718171 0.539685 0.783704 0.539685 0.783704 0.623368 0.718171 0.623368
10 0.717410 0.401460 0.784202 0.401460 0.784202 0.485021 0.717410 0.485021
