13 0.034074 0.263307 0.055351 0.263307 0.055351 0.304332 0.034074 0.304332 0.034074 0.263307
13 0.814362 0.901190 0.835638 0.901190 0.835638 0.942216 0.814362 0.942216 0.814362 0.901190
13 0.813683 0.262488 0.834959 0.262488 0.834959 0.303514 0.813683 0.303514 0.813683 0.262488
9 0.044716 0.294076 0.044710 0.273563 0.824318 0.272745 0.824324 0.293257 
9 0.819002 0.283022 0.829640 0.282980 0.830319 0.921682 0.819681 0.921724 
9 0.042636 0.293262 0.046789 0.274377 0.827076 0.912261 0.822924 0.931146 
12 0.755696 0.252183 0.839008 0.252183 0.839008 0.412841 0.755696 0.412841
19 0.417035 0.081575 0.501753 0.081575 0.501753 0.222572 0.417035 0.222572
19 0.865681 0.559540 0.951292 0.559540 0.951292 0.699708 0.865681 0.699708
19 0.359166 0.683966 0.410444 0.683966 0.410444 0.797495 0.359166 0.797495
