13 0.521213 0.110883 0.540125 0.110883 0.540125 0.139974 0.521213 0.139974 0.521213 0.110883
13 0.791170 0.214026 0.810082 0.214026 0.810082 0.243117 0.791170 0.243117 0.791170 0.214026
13 0.588231 0.525455 0.607143 0.525455 0.607143 0.554545 0.588231 0.554545 0.588231 0.525455
13 0.014707 0.525455 0.033620 0.525455 0.033620 0.554545 0.014707 0.554545 0.014707 0.525455
13 0.253172 0.525286 0.272085 0.525286 0.272085 0.554377 0.253172 0.554377 0.253172 0.525286
13 0.908368 0.525003 0.927281 0.525003 0.927281 0.554094 0.908368 0.554094 0.908368 0.525003
13 0.051262 0.836248 0.070175 0.836248 0.070175 0.865339 0.051262 0.865339 0.051262 0.836248
13 0.320961 0.937387 0.339874 0.937387 0.339874 0.966478 0.320961 0.966478 0.320961 0.937387
9 0.527320 0.120295 0.534018 0.130562 0.064068 0.855927 0.057370 0.845660 
9 0.024165 0.547273 0.024162 0.532727 0.917823 0.532276 0.917826 0.546822 
9 0.797283 0.223429 0.803970 0.233714 0.333761 0.957075 0.327074 0.946791 
20 0.526268 0.020537 0.578469 0.020537 0.578469 0.108648 0.526268 0.108648
20 0.805800 0.084323 0.863355 0.084323 0.863355 0.212650 0.805800 0.212650
16 0.205442 0.398743 0.251856 0.398743 0.251856 0.509148 0.205442 0.509148
16 0.355795 0.399975 0.406431 0.399975 0.406431 0.510835 0.355795 0.510835
16 0.552966 0.398530 0.603847 0.398530 0.603847 0.510423 0.552966 0.510423
16 0.687794 0.399916 0.738491 0.399916 0.738491 0.507732 0.687794 0.507732
20 0.934297 0.487460 0.981933 0.487460 0.981933 0.577889 0.934297 0.577889
16 0.104115 0.558305 0.155589 0.558305 0.155589 0.671551 0.104115 0.671551
16 0.260665 0.560246 0.312702 0.560246 0.312702 0.672459 0.260665 0.672459
16 0.449132 0.558331 0.498378 0.558331 0.498378 0.667599 0.449132 0.667599
16 0.606195 0.559512 0.657982 0.559512 0.657982 0.672706 0.606195 0.672706
