13 0.055691 0.607864 0.077851 0.607864 0.077851 0.666258 0.055691 0.666258 0.055691 0.607864
13 0.278549 0.172882 0.300710 0.172882 0.300710 0.231276 0.278549 0.231276 0.278549 0.172882
13 0.356506 0.606012 0.378667 0.606012 0.378667 0.664406 0.356506 0.664406 0.356506 0.606012
13 0.510586 0.606768 0.532747 0.606768 0.532747 0.665162 0.510586 0.665162 0.510586 0.606768
13 0.903758 0.606060 0.925919 0.606060 0.925919 0.664455 0.903758 0.664455 0.903758 0.606060
13 0.801868 0.038279 0.824029 0.038279 0.824029 0.096673 0.801868 0.096673 0.801868 0.038279
9 0.070068 0.648792 0.063473 0.625331 0.286332 0.190348 0.292927 0.213810 
9 0.284624 0.208335 0.294635 0.195824 0.372592 0.628953 0.362580 0.641464 
9 0.066784 0.651660 0.066758 0.622463 0.367573 0.620610 0.367599 0.649807 
9 0.524964 0.647696 0.518369 0.624234 0.809651 0.055745 0.816246 0.079208 
9 0.521670 0.650563 0.521663 0.621366 0.914835 0.620659 0.914842 0.649856 
9 0.807940 0.073717 0.817957 0.061236 0.919847 0.629017 0.909830 0.641498 
19 0.025992 0.215172 0.175264 0.215172 0.175264 0.392312 0.025992 0.392312
17 0.045268 0.725881 0.367044 0.725881 0.367044 0.940064 0.045268 0.940064
19 0.549701 0.166353 0.664713 0.166353 0.664713 0.336963 0.549701 0.336963
17 0.536513 0.728195 0.896771 0.728195 0.896771 0.949761 0.536513 0.949761
