13 0.781178 0.087921 0.807068 0.087921 0.807068 0.118809 0.781178 0.118809 0.781178 0.087921
13 0.230717 0.177864 0.256607 0.177864 0.256607 0.208752 0.230717 0.208752 0.230717 0.177864
13 0.413167 0.444440 0.439057 0.444440 0.439057 0.475328 0.413167 0.475328 0.413167 0.444440
13 0.128571 0.721970 0.154461 0.721970 0.154461 0.752858 0.128571 0.752858 0.128571 0.721970
9 0.145603 0.743402 0.137429 0.731426 0.790036 0.097377 0.798210 0.109352 
9 0.244540 0.200959 0.242784 0.185658 0.793245 0.095714 0.795001 0.111015 
9 0.237346 0.191621 0.249978 0.194996 0.147832 0.739102 0.135200 0.735726 
9 0.238649 0.198192 0.248675 0.188424 0.431126 0.455000 0.421099 0.464768 
19 0.433657 0.023166 0.543689 0.023166 0.543689 0.135135 0.433657 0.135135
8 0.796117 0.154440 0.870550 0.154440 0.870550 0.235521 0.796117 0.235521
0 0.288026 0.166023 0.339806 0.166023 0.339806 0.281853 0.288026 0.281853
0 0.220065 0.243243 0.291262 0.243243 0.291262 0.289575 0.220065 0.289575
19 0.061489 0.378378 0.168285 0.378378 0.168285 0.494208 0.061489 0.494208
19 0.478964 0.436293 0.585761 0.436293 0.585761 0.555985 0.478964 0.555985
19 0.284790 0.586873 0.346278 0.586873 0.346278 0.675676 0.284790 0.675676
8 0.174757 0.749035 0.249191 0.749035 0.249191 0.845560 0.174757 0.845560
1 0.595469 0.162162 0.867314 0.162162 0.867314 0.424710 0.595469 0.424710
1 0.168285 0.552124 0.459547 0.552124 0.459547 0.853282 0.168285 0.853282
