13 0.145123 0.113110 0.164877 0.113110 0.164877 0.130577 0.145123 0.130577 0.145123 0.113110
13 0.144409 0.478640 0.164162 0.478640 0.164162 0.496107 0.144409 0.496107 0.144409 0.478640
13 0.858695 0.478640 0.878448 0.478640 0.878448 0.496107 0.858695 0.496107 0.858695 0.478640
13 0.144409 0.844802 0.164162 0.844802 0.164162 0.862269 0.144409 0.862269 0.144409 0.844802
9 0.156762 0.857313 0.151809 0.849757 0.866095 0.483596 0.871048 0.491152 
9 0.150062 0.121840 0.159938 0.121847 0.159224 0.853539 0.149347 0.853532 
9 0.152525 0.125622 0.157475 0.118065 0.871047 0.483595 0.866096 0.491152 
9 0.154286 0.491741 0.154286 0.483007 0.868571 0.483007 0.868571 0.491741 
22 0.056294 0.060594 0.123861 0.060594 0.123861 0.134999 0.056294 0.134999
18 0.170234 0.197932 0.290030 0.197932 0.290030 0.270491 0.170234 0.270491
18 0.569899 0.403160 0.692361 0.403160 0.692361 0.474415 0.569899 0.474415
12 0.137260 0.401251 0.252249 0.401251 0.252249 0.503428 0.137260 0.503428
22 0.056073 0.446382 0.123514 0.446382 0.123514 0.522560 0.056073 0.522560
22 0.880259 0.450803 0.950605 0.450803 0.950605 0.525052 0.880259 0.525052
22 0.050687 0.841033 0.124751 0.841033 0.124751 0.915177 0.050687 0.915177
19 0.061036 0.627413 0.123770 0.627413 0.123770 0.688401 0.061036 0.688401
19 0.063725 0.278291 0.127485 0.278291 0.127485 0.338752 0.063725 0.338752
