13 0.173735 0.692222 0.189360 0.692222 0.189360 0.712222 0.173735 0.712222 0.173735 0.692222
13 0.502009 0.918571 0.517634 0.918571 0.517634 0.938571 0.502009 0.938571 0.502009 0.918571
13 0.815848 0.690000 0.831473 0.690000 0.831473 0.710000 0.815848 0.710000 0.815848 0.690000
13 0.501674 0.692143 0.517299 0.692143 0.517299 0.712143 0.501674 0.712143 0.501674 0.692143
13 0.501116 0.227143 0.516741 0.227143 0.516741 0.247143 0.501116 0.247143 0.501116 0.227143
13 0.502009 0.061429 0.517634 0.061429 0.517634 0.081429 0.502009 0.081429 0.502009 0.061429
9 0.506027 0.233796 0.511831 0.240490 0.184450 0.705569 0.178646 0.698875 
9 0.181558 0.707222 0.181537 0.697222 0.823650 0.695000 0.823671 0.705000 
9 0.505982 0.240425 0.511875 0.233860 0.826607 0.696717 0.820714 0.703283 
9 0.505915 0.066429 0.513728 0.066429 0.513728 0.933571 0.505915 0.933571 
12 0.496768 0.606088 0.581824 0.606088 0.581824 0.717764 0.496768 0.717764
2 0.624694 0.636298 0.670360 0.636298 0.670360 0.765286 0.624694 0.765286
2 0.342095 0.635105 0.387992 0.635105 0.387992 0.765318 0.342095 0.765318
19 0.679802 0.363077 0.762282 0.363077 0.762282 0.463430 0.679802 0.463430
22 0.409348 0.721815 0.481944 0.721815 0.481944 0.830283 0.409348 0.830283
22 0.408996 0.150397 0.481425 0.150397 0.481425 0.258761 0.408996 0.258761
22 0.823993 0.719833 0.895310 0.719833 0.895310 0.828524 0.823993 0.828524
22 0.081504 0.718967 0.176208 0.718967 0.176208 0.829412 0.081504 0.829412
