13 0.271414 0.167822 0.304609 0.167822 0.304609 0.205205 0.271414 0.205205 0.271414 0.167822
13 0.519350 0.254103 0.552545 0.254103 0.552545 0.291486 0.519350 0.291486 0.519350 0.254103
13 0.765859 0.336572 0.799054 0.336572 0.799054 0.373955 0.765859 0.373955 0.765859 0.336572
13 0.276304 0.457003 0.309499 0.457003 0.309499 0.494386 0.276304 0.494386 0.276304 0.457003
13 0.462569 0.454746 0.495764 0.454746 0.495764 0.492129 0.462569 0.492129 0.462569 0.454746
13 0.283402 0.750058 0.316598 0.750058 0.316598 0.787442 0.283402 0.787442 0.283402 0.750058
9 0.285605 0.195457 0.290419 0.177569 0.784863 0.346319 0.780049 0.364207 
9 0.275348 0.187082 0.291940 0.186611 0.304946 0.767584 0.288353 0.768055 
9 0.528041 0.269956 0.543855 0.275632 0.487074 0.476275 0.471260 0.470600 
9 0.292991 0.485040 0.292812 0.466349 0.479077 0.464092 0.479256 0.482783 
3 0.798328 0.470819 0.781009 0.587698 0.730930 0.691912 0.653517 0.772167 0.557159 0.819766 0.452299 0.829551 0.350298 0.800462 0.262212 0.735651 0.197584 0.642142 0.163419 0.530067 0.163419 0.411571 0.197584 0.299496 0.262212 0.205987 0.350298 0.141176 0.452299 0.112087 0.557159 0.121872 0.653517 0.169471 0.730930 0.249726 0.781009 0.353940 0.798328 0.470819
2 0.510373 0.056075 0.564315 0.056075 0.564315 0.172897 0.510373 0.172897
22 0.207469 0.084112 0.282158 0.084112 0.282158 0.191589 0.207469 0.191589
22 0.522822 0.144860 0.609959 0.144860 0.609959 0.252336 0.522822 0.252336
12 0.435685 0.233645 0.543568 0.233645 0.543568 0.355140 0.435685 0.355140
22 0.788382 0.285047 0.867220 0.285047 0.867220 0.392523 0.788382 0.392523
12 0.278008 0.378505 0.377593 0.378505 0.377593 0.490654 0.278008 0.490654
2 0.116183 0.425234 0.211618 0.425234 0.211618 0.481308 0.116183 0.481308
22 0.203320 0.406542 0.278008 0.406542 0.278008 0.518692 0.203320 0.518692
22 0.485477 0.471963 0.572614 0.471963 0.572614 0.584112 0.485477 0.584112
22 0.219917 0.780374 0.307054 0.780374 0.307054 0.887850 0.219917 0.887850
