13 0.058266 0.460113 0.075734 0.460113 0.075734 0.490764 0.058266 0.490764 0.058266 0.460113
13 0.764600 0.820932 0.782067 0.820932 0.782067 0.851583 0.764600 0.851583 0.764600 0.820932
13 0.764229 0.459983 0.781697 0.459983 0.781697 0.490634 0.764229 0.490634 0.764229 0.459983
13 0.764600 0.130873 0.782067 0.130873 0.782067 0.161525 0.764600 0.161525 0.764600 0.130873
9 0.068121 0.482845 0.065879 0.468033 0.772212 0.138793 0.774454 0.153605 
9 0.067000 0.483101 0.067000 0.467776 0.772963 0.467646 0.772963 0.482971 
9 0.065779 0.482796 0.068221 0.468081 0.774554 0.828900 0.772113 0.843615 
9 0.768967 0.138536 0.777700 0.138536 0.777700 0.843920 0.768967 0.843920 
12 0.716869 0.453619 0.782844 0.453619 0.782844 0.571611 0.716869 0.571611
19 0.780628 0.240087 0.920051 0.240087 0.920051 0.345773 0.780628 0.345773
19 0.783989 0.593741 0.985537 0.593741 0.985537 0.709779 0.783989 0.709779
18 0.534183 0.341219 0.760154 0.341219 0.760154 0.463281 0.534183 0.463281
22 0.021703 0.497076 0.080215 0.497076 0.080215 0.608828 0.021703 0.608828
22 0.743179 0.851745 0.801663 0.851745 0.801663 0.962804 0.743179 0.962804
22 0.781084 0.414460 0.839096 0.414460 0.839096 0.526552 0.781084 0.526552
22 0.743994 0.014442 0.806451 0.014442 0.806451 0.126878 0.743994 0.126878
