13 0.376972 0.166459 0.405240 0.166459 0.405240 0.204921 0.376972 0.204921 0.376972 0.166459
13 0.263992 0.457085 0.292261 0.457085 0.292261 0.495547 0.263992 0.495547 0.263992 0.457085
13 0.817107 0.455769 0.845375 0.455769 0.845375 0.494231 0.817107 0.494231 0.817107 0.455769
13 0.364595 0.742372 0.392864 0.742372 0.392864 0.780833 0.364595 0.780833 0.364595 0.742372
9 0.380017 0.192684 0.386105 0.175328 0.834285 0.466322 0.828197 0.483678 
9 0.386053 0.768630 0.380070 0.751207 0.828249 0.466289 0.834233 0.483711 
3 0.512386 0.473162 0.499536 0.577936 0.462378 0.671357 0.404939 0.743300 0.333442 0.785969 0.255637 0.794741 0.179954 0.768664 0.114595 0.710566 0.066642 0.626741 0.041292 0.526274 0.041292 0.420051 0.066642 0.319584 0.114595 0.235759 0.179954 0.177660 0.255637 0.151584 0.333442 0.160356 0.404939 0.203025 0.462378 0.274968 0.499536 0.368388 0.512386 0.473162
22 0.356890 0.033654 0.424028 0.033654 0.424028 0.144231 0.356890 0.144231
22 0.837456 0.413462 0.904594 0.413462 0.904594 0.528846 0.837456 0.528846
22 0.183746 0.423077 0.247350 0.423077 0.247350 0.538462 0.183746 0.538462
22 0.339223 0.798077 0.416961 0.798077 0.416961 0.913462 0.339223 0.913462
19 0.586572 0.192308 0.809187 0.192308 0.809187 0.307692 0.586572 0.307692
19 0.583039 0.639423 0.805654 0.639423 0.805654 0.754808 0.583039 0.754808
