13 0.594245 0.197122 0.605755 0.197122 0.605755 0.227657 0.594245 0.227657 0.594245 0.197122
13 0.937578 0.197122 0.949089 0.197122 0.949089 0.227657 0.937578 0.227657 0.937578 0.197122
13 0.149699 0.387790 0.161210 0.387790 0.161210 0.418324 0.149699 0.418324 0.149699 0.387790
13 0.377578 0.385491 0.389089 0.385491 0.389089 0.416026 0.377578 0.416026 0.377578 0.385491
13 0.058689 0.773327 0.070200 0.773327 0.070200 0.803861 0.058689 0.803861 0.058689 0.773327
13 0.287161 0.773450 0.298672 0.773450 0.298672 0.803984 0.287161 0.803984 0.287161 0.773450
13 0.457161 0.773450 0.468672 0.773450 0.468672 0.803984 0.457161 0.803984 0.457161 0.773450
13 0.801328 0.773450 0.812839 0.773450 0.812839 0.803984 0.801328 0.803984 0.801328 0.773450
9 0.462917 0.796350 0.462917 0.781083 0.807083 0.781083 0.807083 0.796350 
9 0.940895 0.208334 0.945771 0.216445 0.809521 0.792772 0.804645 0.784661 
9 0.600000 0.220023 0.600000 0.204756 0.943333 0.204756 0.943333 0.220023 
9 0.597566 0.208316 0.602434 0.216463 0.465350 0.792790 0.460483 0.784643 
9 0.380886 0.396744 0.385781 0.404773 0.295364 0.792731 0.290469 0.784703 
9 0.064444 0.796227 0.064445 0.780960 0.292917 0.781083 0.292916 0.796350 
9 0.153016 0.399006 0.157894 0.407108 0.066883 0.792645 0.062005 0.784543 
9 0.155465 0.410691 0.155444 0.395424 0.383322 0.393125 0.383344 0.408392 
19 0.739207 0.054610 0.772507 0.054610 0.772507 0.174786 0.739207 0.174786
22 0.945275 0.057085 0.993318 0.057085 0.993318 0.186419 0.945275 0.186419
22 0.561514 0.090174 0.602835 0.090174 0.602835 0.216266 0.561514 0.216266
4 0.570691 0.202496 0.660339 0.202496 0.660339 0.350026 0.570691 0.350026
0 0.888146 0.195826 0.921008 0.195826 0.921008 0.335910 0.888146 0.335910
19 0.246298 0.240329 0.279383 0.240329 0.279383 0.360863 0.246298 0.360863
22 0.118956 0.239188 0.162402 0.239188 0.162402 0.367993 0.118956 0.367993
22 0.393121 0.270054 0.438918 0.270054 0.438918 0.400064 0.393121 0.400064
19 0.475254 0.286473 0.517049 0.286473 0.517049 0.529866 0.475254 0.529866
4 0.126200 0.388178 0.215451 0.388178 0.215451 0.537851 0.126200 0.537851
0 0.326279 0.387871 0.360707 0.387871 0.360707 0.520497 0.326279 0.520497
19 0.066131 0.478397 0.097644 0.478397 0.097644 0.598684 0.066131 0.598684
19 0.888540 0.453665 0.930774 0.453665 0.930774 0.693029 0.888540 0.693029
19 0.345780 0.578710 0.377346 0.578710 0.377346 0.699525 0.345780 0.699525
4 0.753525 0.644384 0.839224 0.644384 0.839224 0.803541 0.753525 0.803541
0 0.084982 0.662553 0.119351 0.662553 0.119351 0.803741 0.084982 0.803741
4 0.235134 0.646420 0.322961 0.646420 0.322961 0.801443 0.235134 0.801443
0 0.484469 0.667580 0.518826 0.667580 0.518826 0.804536 0.484469 0.804536
22 0.015270 0.811319 0.060421 0.811319 0.060421 0.939351 0.015270 0.939351
19 0.171319 0.825114 0.204732 0.825114 0.204732 0.945344 0.171319 0.945344
22 0.288815 0.813785 0.334799 0.813785 0.334799 0.942516 0.288815 0.942516
22 0.406529 0.807278 0.451880 0.807278 0.451880 0.939169 0.406529 0.939169
19 0.619818 0.825877 0.653237 0.825877 0.653237 0.947066 0.619818 0.947066
22 0.802489 0.821405 0.849930 0.821405 0.849930 0.950125 0.802489 0.950125
