13 0.475030 0.505013 0.490716 0.505013 0.490716 0.521273 0.475030 0.521273 0.475030 0.505013
13 0.796577 0.505013 0.812263 0.505013 0.812263 0.521273 0.796577 0.521273 0.796577 0.505013
13 0.472820 0.171870 0.488506 0.171870 0.488506 0.188130 0.472820 0.188130 0.472820 0.171870
13 0.246301 0.269013 0.261987 0.269013 0.261987 0.285273 0.246301 0.285273 0.246301 0.269013
13 0.474398 0.837584 0.490085 0.837584 0.490085 0.853844 0.474398 0.853844 0.474398 0.837584
13 0.703286 0.740441 0.718972 0.740441 0.718972 0.756702 0.703286 0.756702 0.703286 0.740441
9 0.251377 0.280024 0.256910 0.274262 0.713895 0.745690 0.708362 0.751453 
9 0.476741 0.180010 0.484585 0.179990 0.486163 0.845704 0.478320 0.845724 
9 0.482873 0.517208 0.482873 0.509078 0.804420 0.509078 0.804420 0.517208 
3 0.802596 0.510736 0.785171 0.618980 0.734784 0.715494 0.656894 0.789819 0.559944 0.833902 0.454438 0.842964 0.351810 0.816024 0.263181 0.756002 0.198156 0.669401 0.163781 0.565606 0.163781 0.455866 0.198156 0.352071 0.263181 0.265470 0.351810 0.205448 0.454438 0.178508 0.559944 0.187570 0.656894 0.231652 0.734784 0.305978 0.785171 0.402492 0.802596 0.510736
12 0.467844 0.436191 0.553661 0.436191 0.553661 0.524866 0.467844 0.524866
22 0.718356 0.748678 0.796320 0.748678 0.796320 0.840098 0.718356 0.840098
18 0.349556 0.290828 0.468948 0.290828 0.468948 0.381863 0.349556 0.381863
22 0.173303 0.187497 0.252304 0.187497 0.252304 0.276839 0.173303 0.276839
22 0.435812 0.864614 0.519349 0.864614 0.519349 0.956703 0.435812 0.956703
22 0.450615 0.072173 0.507522 0.072173 0.507522 0.161395 0.450615 0.161395
22 0.818905 0.477342 0.887359 0.477342 0.887359 0.566560 0.818905 0.566560
22 0.393559 0.498495 0.457819 0.498495 0.457819 0.589510 0.393559 0.589510
