13 0.856868 0.064188 0.879214 0.064188 0.879214 0.088955 0.856868 0.088955 0.856868 0.064188
13 0.530064 0.380949 0.552410 0.380949 0.552410 0.405717 0.530064 0.405717 0.530064 0.380949
13 0.902671 0.784759 0.925017 0.784759 0.925017 0.809527 0.902671 0.809527 0.902671 0.784759
13 0.037796 0.859045 0.060142 0.859045 0.060142 0.883812 0.037796 0.883812 0.037796 0.859045
9 0.052649 0.876087 0.045289 0.866770 0.864361 0.071913 0.871721 0.081230 
9 0.862468 0.077007 0.873614 0.076136 0.919417 0.796708 0.908271 0.797578 
9 0.537331 0.397761 0.545143 0.388906 0.917750 0.792716 0.909938 0.801570 
9 0.049401 0.877602 0.048537 0.865255 0.913412 0.790969 0.914276 0.803316 
19 0.617312 0.148220 0.681007 0.148220 0.681007 0.244393 0.617312 0.244393
19 0.904080 0.379716 0.965121 0.379716 0.965121 0.476644 0.904080 0.476644
19 0.260347 0.526534 0.320265 0.526534 0.320265 0.605856 0.260347 0.605856
0 0.846342 0.687409 0.914803 0.687409 0.914803 0.741079 0.846342 0.741079
0 0.792742 0.707305 0.845507 0.707305 0.845507 0.817223 0.792742 0.817223
19 0.404974 0.849504 0.615792 0.849504 0.615792 0.946443 0.404974 0.946443
