13 0.096904 0.869323 0.116042 0.869323 0.116042 0.897895 0.096904 0.897895 0.096904 0.869323
13 0.887408 0.867302 0.906547 0.867302 0.906547 0.895873 0.887408 0.895873 0.887408 0.867302
13 0.848668 0.482857 0.867807 0.482857 0.867807 0.511429 0.848668 0.511429 0.848668 0.482857
13 0.810354 0.100000 0.829493 0.100000 0.829493 0.128571 0.810354 0.128571 0.810354 0.100000
13 0.230398 0.098797 0.249537 0.098797 0.249537 0.127368 0.230398 0.127368 0.230398 0.098797
13 0.163036 0.482286 0.182175 0.482286 0.182175 0.510857 0.163036 0.510857 0.163036 0.482286
9 0.106481 0.890752 0.106465 0.876466 0.896969 0.874444 0.896986 0.888730 
9 0.815192 0.115345 0.824655 0.113227 0.901709 0.880528 0.892246 0.882646 
9 0.239961 0.120226 0.239974 0.105940 0.819930 0.107143 0.819917 0.121429 
9 0.235335 0.111294 0.244600 0.114871 0.111105 0.885398 0.101841 0.881820 
9 0.172603 0.503714 0.172608 0.489429 0.858240 0.490000 0.858235 0.504286 
22 0.153827 0.050610 0.215274 0.050610 0.215274 0.169176 0.153827 0.169176
10 0.498104 0.059921 0.563510 0.059921 0.563510 0.161690 0.498104 0.161690
22 0.835718 0.050387 0.896827 0.050387 0.896827 0.169893 0.835718 0.169893
2 0.157461 0.261056 0.254057 0.261056 0.254057 0.344010 0.157461 0.344010
5 0.785281 0.247322 0.890668 0.247322 0.890668 0.360692 0.785281 0.360692
22 0.877773 0.432945 0.948146 0.432945 0.948146 0.551745 0.877773 0.551745
22 0.070615 0.435631 0.152637 0.435631 0.152637 0.554759 0.070615 0.554759
2 0.092124 0.632507 0.187938 0.632507 0.187938 0.714728 0.092124 0.714728
5 0.822746 0.624702 0.927228 0.624702 0.927228 0.740995 0.822746 0.740995
22 0.024440 0.816994 0.090151 0.816994 0.090151 0.934976 0.024440 0.934976
22 0.906574 0.816029 0.968886 0.816029 0.968886 0.933664 0.906574 0.933664
10 0.497475 0.829926 0.564840 0.829926 0.564840 0.932489 0.497475 0.932489
