13 0.710822 0.046713 0.735901 0.046713 0.735901 0.069702 0.710822 0.069702 0.710822 0.046713
13 0.277665 0.316479 0.302743 0.316479 0.302743 0.339467 0.277665 0.339467 0.277665 0.316479
13 0.858889 0.403614 0.883968 0.403614 0.883968 0.426603 0.858889 0.426603 0.858889 0.403614
13 0.541747 0.511019 0.566825 0.511019 0.566825 0.534007 0.541747 0.534007 0.541747 0.511019
13 0.224604 0.622014 0.249682 0.622014 0.249682 0.645002 0.224604 0.645002 0.224604 0.622014
13 0.630127 0.809797 0.655206 0.809797 0.655206 0.832786 0.630127 0.832786 0.630127 0.809797
9 0.717501 0.060250 0.729221 0.056165 0.877289 0.413066 0.865568 0.417151 
9 0.289192 0.333645 0.291216 0.322301 0.872440 0.409437 0.870417 0.420780 
9 0.286277 0.332453 0.294131 0.323493 0.558213 0.518033 0.550358 0.526993 
9 0.239347 0.638888 0.234938 0.628128 0.869224 0.409728 0.873633 0.420489 
9 0.865858 0.412472 0.877000 0.417745 0.648238 0.823928 0.637096 0.818655 
3 0.891631 0.522232 0.873275 0.623069 0.820195 0.712979 0.738143 0.782219 0.636011 0.823284 0.524867 0.831727 0.416754 0.806630 0.323389 0.750715 0.254889 0.670040 0.218677 0.573348 0.218677 0.471116 0.254889 0.374424 0.323389 0.293749 0.416754 0.237834 0.524867 0.212737 0.636011 0.221180 0.738143 0.262245 0.820195 0.331485 0.873275 0.421395 0.891631 0.522232
18 0.627324 0.267348 0.739060 0.267348 0.739060 0.367219 0.627324 0.367219
18 0.575565 0.388198 0.680867 0.388198 0.680867 0.480723 0.575565 0.480723
18 0.678101 0.482704 0.781543 0.482704 0.781543 0.579649 0.678101 0.579649
18 0.348342 0.849946 0.512185 0.849946 0.512185 0.949021 0.348342 0.949021
18 0.038693 0.397888 0.197052 0.397888 0.197052 0.500287 0.038693 0.500287
0 0.739812 0.281609 0.836991 0.281609 0.836991 0.405172 0.739812 0.405172
1 0.658307 0.390805 0.824451 0.390805 0.824451 0.454023 0.658307 0.454023
1 0.711599 0.318966 0.852665 0.318966 0.852665 0.405172 0.711599 0.405172
7 0.761755 0.341954 0.852665 0.341954 0.852665 0.399425 0.761755 0.399425
7 0.733542 0.402299 0.821317 0.402299 0.821317 0.451149 0.733542 0.451149
