13 0.701677 0.050004 0.724086 0.050004 0.724086 0.078885 0.701677 0.078885 0.701677 0.050004
13 0.929338 0.215560 0.951747 0.215560 0.951747 0.244440 0.929338 0.244440 0.929338 0.215560
13 0.162924 0.240013 0.185333 0.240013 0.185333 0.268894 0.162924 0.268894 0.162924 0.240013
13 0.810698 0.496512 0.833107 0.496512 0.833107 0.525393 0.810698 0.525393 0.810698 0.496512
13 0.423751 0.872131 0.446160 0.872131 0.446160 0.901012 0.423751 0.901012 0.423751 0.872131
13 0.046096 0.899274 0.068505 0.899274 0.068505 0.928155 0.046096 0.928155 0.046096 0.899274
9 0.168666 0.252846 0.179590 0.256061 0.062762 0.915322 0.051839 0.912107 
9 0.175607 0.261418 0.172649 0.247490 0.711402 0.057480 0.714360 0.071409 
9 0.710128 0.070733 0.715634 0.058156 0.943295 0.223712 0.937789 0.236288 
9 0.935621 0.226549 0.945463 0.233451 0.826823 0.514404 0.816982 0.507501 
9 0.438326 0.892339 0.431585 0.880804 0.818532 0.505185 0.825273 0.516720 
9 0.057613 0.920923 0.056989 0.906505 0.434644 0.879362 0.435268 0.893780 
18 0.769004 0.219358 0.904639 0.219358 0.904639 0.337634 0.769004 0.337634
16 0.095866 0.765979 0.153508 0.765979 0.153508 0.883053 0.095866 0.883053
18 0.607080 0.129576 0.782902 0.129576 0.782902 0.247644 0.607080 0.247644
18 0.187134 0.270395 0.362206 0.270395 0.362206 0.388918 0.187134 0.388918
18 0.643117 0.412569 0.818503 0.412569 0.818503 0.531070 0.643117 0.531070
18 0.328253 0.727206 0.502811 0.727206 0.502811 0.842024 0.328253 0.842024
