13 0.088440 0.121903 0.109274 0.121903 0.109274 0.155516 0.088440 0.155516 0.088440 0.121903
13 0.686726 0.121903 0.707560 0.121903 0.707560 0.155516 0.686726 0.155516 0.686726 0.121903
13 0.869891 0.120662 0.890724 0.120662 0.890724 0.154276 0.869891 0.154276 0.869891 0.120662
13 0.175833 0.700935 0.196667 0.700935 0.196667 0.734549 0.175833 0.734549 0.175833 0.700935
13 0.495536 0.846939 0.516369 0.846939 0.516369 0.880552 0.495536 0.880552 0.495536 0.846939
9 0.097338 0.139856 0.097354 0.123049 0.881705 0.125050 0.881688 0.141857 
9 0.094716 0.142078 0.102457 0.130831 0.509870 0.860736 0.502130 0.871983 
9 0.878310 0.130085 0.886323 0.140824 0.510006 0.871729 0.501994 0.860990 
9 0.692347 0.135430 0.701938 0.141989 0.510795 0.869639 0.501205 0.863080 
9 0.091053 0.136487 0.101160 0.132421 0.191304 0.715709 0.181196 0.719775 
9 0.184808 0.725817 0.187692 0.709667 0.507442 0.858284 0.504558 0.874434 
22 0.669271 0.025210 0.723958 0.025210 0.723958 0.121849 0.669271 0.121849
22 0.031250 0.079832 0.085938 0.079832 0.085938 0.180672 0.031250 0.180672
22 0.882812 0.079832 0.934896 0.079832 0.934896 0.180672 0.882812 0.180672
18 0.148438 0.147059 0.234375 0.147059 0.234375 0.239496 0.148438 0.239496
18 0.695312 0.142857 0.804688 0.142857 0.804688 0.239496 0.695312 0.239496
18 0.187500 0.617647 0.299479 0.617647 0.299479 0.718487 0.187500 0.718487
7 0.549479 0.668067 0.578125 0.668067 0.578125 0.718487 0.549479 0.718487
22 0.109375 0.676471 0.169271 0.676471 0.169271 0.777311 0.109375 0.777311
18 0.315104 0.684874 0.403646 0.684874 0.403646 0.781513 0.315104 0.781513
18 0.619792 0.680672 0.703125 0.680672 0.703125 0.777311 0.619792 0.777311
22 0.502604 0.836134 0.559896 0.836134 0.559896 0.936975 0.502604 0.936975
