13 0.463656 0.067648 0.484989 0.067648 0.484989 0.088924 0.463656 0.088924 0.463656 0.067648
13 0.100762 0.277933 0.122095 0.277933 0.122095 0.299210 0.100762 0.299210 0.100762 0.277933
13 0.461505 0.484815 0.482839 0.484815 0.482839 0.506091 0.461505 0.506091 0.461505 0.484815
13 0.100762 0.693362 0.122095 0.693362 0.122095 0.714638 0.100762 0.714638 0.100762 0.693362
13 0.461022 0.901569 0.482355 0.901569 0.482355 0.922846 0.461022 0.922846 0.461022 0.901569
9 0.109274 0.292003 0.114640 0.282809 0.474855 0.491928 0.469489 0.501122 
9 0.469520 0.491910 0.474824 0.501140 0.114609 0.707043 0.109305 0.697813 
9 0.106624 0.698181 0.117290 0.698181 0.117290 0.292725 0.106624 0.292725 
9 0.466839 0.081496 0.477505 0.081510 0.476430 0.912627 0.465763 0.912613 
3 0.888848 0.497561 0.866287 0.632403 0.801048 0.752633 0.700201 0.845222 0.574675 0.900137 0.438072 0.911426 0.305195 0.877866 0.190443 0.803095 0.106252 0.695214 0.061745 0.565914 0.061745 0.429207 0.106252 0.299908 0.190443 0.192027 0.305195 0.117255 0.438072 0.083696 0.574675 0.094985 0.700201 0.149899 0.801048 0.242488 0.866287 0.362718 0.888848 0.497561
18 0.602305 0.440805 0.770122 0.440805 0.770122 0.531723 0.602305 0.531723
18 0.271182 0.462058 0.402028 0.462058 0.402028 0.551321 0.271182 0.551321
19 0.484479 0.237096 0.681465 0.237096 0.681465 0.325625 0.484479 0.325625
0 0.451364 0.355536 0.600657 0.355536 0.600657 0.628950 0.451364 0.628950
