13 0.087299 0.666693 0.117374 0.666693 0.117374 0.697463 0.087299 0.697463 0.087299 0.666693
13 0.387197 0.773187 0.417272 0.773187 0.417272 0.803956 0.387197 0.803956 0.387197 0.773187
13 0.261366 0.866792 0.291441 0.866792 0.291441 0.897561 0.261366 0.897561 0.261366 0.866792
13 0.677943 0.876541 0.708018 0.876541 0.708018 0.907310 0.677943 0.907310 0.677943 0.876541
13 0.895577 0.401758 0.925652 0.401758 0.925652 0.432527 0.895577 0.432527 0.895577 0.401758
9 0.280783 0.888429 0.272023 0.875925 0.906235 0.410891 0.914995 0.423395 
9 0.099870 0.689345 0.104803 0.674811 0.695447 0.884659 0.690514 0.899192 
3 0.916240 0.502397 0.893068 0.644466 0.826061 0.771140 0.722483 0.868691 0.593556 0.926549 0.453252 0.938443 0.316776 0.903085 0.198915 0.824306 0.112444 0.710643 0.066731 0.574414 0.066731 0.430381 0.112444 0.294151 0.198915 0.180489 0.316776 0.101710 0.453252 0.066352 0.593556 0.078246 0.722483 0.136103 0.826061 0.233655 0.893068 0.360328 0.916240 0.502397
19 0.244513 0.757108 0.312744 0.757108 0.312744 0.855731 0.244513 0.855731
19 0.552637 0.745297 0.626217 0.745297 0.626217 0.831735 0.552637 0.831735
19 0.225626 0.610848 0.302061 0.610848 0.302061 0.715787 0.225626 0.715787
19 0.553079 0.483270 0.666072 0.483270 0.666072 0.588345 0.553079 0.588345
