13 0.057397 0.122126 0.071358 0.122126 0.071358 0.140731 0.057397 0.140731 0.057397 0.122126
13 0.881968 0.122841 0.895929 0.122841 0.895929 0.141445 0.881968 0.141445 0.881968 0.122841
13 0.542375 0.682126 0.556337 0.682126 0.556337 0.700731 0.542375 0.700731 0.542375 0.682126
13 0.430787 0.869065 0.444749 0.869065 0.444749 0.887670 0.430787 0.887670 0.430787 0.869065
13 0.704929 0.869983 0.718891 0.869983 0.718891 0.888588 0.704929 0.888588 0.704929 0.869983
9 0.064375 0.136080 0.064380 0.126777 0.888951 0.127492 0.888946 0.136794 
9 0.886231 0.129225 0.891666 0.135061 0.440486 0.881285 0.435050 0.875449 
9 0.437759 0.883018 0.437777 0.873716 0.711919 0.874635 0.711901 0.883937 
9 0.062092 0.134943 0.066664 0.127914 0.714196 0.875771 0.709624 0.882800 
19 0.157355 0.409578 0.310641 0.409578 0.310641 0.495308 0.157355 0.495308
19 0.507982 0.897500 0.633845 0.897500 0.633845 0.979416 0.507982 0.979416
19 0.727712 0.410922 0.879052 0.410922 0.879052 0.495692 0.727712 0.495692
19 0.398376 0.033749 0.552596 0.033749 0.552596 0.117133 0.398376 0.117133
22 0.898481 0.057960 0.957394 0.057960 0.957394 0.158404 0.898481 0.158404
22 0.009154 0.072662 0.056733 0.072662 0.056733 0.160104 0.009154 0.160104
22 0.461658 0.659569 0.510792 0.659569 0.510792 0.746822 0.461658 0.746822
22 0.719961 0.845036 0.766915 0.845036 0.766915 0.936078 0.719961 0.936078
22 0.372451 0.860024 0.423786 0.860024 0.423786 0.950773 0.372451 0.950773
