13 0.565978 0.898172 0.589577 0.898172 0.589577 0.922488 0.565978 0.922488 0.565978 0.898172
13 0.149817 0.900050 0.173416 0.900050 0.173416 0.924366 0.149817 0.924366 0.149817 0.900050
13 0.863842 0.894216 0.887440 0.894216 0.887440 0.918532 0.863842 0.918532 0.863842 0.894216
13 0.600701 0.727366 0.624299 0.727366 0.624299 0.751682 0.600701 0.751682 0.600701 0.727366
13 0.230508 0.494216 0.254107 0.494216 0.254107 0.518532 0.230508 0.518532 0.230508 0.494216
13 0.039391 0.372740 0.062990 0.372740 0.062990 0.397056 0.039391 0.397056 0.039391 0.372740
13 0.040978 0.151924 0.064577 0.151924 0.064577 0.176240 0.040978 0.176240 0.040978 0.151924
13 0.292746 0.183167 0.316345 0.183167 0.316345 0.207483 0.292746 0.207483 0.292746 0.183167
13 0.317566 0.053556 0.341164 0.053556 0.341164 0.077872 0.317566 0.077872 0.317566 0.053556
13 0.697724 0.230699 0.721323 0.230699 0.721323 0.255015 0.697724 0.255015 0.697724 0.230699
13 0.861349 0.251175 0.884948 0.251175 0.884948 0.275491 0.861349 0.275491 0.861349 0.251175
13 0.734127 0.054509 0.757725 0.054509 0.757725 0.078825 0.734127 0.078825 0.734127 0.054509
9 0.052090 0.170119 0.053466 0.158044 0.873836 0.257296 0.872460 0.269371 
9 0.048104 0.390079 0.054277 0.379717 0.878727 0.901193 0.872555 0.911554 
9 0.323585 0.064498 0.335146 0.066930 0.167397 0.913424 0.155836 0.910992 
9 0.740147 0.065444 0.751705 0.067890 0.583557 0.911553 0.571999 0.909107 
10 0.224317 0.315577 0.303768 0.315577 0.303768 0.424411 0.224317 0.424411
10 0.624427 0.387746 0.705166 0.387746 0.705166 0.499473 0.624427 0.499473
16 0.608767 0.263340 0.669289 0.263340 0.669289 0.374681 0.608767 0.374681
16 0.494017 0.717443 0.566141 0.717443 0.566141 0.829743 0.494017 0.829743
18 0.240200 0.623781 0.391580 0.623781 0.391580 0.732966 0.240200 0.732966
18 0.363046 0.069347 0.518371 0.069347 0.518371 0.175456 0.363046 0.175456
