13 0.214983 0.122646 0.227463 0.122646 0.227463 0.142497 0.214983 0.142497 0.214983 0.122646
13 0.779567 0.123581 0.792048 0.123581 0.792048 0.143432 0.779567 0.143432 0.779567 0.123581
13 0.641242 0.504360 0.653722 0.504360 0.653722 0.524211 0.641242 0.524211 0.641242 0.504360
13 0.353022 0.505074 0.365503 0.505074 0.365503 0.524926 0.353022 0.524926 0.353022 0.505074
13 0.497357 0.901503 0.509837 0.901503 0.509837 0.921354 0.497357 0.921354 0.497357 0.901503
9 0.221220 0.137534 0.221226 0.127609 0.785811 0.128544 0.785804 0.138469 
9 0.783105 0.131026 0.788510 0.135987 0.506300 0.913909 0.500895 0.908948 
9 0.218520 0.135051 0.223926 0.130092 0.506300 0.908949 0.500894 0.913908 
9 0.359267 0.519963 0.359258 0.510037 0.647477 0.509323 0.647487 0.519248 
10 0.462676 0.088660 0.534088 0.088660 0.534088 0.175545 0.462676 0.175545
10 0.462265 0.469953 0.534046 0.469953 0.534046 0.557437 0.462265 0.557437
2 0.681169 0.280440 0.751379 0.280440 0.751379 0.363662 0.681169 0.363662
2 0.539118 0.670408 0.609452 0.670408 0.609452 0.753328 0.539118 0.753328
19 0.187957 0.677825 0.399836 0.677825 0.399836 0.792298 0.187957 0.792298
19 0.063164 0.250119 0.257911 0.250119 0.257911 0.440202 0.063164 0.440202
19 0.762377 0.226161 0.937993 0.226161 0.937993 0.341041 0.762377 0.341041
19 0.613432 0.621226 0.795147 0.621226 0.795147 0.741882 0.613432 0.741882
