13 0.779614 0.126628 0.798937 0.126628 0.798937 0.174821 0.779614 0.174821 0.779614 0.126628
13 0.145338 0.244843 0.164662 0.244843 0.164662 0.293036 0.145338 0.293036 0.145338 0.244843
13 0.050338 0.492570 0.069662 0.492570 0.069662 0.540763 0.050338 0.540763 0.050338 0.492570
13 0.336280 0.493295 0.355604 0.493295 0.355604 0.541488 0.336280 0.541488 0.336280 0.493295
13 0.490035 0.493328 0.509359 0.493328 0.509359 0.541521 0.490035 0.541521 0.490035 0.493328
13 0.918671 0.493265 0.937995 0.493265 0.937995 0.541457 0.918671 0.541457 0.918671 0.493265
13 0.146702 0.758479 0.166025 0.758479 0.166025 0.806672 0.146702 0.806672 0.146702 0.758479
13 0.776033 0.850904 0.795356 0.850904 0.795356 0.899096 0.776033 0.899096 0.776033 0.850904
9 0.152765 0.279621 0.157235 0.258258 0.348177 0.506710 0.343707 0.528073 
9 0.158727 0.793084 0.154000 0.772068 0.343579 0.506883 0.348305 0.527899 
9 0.056416 0.524745 0.063584 0.508588 0.159948 0.774497 0.152780 0.790654 
9 0.151509 0.260612 0.158491 0.277267 0.063491 0.524994 0.056509 0.508339 
9 0.501884 0.528167 0.497510 0.506682 0.787088 0.139982 0.791462 0.161467 
9 0.785766 0.159004 0.792785 0.142445 0.931843 0.509082 0.924824 0.525640 
9 0.924908 0.508864 0.931758 0.525858 0.789120 0.883497 0.782269 0.866503 
9 0.497532 0.528195 0.501862 0.506654 0.787859 0.864229 0.783529 0.885771 
19 0.042957 0.184569 0.096455 0.184569 0.096455 0.373443 0.042957 0.373443
19 0.863013 0.117372 0.948789 0.117372 0.948789 0.309613 0.863013 0.309613
0 0.834099 0.339949 0.886421 0.339949 0.886421 0.683173 0.834099 0.683173
0 0.104307 0.335766 0.156704 0.335766 0.156704 0.693338 0.104307 0.693338
4 0.250375 0.399582 0.309793 0.399582 0.309793 0.627119 0.250375 0.627119
4 0.540898 0.394869 0.598536 0.394869 0.598536 0.627712 0.540898 0.627712
