13 0.092356 0.719575 0.117834 0.719575 0.117834 0.761241 0.092356 0.761241 0.092356 0.719575
13 0.205793 0.719167 0.231270 0.719167 0.231270 0.760833 0.205793 0.760833 0.205793 0.719167
13 0.870078 0.720228 0.895556 0.720228 0.895556 0.761895 0.870078 0.761895 0.870078 0.720228
13 0.756174 0.228864 0.781652 0.228864 0.781652 0.270530 0.756174 0.270530 0.756174 0.228864
13 0.207265 0.230896 0.232743 0.230896 0.232743 0.272563 0.207265 0.272563 0.207265 0.230896
9 0.105092 0.750825 0.105098 0.729991 0.882820 0.730645 0.882814 0.751478 
9 0.762957 0.253390 0.774869 0.246004 0.888773 0.737369 0.876861 0.744754 
9 0.220018 0.262146 0.219989 0.241313 0.768898 0.239280 0.768927 0.260114 
9 0.214059 0.247990 0.225949 0.255468 0.111040 0.744147 0.099150 0.736669 
9 0.213634 0.251678 0.226373 0.251781 0.224901 0.740051 0.212162 0.739949 
12 0.203283 0.608794 0.298222 0.608794 0.298222 0.763541 0.203283 0.763541
19 0.380598 0.092742 0.581765 0.092742 0.581765 0.235568 0.380598 0.235568
19 0.380083 0.769061 0.584107 0.769061 0.584107 0.913243 0.380083 0.913243
22 0.052920 0.762060 0.135414 0.762060 0.135414 0.915448 0.052920 0.915448
22 0.837300 0.763392 0.924682 0.763392 0.924682 0.913385 0.837300 0.913385
22 0.726040 0.073163 0.819498 0.073163 0.819498 0.228626 0.726040 0.228626
22 0.181948 0.073959 0.265219 0.073959 0.265219 0.221512 0.181948 0.221512
