13 0.238534 0.175656 0.272147 0.175656 0.272147 0.214117 0.238534 0.214117 0.238534 0.175656
13 0.492601 0.214134 0.526214 0.214134 0.526214 0.252595 0.492601 0.252595 0.492601 0.214134
13 0.753501 0.249589 0.787115 0.249589 0.787115 0.288050 0.753501 0.288050 0.753501 0.249589
13 0.150517 0.380063 0.184130 0.380063 0.184130 0.418525 0.150517 0.418525 0.150517 0.380063
13 0.469671 0.428991 0.503284 0.428991 0.503284 0.467452 0.469671 0.467452 0.469671 0.428991
13 0.338911 0.585702 0.372524 0.585702 0.372524 0.624163 0.338911 0.624163 0.338911 0.585702
13 0.528544 0.789922 0.562158 0.789922 0.562158 0.828384 0.528544 0.828384 0.528544 0.789922
9 0.254315 0.204430 0.256365 0.185343 0.771953 0.257858 0.769903 0.276945 
9 0.163928 0.411706 0.175416 0.397669 0.555356 0.804824 0.543867 0.818860 
9 0.501687 0.230056 0.518367 0.232418 0.495437 0.444439 0.478758 0.442077 
9 0.481639 0.438745 0.493795 0.452025 0.363035 0.608736 0.350879 0.595456 
3 0.810882 0.447505 0.793346 0.567746 0.742640 0.674957 0.664258 0.757520 0.566693 0.806489 0.460519 0.816555 0.357242 0.786630 0.268052 0.719955 0.202615 0.623756 0.168022 0.508457 0.168022 0.386553 0.202615 0.271254 0.268052 0.175055 0.357242 0.108380 0.460519 0.078455 0.566693 0.088521 0.664258 0.137490 0.742640 0.220053 0.793346 0.327264 0.810882 0.447505
22 0.147059 0.086538 0.239496 0.086538 0.239496 0.206731 0.147059 0.206731
22 0.794118 0.192308 0.882353 0.192308 0.882353 0.307692 0.794118 0.307692
12 0.420168 0.206731 0.525210 0.206731 0.525210 0.326923 0.420168 0.326923
19 0.508403 0.298077 0.571429 0.298077 0.571429 0.403846 0.508403 0.403846
22 0.071429 0.341346 0.147059 0.341346 0.147059 0.451923 0.071429 0.451923
19 0.361345 0.394231 0.424370 0.394231 0.424370 0.495192 0.361345 0.495192
22 0.504202 0.437500 0.588235 0.437500 0.588235 0.548077 0.504202 0.548077
12 0.294118 0.475962 0.420168 0.475962 0.420168 0.615385 0.294118 0.615385
19 0.294118 0.634615 0.394958 0.634615 0.394958 0.740385 0.294118 0.740385
22 0.533613 0.822115 0.617647 0.822115 0.617647 0.937500 0.533613 0.937500
19 0.369748 0.091346 0.672269 0.091346 0.672269 0.235577 0.369748 0.235577
