13 0.467201 0.059710 0.496831 0.059710 0.496831 0.091583 0.467201 0.091583 0.467201 0.059710
13 0.153438 0.242410 0.183068 0.242410 0.183068 0.274282 0.153438 0.274282 0.153438 0.242410
13 0.466568 0.242765 0.496198 0.242765 0.496198 0.274638 0.466568 0.274638 0.466568 0.242765
13 0.778004 0.241778 0.807634 0.241778 0.807634 0.273651 0.778004 0.273651 0.778004 0.241778
13 0.464500 0.455386 0.494129 0.455386 0.494129 0.487259 0.464500 0.487259 0.464500 0.455386
13 0.465935 0.854268 0.495565 0.854268 0.495565 0.886140 0.465935 0.886140 0.465935 0.854268
9 0.474609 0.075633 0.489424 0.075660 0.488157 0.870218 0.473342 0.870190 
9 0.168260 0.266314 0.168246 0.250378 0.792812 0.249746 0.792826 0.265682 
3 0.848777 0.470186 0.828734 0.599390 0.770777 0.714592 0.681186 0.803310 0.569670 0.855928 0.448313 0.866745 0.330267 0.834589 0.228324 0.762944 0.153529 0.659574 0.113990 0.535681 0.113990 0.404691 0.153529 0.280798 0.228324 0.177428 0.330267 0.105784 0.448313 0.073627 0.569670 0.084445 0.681186 0.137063 0.770777 0.225780 0.828734 0.340982 0.848777 0.470186
19 0.490168 0.136539 0.563017 0.136539 0.563017 0.250547 0.490168 0.250547
12 0.370800 0.236512 0.498195 0.236512 0.498195 0.375734 0.370800 0.375734
19 0.590007 0.266165 0.688755 0.266165 0.688755 0.361802 0.590007 0.361802
19 0.500263 0.586790 0.574734 0.586790 0.574734 0.707217 0.500263 0.707217
