13 0.681359 0.141784 0.708115 0.141784 0.708115 0.162727 0.681359 0.162727 0.681359 0.141784
13 0.680404 0.601661 0.707159 0.601661 0.707159 0.622604 0.680404 0.622604 0.680404 0.601661
13 0.176979 0.828256 0.203735 0.828256 0.203735 0.849199 0.176979 0.849199 0.176979 0.828256
13 0.680908 0.828815 0.707664 0.828815 0.707664 0.849757 0.680908 0.849757 0.680908 0.828815
9 0.688938 0.149646 0.700535 0.154866 0.196156 0.841338 0.184559 0.836118 
9 0.688048 0.152253 0.701426 0.152258 0.700975 0.839288 0.687597 0.839283 
9 0.190348 0.843963 0.190367 0.833492 0.694295 0.834050 0.694276 0.844521 
9 0.193692 0.843266 0.187023 0.834189 0.690447 0.607594 0.697116 0.616671 
18 0.389236 0.585837 0.559513 0.585837 0.559513 0.676006 0.389236 0.676006
18 0.431827 0.729990 0.602126 0.729990 0.602126 0.819485 0.431827 0.819485
19 0.721336 0.679806 0.950223 0.679806 0.950223 0.767722 0.721336 0.767722
22 0.695380 0.845838 0.787390 0.845838 0.787390 0.940911 0.695380 0.940911
22 0.081192 0.847330 0.186510 0.847330 0.186510 0.941484 0.081192 0.941484
22 0.720730 0.542310 0.820464 0.542310 0.820464 0.636231 0.720730 0.636231
22 0.662869 0.040422 0.760725 0.040422 0.760725 0.135961 0.662869 0.135961
12 0.593238 0.760954 0.711681 0.760954 0.711681 0.855578 0.593238 0.855578
