13 0.057439 0.756970 0.072561 0.756970 0.072561 0.783548 0.057439 0.783548 0.057439 0.756970
13 0.376486 0.756552 0.391609 0.756552 0.391609 0.783130 0.376486 0.783130 0.376486 0.756552
13 0.507439 0.756970 0.522561 0.756970 0.522561 0.783548 0.507439 0.783548 0.507439 0.756970
13 0.377439 0.167998 0.392561 0.167998 0.392561 0.194576 0.377439 0.194576 0.377439 0.167998
13 0.770058 0.469167 0.785180 0.469167 0.785180 0.495745 0.770058 0.495745 0.770058 0.469167
13 0.609550 0.761760 0.624673 0.761760 0.624673 0.788338 0.609550 0.788338 0.609550 0.761760
13 0.770439 0.762150 0.785561 0.762150 0.785561 0.788728 0.770439 0.788728 0.770439 0.762150
13 0.835772 0.761565 0.850895 0.761565 0.850895 0.788143 0.835772 0.788143 0.835772 0.761565
9 0.065000 0.776903 0.065000 0.763614 0.515000 0.763614 0.515000 0.776903 
9 0.381475 0.183690 0.388525 0.178884 0.518525 0.767856 0.511475 0.772662 
9 0.381219 0.181268 0.388781 0.181305 0.387828 0.769860 0.380267 0.769822 
9 0.382266 0.176698 0.387734 0.185875 0.067734 0.774848 0.062266 0.765670 
9 0.774897 0.477844 0.780341 0.487068 0.619833 0.779660 0.614389 0.770437 
9 0.617113 0.781693 0.617109 0.768404 0.843331 0.768209 0.843335 0.781498 
9 0.774103 0.484897 0.781135 0.480015 0.846850 0.772413 0.839817 0.777295 
9 0.773838 0.482471 0.781400 0.482441 0.781781 0.775423 0.774219 0.775454 
12 0.373711 0.683774 0.433106 0.683774 0.433106 0.789280 0.373711 0.789280
12 0.765096 0.684027 0.825596 0.684027 0.825596 0.793028 0.765096 0.793028
19 0.587146 0.540773 0.686402 0.540773 0.686402 0.638260 0.587146 0.638260
19 0.820940 0.566869 0.920310 0.566869 0.920310 0.664942 0.820940 0.664942
22 0.821404 0.786160 0.873028 0.786160 0.873028 0.887132 0.821404 0.887132
19 0.717122 0.787010 0.757259 0.787010 0.757259 0.878945 0.717122 0.878945
22 0.030959 0.785333 0.082945 0.785333 0.082945 0.885086 0.030959 0.885086
22 0.360753 0.060859 0.412617 0.060859 0.412617 0.160434 0.360753 0.160434
22 0.583422 0.787207 0.637646 0.787207 0.637646 0.887534 0.583422 0.887534
19 0.336126 0.468176 0.372995 0.468176 0.372995 0.559541 0.336126 0.559541
19 0.734184 0.621102 0.770593 0.621102 0.770593 0.712861 0.734184 0.712861
19 0.283547 0.786547 0.323900 0.786547 0.323900 0.881608 0.283547 0.881608
22 0.491216 0.782442 0.546850 0.782442 0.546850 0.885009 0.491216 0.885009
22 0.754205 0.358346 0.807337 0.358346 0.807337 0.460398 0.754205 0.460398
19 0.132502 0.399089 0.205895 0.399089 0.205895 0.496074 0.132502 0.496074
19 0.465034 0.423738 0.538931 0.423738 0.538931 0.522296 0.465034 0.522296
