13 0.408523 0.718778 0.428131 0.718778 0.428131 0.751036 0.408523 0.751036 0.408523 0.718778
13 0.111724 0.234097 0.131332 0.234097 0.131332 0.266355 0.111724 0.266355 0.111724 0.234097
13 0.880364 0.232593 0.899972 0.232593 0.899972 0.264851 0.880364 0.264851 0.880364 0.232593
9 0.118074 0.255949 0.124981 0.244502 0.421781 0.729183 0.414874 0.740630 
9 0.121534 0.258290 0.121522 0.242161 0.890162 0.240657 0.890174 0.256786 
9 0.420929 0.741741 0.415725 0.728072 0.887566 0.241887 0.892770 0.255556 
22 0.094179 0.086446 0.159050 0.086446 0.159050 0.217897 0.094179 0.217897
22 0.863283 0.084837 0.928414 0.084837 0.928414 0.218665 0.863283 0.218665
22 0.375359 0.777947 0.445648 0.777947 0.445648 0.911246 0.375359 0.911246
19 0.668018 0.461503 0.873262 0.461503 0.873262 0.587652 0.668018 0.587652
19 0.376750 0.083686 0.621707 0.083686 0.621707 0.228284 0.376750 0.228284
19 0.027747 0.446727 0.230688 0.446727 0.230688 0.578409 0.027747 0.578409
