13 0.175622 0.807438 0.189321 0.807438 0.189321 0.825578 0.175622 0.825578 0.175622 0.807438
13 0.644552 0.807358 0.658250 0.807358 0.658250 0.825499 0.644552 0.825499 0.644552 0.807358
13 0.197892 0.219501 0.211591 0.219501 0.211591 0.237642 0.197892 0.237642 0.197892 0.219501
13 0.480220 0.189297 0.493918 0.189297 0.493918 0.207438 0.480220 0.207438 0.480220 0.189297
13 0.795414 0.601644 0.809112 0.601644 0.809112 0.619785 0.795414 0.619785 0.795414 0.601644
13 0.811637 0.189025 0.825336 0.189025 0.825336 0.207166 0.811637 0.207166 0.811637 0.189025
9 0.182472 0.821043 0.182471 0.811973 0.651400 0.811893 0.651401 0.820964 
9 0.202327 0.231788 0.207155 0.225355 0.653815 0.813212 0.648987 0.819645 
9 0.201321 0.228344 0.208162 0.228799 0.185892 0.816735 0.179051 0.816281 
9 0.487071 0.202902 0.487067 0.193832 0.818484 0.193560 0.818489 0.202630 
9 0.815067 0.197859 0.821907 0.198331 0.805683 0.610950 0.798843 0.610478 
9 0.484662 0.201594 0.489476 0.195141 0.804670 0.607488 0.799856 0.613941 
19 0.086425 0.529404 0.161523 0.529404 0.161523 0.622969 0.086425 0.622969
22 0.817438 0.087397 0.881174 0.087397 0.881174 0.188040 0.817438 0.188040
19 0.377654 0.832845 0.452563 0.832845 0.452563 0.923947 0.377654 0.923947
19 0.650806 0.085930 0.701131 0.085930 0.701131 0.178020 0.650806 0.178020
22 0.438576 0.086337 0.497867 0.086337 0.497867 0.184229 0.438576 0.184229
22 0.772755 0.639461 0.841985 0.639461 0.841985 0.739815 0.772755 0.739815
22 0.175962 0.111502 0.236594 0.111502 0.236594 0.209275 0.175962 0.209275
22 0.139791 0.830045 0.207537 0.830045 0.207537 0.929406 0.139791 0.929406
22 0.649859 0.832165 0.707903 0.832165 0.707903 0.931786 0.649859 0.931786
19 0.837712 0.364935 0.885651 0.364935 0.885651 0.440166 0.837712 0.440166
18 0.706634 0.405345 0.808542 0.405345 0.808542 0.501555 0.706634 0.501555
18 0.200888 0.348383 0.300937 0.348383 0.300937 0.446637 0.200888 0.446637
18 0.705184 0.212575 0.809222 0.212575 0.809222 0.312407 0.705184 0.312407
18 0.202947 0.701789 0.308745 0.701789 0.308745 0.799424 0.202947 0.799424
