13 0.379495 0.157579 0.407272 0.157579 0.407272 0.182502 0.379495 0.182502 0.379495 0.157579
13 0.131993 0.283165 0.159771 0.283165 0.159771 0.308087 0.131993 0.308087 0.131993 0.283165
13 0.803926 0.436709 0.831704 0.436709 0.831704 0.461631 0.803926 0.461631 0.803926 0.436709
13 0.473931 0.506567 0.501708 0.506567 0.501708 0.531489 0.473931 0.531489 0.473931 0.506567
13 0.141032 0.575858 0.168810 0.575858 0.168810 0.600780 0.141032 0.600780 0.141032 0.575858
13 0.814683 0.731129 0.842460 0.731129 0.842460 0.756051 0.814683 0.756051 0.814683 0.731129
13 0.566615 0.854809 0.594393 0.854809 0.594393 0.879731 0.566615 0.879731 0.566615 0.854809
9 0.150824 0.593350 0.159017 0.583288 0.584601 0.862239 0.576408 0.872301 
9 0.156503 0.594386 0.153339 0.582252 0.816233 0.443104 0.819397 0.455237 
9 0.141783 0.300655 0.149982 0.290597 0.832671 0.738561 0.824472 0.748619 
9 0.386632 0.171499 0.400135 0.168582 0.587256 0.865811 0.573753 0.868729 
9 0.389278 0.175066 0.397489 0.165015 0.821921 0.444145 0.813710 0.454196 
22 0.316157 0.041996 0.423315 0.041996 0.423315 0.144622 0.316157 0.144622
20 0.113010 0.204129 0.218541 0.204129 0.218541 0.283447 0.113010 0.283447
22 0.479243 0.389249 0.580922 0.389249 0.580922 0.491667 0.479243 0.491667
22 0.821627 0.432904 0.922213 0.432904 0.922213 0.538317 0.821627 0.538317
22 0.073444 0.471516 0.194587 0.471516 0.194587 0.576219 0.073444 0.576219
22 0.549565 0.856886 0.673695 0.856886 0.673695 0.961355 0.549565 0.961355
