13 0.004909 0.900377 0.029676 0.900377 0.029676 0.932766 0.004909 0.932766 0.004909 0.900377
13 0.454468 0.497572 0.479236 0.497572 0.479236 0.529961 0.454468 0.529961 0.454468 0.497572
13 0.906830 0.092377 0.931598 0.092377 0.931598 0.124766 0.906830 0.124766 0.906830 0.092377
13 0.662725 0.903577 0.687493 0.903577 0.687493 0.935966 0.662725 0.935966 0.662725 0.903577
13 0.243984 0.092377 0.268752 0.092377 0.268752 0.124766 0.243984 0.124766 0.243984 0.092377
9 0.020792 0.923251 0.013793 0.909891 0.915714 0.101891 0.922713 0.115251 
9 0.256368 0.116669 0.256368 0.100474 0.919214 0.100474 0.919214 0.116669 
9 0.250594 0.105650 0.262143 0.111493 0.023067 0.919493 0.011518 0.913650 
9 0.017270 0.924669 0.017316 0.908474 0.675132 0.911674 0.675086 0.927869 
9 0.913452 0.105606 0.924976 0.111536 0.680871 0.922736 0.669347 0.916806 
9 0.251236 0.113102 0.261500 0.104041 0.680241 0.915241 0.669977 0.924302 
12 0.366696 0.431464 0.473913 0.431464 0.473913 0.568348 0.366696 0.568348
19 0.248568 0.699326 0.418307 0.699326 0.418307 0.815238 0.248568 0.815238
19 0.640378 0.351977 0.808364 0.351977 0.808364 0.465587 0.640378 0.465587
19 0.563348 0.593410 0.731951 0.593410 0.731951 0.708018 0.563348 0.708018
19 0.377179 0.229210 0.547161 0.229210 0.547161 0.344343 0.377179 0.344343
