13 0.026101 0.599803 0.053879 0.599803 0.053879 0.638638 0.026101 0.638638 0.026101 0.599803
13 0.446418 0.800053 0.474196 0.800053 0.474196 0.838888 0.446418 0.838888 0.446418 0.800053
13 0.588902 0.520351 0.616680 0.520351 0.616680 0.559186 0.588902 0.559186 0.588902 0.520351
13 0.878152 0.482086 0.905929 0.482086 0.905929 0.520921 0.878152 0.520921 0.878152 0.482086
9 0.040673 0.628882 0.039307 0.609559 0.891358 0.491842 0.892723 0.511165 
9 0.463543 0.828061 0.457070 0.810881 0.888804 0.492914 0.895277 0.510094 
3 0.605371 0.462723 0.589422 0.596345 0.543303 0.715488 0.472012 0.807239 0.383275 0.861657 0.286707 0.872844 0.192773 0.839588 0.111653 0.765493 0.052136 0.658588 0.020673 0.530458 0.020673 0.394988 0.052136 0.266857 0.111653 0.159952 0.192773 0.085857 0.286707 0.052601 0.383275 0.063788 0.472012 0.118206 0.543303 0.209958 0.589422 0.329100 0.605371 0.462723
19 0.676701 0.404489 0.733780 0.404489 0.733780 0.497207 0.676701 0.497207
19 0.185057 0.416079 0.429830 0.416079 0.429830 0.543414 0.185057 0.543414
19 0.678034 0.658044 0.767125 0.658044 0.767125 0.775944 0.678034 0.775944
