13 0.290147 0.819728 0.341103 0.819728 0.341103 0.846939 0.290147 0.846939 0.290147 0.819728
13 0.721397 0.820163 0.772353 0.820163 0.772353 0.847374 0.721397 0.847374 0.721397 0.820163
13 0.290633 0.159580 0.341589 0.159580 0.341589 0.186791 0.290633 0.186791 0.290633 0.159580
9 0.303372 0.173183 0.328850 0.173188 0.328364 0.833336 0.302886 0.833331 
9 0.315601 0.840136 0.315649 0.826531 0.746899 0.826965 0.746851 0.840571 
9 0.304081 0.175422 0.328141 0.170948 0.758905 0.831531 0.734845 0.836005 
12 0.282595 0.745805 0.473990 0.745805 0.473990 0.848186 0.282595 0.848186
19 0.088110 0.469501 0.282376 0.469501 0.282376 0.562017 0.088110 0.562017
19 0.424673 0.853755 0.624221 0.853755 0.624221 0.946594 0.424673 0.946594
22 0.123545 0.830478 0.297931 0.830478 0.297931 0.936688 0.123545 0.936688
22 0.751135 0.831468 0.919620 0.831468 0.919620 0.928893 0.751135 0.928893
22 0.220117 0.045383 0.381762 0.045383 0.381762 0.142040 0.220117 0.142040
