13 0.489301 0.105000 0.509762 0.105000 0.509762 0.127727 0.489301 0.127727 0.489301 0.105000
13 0.089856 0.712922 0.110316 0.712922 0.110316 0.735649 0.089856 0.735649 0.089856 0.712922
13 0.488223 0.710351 0.508684 0.710351 0.508684 0.733078 0.488223 0.733078 0.488223 0.710351
13 0.887614 0.713312 0.908075 0.713312 0.908075 0.736039 0.887614 0.736039 0.887614 0.713312
13 0.490238 0.853571 0.510699 0.853571 0.510699 0.876299 0.490238 0.876299 0.490238 0.853571
9 0.100084 0.729968 0.100088 0.718604 0.897847 0.718994 0.897842 0.730357 
9 0.494416 0.116372 0.504646 0.116356 0.505584 0.864927 0.495354 0.864943 
9 0.495395 0.119706 0.503668 0.113022 0.901981 0.721333 0.893708 0.728017 
9 0.495400 0.113014 0.503663 0.119713 0.104218 0.727635 0.095954 0.720936 
9 0.502018 0.870350 0.498920 0.859520 0.896295 0.719260 0.899393 0.730090 
9 0.098544 0.729703 0.101628 0.718868 0.502011 0.859518 0.498926 0.870352 
22 0.464649 0.001500 0.545859 0.001500 0.545859 0.095934 0.464649 0.095934
22 0.509478 0.606661 0.593548 0.606661 0.593548 0.703255 0.509478 0.703255
22 0.006108 0.676919 0.084142 0.676919 0.084142 0.775843 0.006108 0.775843
22 0.903620 0.677225 0.981924 0.677225 0.981924 0.776470 0.903620 0.776470
12 0.482774 0.704156 0.576641 0.704156 0.576641 0.809079 0.482774 0.809079
22 0.446053 0.879864 0.522724 0.879864 0.522724 0.975949 0.446053 0.975949
