13 0.355905 0.126885 0.376793 0.126885 0.376793 0.147189 0.355905 0.147189 0.355905 0.126885
13 0.108413 0.406514 0.129301 0.406514 0.129301 0.426819 0.108413 0.426819 0.108413 0.406514
13 0.510270 0.500264 0.531158 0.500264 0.531158 0.520569 0.510270 0.520569 0.510270 0.500264
13 0.311278 0.852379 0.332166 0.852379 0.332166 0.872684 0.311278 0.872684 0.311278 0.852379
13 0.699739 0.851347 0.720627 0.851347 0.720627 0.871652 0.699739 0.871652 0.699739 0.851347
9 0.324036 0.865544 0.324036 0.855392 0.704006 0.855392 0.704006 0.865544 
9 0.330757 0.863905 0.321560 0.859095 0.516852 0.506241 0.526049 0.511051 
9 0.709727 0.858177 0.700407 0.862759 0.517852 0.511969 0.527171 0.507386 
9 0.524814 0.505779 0.522332 0.515640 0.119012 0.419689 0.121494 0.409827 
9 0.125296 0.419074 0.117333 0.412505 0.361448 0.132905 0.369410 0.139474 
9 0.361652 0.139131 0.371329 0.135311 0.527350 0.508800 0.517673 0.512619 
3 0.935455 0.509890 0.912933 0.641089 0.847808 0.758070 0.747137 0.848157 0.621829 0.901587 0.485464 0.912571 0.352818 0.879919 0.238266 0.807168 0.154222 0.702202 0.109792 0.576397 0.109792 0.443384 0.154222 0.317578 0.238266 0.212613 0.352818 0.139862 0.485464 0.107209 0.621829 0.118193 0.747137 0.171624 0.847808 0.261711 0.912933 0.378692 0.935455 0.509890
22 0.317608 0.028157 0.400082 0.028157 0.400082 0.114082 0.317608 0.114082
2 0.395739 0.298225 0.492805 0.298225 0.492805 0.358930 0.395739 0.358930
22 0.026344 0.357266 0.103164 0.357266 0.103164 0.443647 0.026344 0.443647
0 0.415987 0.412022 0.491631 0.412022 0.491631 0.495012 0.415987 0.495012
2 0.291622 0.411407 0.344782 0.411407 0.344782 0.511351 0.291622 0.511351
22 0.538349 0.453603 0.622895 0.453603 0.622895 0.543738 0.538349 0.543738
0 0.470617 0.571587 0.571258 0.571587 0.571258 0.613331 0.470617 0.613331
2 0.368656 0.666025 0.463313 0.666025 0.463313 0.732054 0.368656 0.732054
2 0.574364 0.671806 0.669752 0.671806 0.669752 0.736775 0.574364 0.736775
22 0.247809 0.884809 0.362097 0.884809 0.362097 0.973822 0.247809 0.973822
22 0.709956 0.886169 0.783686 0.886169 0.783686 0.972903 0.709956 0.972903
