13 0.112353 0.710558 0.123814 0.710558 0.123814 0.731500 0.112353 0.731500 0.112353 0.710558
13 0.333765 0.716158 0.345226 0.716158 0.345226 0.737100 0.333765 0.737100 0.333765 0.716158
13 0.889210 0.742756 0.900671 0.742756 0.900671 0.763698 0.889210 0.763698 0.889210 0.742756
13 0.335297 0.452978 0.346759 0.452978 0.346759 0.473920 0.335297 0.473920 0.335297 0.452978
13 0.258684 0.347986 0.270145 0.347986 0.270145 0.368928 0.258684 0.368928 0.258684 0.347986
13 0.308483 0.221995 0.319944 0.221995 0.319944 0.242938 0.308483 0.242938 0.308483 0.221995
13 0.382031 0.290590 0.393492 0.290590 0.393492 0.311532 0.382031 0.311532 0.382031 0.290590
9 0.262002 0.365542 0.265295 0.356971 0.344972 0.459163 0.341680 0.467734 
9 0.339695 0.464737 0.345425 0.464960 0.342360 0.728140 0.336631 0.727917 
9 0.346118 0.462274 0.340534 0.464624 0.311421 0.233641 0.317005 0.231291 
9 0.346655 0.462990 0.341530 0.458308 0.385965 0.295920 0.391091 0.300603 
9 0.341075 0.464571 0.344046 0.473525 0.124166 0.717107 0.121195 0.708153 
9 0.341014 0.468487 0.342574 0.458411 0.892656 0.742589 0.891096 0.752665 
9 0.121091 0.727664 0.121205 0.717195 0.892699 0.745192 0.892585 0.755662 
9 0.119616 0.721355 0.115019 0.715104 0.311148 0.233540 0.315746 0.239792 
9 0.312187 0.237169 0.314707 0.227764 0.896966 0.748524 0.894447 0.757929 
12 0.363120 0.289249 0.432311 0.289249 0.432311 0.415752 0.363120 0.415752
12 0.233846 0.350509 0.304577 0.350509 0.304577 0.482401 0.233846 0.482401
12 0.329514 0.633074 0.393301 0.633074 0.393301 0.750182 0.329514 0.750182
22 0.347781 0.499071 0.403279 0.499071 0.403279 0.607823 0.347781 0.607823
22 0.288855 0.102047 0.344577 0.102047 0.344577 0.214239 0.288855 0.214239
22 0.893882 0.757497 0.950878 0.757497 0.950878 0.871442 0.893882 0.871442
19 0.463696 0.566758 0.525937 0.566758 0.525937 0.671109 0.463696 0.671109
22 0.312009 0.747697 0.367718 0.747697 0.367718 0.856664 0.312009 0.856664
22 0.199884 0.264054 0.251457 0.264054 0.251457 0.376960 0.199884 0.376960
19 0.544826 0.329772 0.606330 0.329772 0.606330 0.434111 0.544826 0.434111
22 0.392058 0.177673 0.443911 0.177673 0.443911 0.288820 0.392058 0.288820
22 0.077528 0.734422 0.131677 0.734422 0.131677 0.844492 0.077528 0.844492
