13 0.162053 0.753898 0.181855 0.753898 0.181855 0.794099 0.162053 0.794099 0.162053 0.753898
13 0.609299 0.663683 0.629101 0.663683 0.629101 0.703884 0.609299 0.703884 0.609299 0.663683
13 0.870484 0.615295 0.890286 0.615295 0.890286 0.655496 0.870484 0.655496 0.870484 0.615295
13 0.503566 0.186656 0.523368 0.186656 0.523368 0.226857 0.503566 0.226857 0.503566 0.186656
13 0.377182 0.396566 0.396984 0.396566 0.396984 0.436767 0.377182 0.436767 0.377182 0.396566
9 0.175089 0.781777 0.168819 0.766220 0.510332 0.198978 0.516601 0.214535 
9 0.384642 0.425410 0.389525 0.407923 0.621641 0.675041 0.616759 0.692527 
9 0.172429 0.784002 0.171479 0.763994 0.879910 0.625391 0.880860 0.645399 
9 0.510998 0.215468 0.515936 0.198046 0.882854 0.626684 0.877916 0.644106 
10 0.450347 0.460376 0.518475 0.460376 0.518475 0.581199 0.450347 0.581199
10 0.641837 0.330377 0.710460 0.330377 0.710460 0.453280 0.641837 0.453280
22 0.852495 0.657969 0.908042 0.657969 0.908042 0.782779 0.852495 0.782779
22 0.585121 0.700768 0.661250 0.700768 0.661250 0.831099 0.585121 0.831099
22 0.327885 0.297911 0.372891 0.297911 0.372891 0.426834 0.327885 0.426834
22 0.492599 0.048714 0.547216 0.048714 0.547216 0.177053 0.492599 0.177053
22 0.132001 0.801252 0.190880 0.801252 0.190880 0.929898 0.132001 0.929898
