13 0.088736 0.449119 0.119155 0.449119 0.119155 0.478531 0.088736 0.478531 0.088736 0.449119
13 0.486746 0.238565 0.517164 0.238565 0.517164 0.267977 0.486746 0.267977 0.486746 0.238565
13 0.739596 0.106339 0.770014 0.106339 0.770014 0.135751 0.739596 0.135751 0.739596 0.106339
13 0.618174 0.288289 0.648593 0.288289 0.648593 0.317701 0.618174 0.317701 0.618174 0.288289
13 0.227144 0.879672 0.257562 0.879672 0.257562 0.909084 0.227144 0.909084 0.227144 0.879672
9 0.748402 0.117078 0.761208 0.125012 0.248756 0.898344 0.235950 0.890411 
9 0.107583 0.470283 0.100308 0.457368 0.751168 0.114587 0.758443 0.127502 
3 0.801018 0.598441 0.781236 0.713062 0.724035 0.815263 0.635614 0.893967 0.525553 0.940647 0.405781 0.950243 0.289275 0.921716 0.188662 0.858157 0.114844 0.766454 0.075820 0.656544 0.075820 0.540337 0.114844 0.430427 0.188662 0.338724 0.289275 0.275165 0.405781 0.246638 0.525553 0.256234 0.635614 0.302914 0.724035 0.381618 0.781236 0.483819 0.801018 0.598441
19 0.541178 0.105422 0.610635 0.105422 0.610635 0.182736 0.541178 0.182736
19 0.703876 0.220741 0.772956 0.220741 0.772956 0.315733 0.703876 0.315733
19 0.301158 0.369352 0.373581 0.369352 0.373581 0.468153 0.301158 0.468153
19 0.463660 0.596463 0.536173 0.596463 0.536173 0.693171 0.463660 0.693171
