13 0.108403 0.155856 0.129401 0.155856 0.129401 0.191730 0.108403 0.191730 0.108403 0.155856
13 0.108540 0.743544 0.129537 0.743544 0.129537 0.779419 0.108540 0.779419 0.108540 0.743544
13 0.924284 0.742063 0.945281 0.742063 0.945281 0.777937 0.924284 0.777937 0.924284 0.742063
9 0.119044 0.770450 0.119033 0.752513 0.934777 0.751031 0.934788 0.768969 
9 0.116867 0.182060 0.120937 0.165526 0.936818 0.751733 0.932748 0.768267 
9 0.113653 0.173797 0.124151 0.173790 0.124288 0.761478 0.113789 0.761485 
19 0.471134 0.255663 0.572480 0.255663 0.572480 0.400170 0.471134 0.400170
19 0.053161 0.403024 0.103230 0.403024 0.103230 0.530330 0.053161 0.530330
12 0.101299 0.588755 0.220092 0.588755 0.220092 0.791628 0.101299 0.791628
19 0.444065 0.790921 0.509344 0.790921 0.509344 0.914115 0.444065 0.914115
18 0.532199 0.583406 0.661025 0.583406 0.661025 0.727780 0.532199 0.727780
