13 0.030044 0.842725 0.056622 0.842725 0.056622 0.911690 0.030044 0.911690 0.030044 0.842725
13 0.119465 0.038793 0.146043 0.038793 0.146043 0.107759 0.119465 0.107759 0.119465 0.038793
13 0.832137 0.844026 0.858715 0.844026 0.858715 0.912991 0.832137 0.912991 0.832137 0.844026
13 0.920196 0.037618 0.946774 0.037618 0.946774 0.106583 0.920196 0.106583 0.920196 0.037618
9 0.126370 0.068495 0.139138 0.078057 0.049717 0.881989 0.036949 0.872427 
9 0.132757 0.090517 0.132750 0.056034 0.933481 0.054859 0.933489 0.089342 
9 0.927092 0.067400 0.939878 0.076801 0.851819 0.883209 0.839034 0.873808 
9 0.043329 0.894449 0.043337 0.859966 0.845431 0.861267 0.845422 0.895750 
18 0.543613 0.625738 0.829774 0.625738 0.829774 0.842159 0.543613 0.842159
18 0.652729 0.107681 0.900154 0.107681 0.900154 0.326431 0.652729 0.326431
18 0.132432 0.104189 0.415380 0.104189 0.415380 0.312908 0.132432 0.312908
18 0.076365 0.632973 0.323714 0.632973 0.323714 0.844116 0.076365 0.844116
