13 0.166135 0.800395 0.200618 0.800395 0.200618 0.832141 0.166135 0.832141 0.166135 0.800395
13 0.623278 0.800395 0.657761 0.800395 0.657761 0.832141 0.623278 0.832141 0.623278 0.800395
13 0.487097 0.612587 0.521580 0.612587 0.521580 0.644333 0.487097 0.644333 0.487097 0.612587
13 0.163858 0.164896 0.198340 0.164896 0.198340 0.196642 0.163858 0.196642 0.163858 0.164896
9 0.188001 0.822966 0.178752 0.809570 0.499714 0.621762 0.508963 0.635158 
9 0.183377 0.824204 0.183377 0.808331 0.640519 0.808331 0.640519 0.824204 
9 0.173922 0.185167 0.188275 0.176372 0.647696 0.811871 0.633343 0.820665 
9 0.172478 0.180795 0.189720 0.180743 0.191997 0.816242 0.174756 0.816294 
12 0.161576 0.723912 0.277185 0.723912 0.277185 0.830866 0.161576 0.830866
12 0.425541 0.613963 0.555991 0.613963 0.555991 0.738265 0.425541 0.738265
22 0.126200 0.835078 0.230354 0.835078 0.230354 0.934310 0.126200 0.934310
19 0.051278 0.453938 0.160940 0.453938 0.160940 0.549871 0.051278 0.549871
22 0.594646 0.835010 0.692014 0.835010 0.692014 0.935927 0.594646 0.935927
19 0.302407 0.601575 0.374745 0.601575 0.374745 0.694698 0.302407 0.694698
22 0.132937 0.054561 0.231062 0.054561 0.231062 0.151753 0.132937 0.151753
22 0.523950 0.531021 0.640167 0.531021 0.640167 0.632141 0.523950 0.632141
