13 0.075220 0.825039 0.092499 0.825039 0.092499 0.864840 0.075220 0.864840 0.075220 0.825039
13 0.075435 0.225826 0.092713 0.225826 0.092713 0.265627 0.075435 0.265627 0.075435 0.225826
13 0.928027 0.228968 0.945306 0.228968 0.945306 0.268769 0.928027 0.268769 0.928027 0.228968
9 0.079754 0.245718 0.088394 0.245735 0.088179 0.844947 0.079540 0.844931 
9 0.084067 0.255677 0.084081 0.235776 0.936674 0.238919 0.936660 0.258819 
9 0.085114 0.854461 0.082605 0.835418 0.935412 0.239347 0.937921 0.258390 
12 0.071558 0.218707 0.133138 0.218707 0.133138 0.362304 0.071558 0.362304
1 0.740821 0.258706 0.863931 0.258706 0.863931 0.472637 0.740821 0.472637
7 0.830291 0.255833 0.857620 0.255833 0.857620 0.310403 0.830291 0.310403
18 0.796905 0.440474 0.872633 0.440474 0.872633 0.576357 0.796905 0.576357
19 0.453406 0.121549 0.489305 0.121549 0.489305 0.217908 0.453406 0.217908
19 0.477701 0.584150 0.551479 0.584150 0.551479 0.708718 0.477701 0.708718
