13 0.138026 0.837774 0.159474 0.837774 0.159474 0.885112 0.138026 0.885112 0.138026 0.837774
13 0.138242 0.112741 0.159689 0.112741 0.159689 0.160078 0.138242 0.160078 0.138242 0.112741
13 0.496568 0.474263 0.518016 0.474263 0.518016 0.521601 0.496568 0.521601 0.496568 0.474263
13 0.854901 0.838464 0.876349 0.838464 0.876349 0.885801 0.854901 0.885801 0.854901 0.838464
13 0.854721 0.113341 0.876168 0.113341 0.876168 0.160678 0.854721 0.160678 0.854721 0.113341
9 0.148748 0.873277 0.148752 0.849609 0.865627 0.850298 0.865623 0.873967 
9 0.860083 0.137016 0.870806 0.137003 0.870987 0.862126 0.860263 0.862139 
9 0.148963 0.148244 0.148968 0.124575 0.865446 0.125175 0.865442 0.148844 
9 0.143604 0.136402 0.154327 0.136418 0.154112 0.861451 0.143388 0.861435 
9 0.150983 0.872203 0.146517 0.850683 0.863212 0.126250 0.867677 0.147769 
9 0.146730 0.147166 0.151202 0.125654 0.867861 0.851376 0.863389 0.872889 
16 0.683247 0.149377 0.721994 0.149377 0.721994 0.265976 0.683247 0.265976
16 0.392673 0.435938 0.432127 0.435938 0.432127 0.554626 0.392673 0.554626
16 0.284481 0.149813 0.319177 0.149813 0.319177 0.264968 0.284481 0.264968
16 0.166200 0.654687 0.204830 0.654687 0.204830 0.775301 0.166200 0.775301
22 0.885168 0.055659 0.936384 0.055659 0.936384 0.184075 0.885168 0.184075
16 0.485199 0.544023 0.525501 0.544023 0.525501 0.665994 0.485199 0.665994
22 0.580150 0.429337 0.631284 0.429337 0.631284 0.554853 0.580150 0.554853
22 0.879182 0.809048 0.933351 0.809048 0.933351 0.935974 0.879182 0.935974
16 0.484812 0.323171 0.524617 0.323171 0.524617 0.444737 0.484812 0.444737
22 0.080546 0.056870 0.131727 0.056870 0.131727 0.184364 0.080546 0.184364
22 0.077734 0.807886 0.131357 0.807886 0.131357 0.937195 0.077734 0.937195
