13 0.087982 0.229755 0.102018 0.229755 0.102018 0.259606 0.087982 0.259606 0.087982 0.229755
13 0.448935 0.230769 0.462970 0.230769 0.462970 0.260619 0.448935 0.260619 0.448935 0.230769
13 0.340602 0.768763 0.354637 0.768763 0.354637 0.798613 0.340602 0.798613 0.340602 0.768763
13 0.884649 0.767243 0.898684 0.767243 0.898684 0.797094 0.884649 0.797094 0.884649 0.767243
9 0.094995 0.252144 0.095005 0.237218 0.455957 0.238231 0.455948 0.253157 
9 0.454194 0.252153 0.457710 0.239235 0.893425 0.775710 0.889909 0.788627 
9 0.347624 0.791151 0.347614 0.776225 0.891662 0.774706 0.891671 0.789631 
9 0.092515 0.249949 0.097485 0.239412 0.350104 0.778419 0.345134 0.788956 
19 0.193087 0.086997 0.330985 0.086997 0.330985 0.214251 0.193087 0.214251
19 0.672215 0.356594 0.816640 0.356594 0.816640 0.489814 0.672215 0.489814
18 0.651554 0.622413 0.747735 0.622413 0.747735 0.751569 0.651554 0.751569
18 0.328723 0.599404 0.442462 0.599404 0.442462 0.728258 0.328723 0.728258
22 0.019602 0.135932 0.074966 0.135932 0.074966 0.270556 0.019602 0.270556
22 0.446574 0.074669 0.494923 0.074669 0.494923 0.208365 0.446574 0.208365
22 0.308125 0.811584 0.361776 0.811584 0.361776 0.944166 0.308125 0.944166
22 0.904895 0.733089 0.955088 0.733089 0.955088 0.872044 0.904895 0.872044
