13 0.034196 0.912312 0.052093 0.912312 0.052093 0.931497 0.034196 0.931497 0.034196 0.912312
13 0.135333 0.819693 0.153230 0.819693 0.153230 0.838878 0.135333 0.838878 0.135333 0.819693
13 0.735732 0.687551 0.753629 0.687551 0.753629 0.706735 0.735732 0.706735 0.735732 0.687551
13 0.536264 0.441836 0.554161 0.441836 0.554161 0.461021 0.536264 0.461021 0.536264 0.441836
13 0.668356 0.322471 0.686254 0.322471 0.686254 0.341656 0.668356 0.341656 0.668356 0.322471
13 0.336796 0.200204 0.354693 0.200204 0.354693 0.219388 0.336796 0.219388 0.336796 0.200204
13 0.858073 0.118979 0.875970 0.118979 0.875970 0.138164 0.858073 0.138164 0.858073 0.118979
9 0.046077 0.925527 0.040212 0.918282 0.674373 0.328441 0.680237 0.335686 
9 0.342382 0.212959 0.349108 0.206633 0.748044 0.693980 0.741318 0.700306 
9 0.145182 0.833984 0.143382 0.824588 0.743781 0.692445 0.745581 0.701841 
9 0.341520 0.208217 0.349970 0.211375 0.148507 0.830864 0.140057 0.827707 
9 0.346388 0.214542 0.345101 0.205050 0.866378 0.123825 0.867665 0.133318 
9 0.862661 0.127493 0.871381 0.129649 0.749041 0.698221 0.740321 0.696065 
19 0.563045 0.066069 0.652370 0.066069 0.652370 0.149194 0.563045 0.149194
22 0.886605 0.078838 0.952933 0.078838 0.952933 0.164139 0.886605 0.164139
22 0.308303 0.107297 0.372487 0.107297 0.372487 0.193495 0.308303 0.193495
2 0.403877 0.286352 0.485532 0.286352 0.485532 0.362920 0.403877 0.362920
22 0.530455 0.334381 0.591379 0.334381 0.591379 0.417933 0.530455 0.417933
19 0.834940 0.359663 0.920282 0.359663 0.920282 0.443750 0.834940 0.443750
12 0.482980 0.445220 0.601333 0.445220 0.601333 0.570823 0.482980 0.570823
2 0.599964 0.532559 0.684462 0.532559 0.684462 0.612076 0.599964 0.612076
22 0.749847 0.706674 0.811521 0.706674 0.811521 0.792708 0.749847 0.792708
19 0.404746 0.781898 0.491913 0.781898 0.491913 0.865702 0.404746 0.865702
19 0.354475 0.326944 0.411493 0.326944 0.411493 0.409184 0.354475 0.409184
22 0.076713 0.756083 0.136677 0.756083 0.136677 0.840321 0.076713 0.840321
