13 0.267485 0.156193 0.291015 0.156193 0.291015 0.199671 0.267485 0.199671 0.267485 0.156193
13 0.606821 0.333667 0.630351 0.333667 0.630351 0.377145 0.606821 0.377145 0.606821 0.333667
13 0.846235 0.456744 0.869765 0.456744 0.869765 0.500222 0.846235 0.500222 0.846235 0.456744
13 0.605244 0.564839 0.628773 0.564839 0.628773 0.608317 0.605244 0.608317 0.605244 0.564839
13 0.264902 0.728261 0.288431 0.728261 0.288431 0.771739 0.264902 0.771739 0.264902 0.728261
9 0.278108 0.760538 0.275225 0.739462 0.856559 0.467945 0.859441 0.489021 
9 0.277658 0.188396 0.280842 0.167468 0.859592 0.468019 0.856408 0.488947 
3 0.625107 0.462669 0.613767 0.588245 0.580975 0.700212 0.530285 0.786438 0.467190 0.837578 0.398527 0.848092 0.331737 0.816839 0.274058 0.747206 0.231740 0.646739 0.209369 0.526325 0.209369 0.399014 0.231740 0.278600 0.274058 0.178133 0.331737 0.108500 0.398527 0.077247 0.467190 0.087760 0.530285 0.138901 0.580975 0.225127 0.613767 0.337094 0.625107 0.462669
7 0.707379 0.440683 0.744938 0.440683 0.744938 0.504188 0.707379 0.504188
18 0.741452 0.045880 0.825006 0.045880 0.825006 0.237844 0.741452 0.237844
1 0.676471 0.173913 0.744118 0.173913 0.744118 0.505435 0.676471 0.505435
18 0.035951 0.368197 0.175018 0.368197 0.175018 0.555624 0.035951 0.555624
18 0.449627 0.390041 0.589886 0.390041 0.589886 0.575874 0.449627 0.575874
