13 0.116638 0.715852 0.135330 0.715852 0.135330 0.742971 0.116638 0.742971 0.116638 0.715852
13 0.641245 0.715726 0.659936 0.715726 0.659936 0.742845 0.641245 0.742845 0.641245 0.715726
13 0.813489 0.200726 0.832180 0.200726 0.832180 0.227845 0.813489 0.227845 0.813489 0.200726
13 0.288742 0.200726 0.307434 0.200726 0.307434 0.227845 0.288742 0.227845 0.288742 0.200726
9 0.125985 0.736191 0.125983 0.722632 0.650590 0.722506 0.650591 0.736065 
9 0.818631 0.211326 0.827039 0.217245 0.654795 0.732245 0.646386 0.726326 
9 0.298088 0.221065 0.298088 0.207506 0.822835 0.207506 0.822835 0.221065 
9 0.293883 0.211329 0.302293 0.217243 0.130189 0.732369 0.121779 0.726455 
18 0.302735 0.240472 0.467757 0.240472 0.467757 0.374011 0.302735 0.374011
22 0.206639 0.089212 0.285554 0.089212 0.285554 0.217534 0.206639 0.217534
22 0.038041 0.739553 0.119596 0.739553 0.119596 0.868504 0.038041 0.868504
22 0.842489 0.086893 0.923266 0.086893 0.923266 0.216753 0.842489 0.216753
22 0.634789 0.737039 0.720118 0.737039 0.720118 0.870611 0.634789 0.870611
19 0.338076 0.753223 0.431476 0.753223 0.431476 0.877285 0.338076 0.877285
19 0.762595 0.437291 0.854606 0.437291 0.854606 0.560905 0.762595 0.560905
