13 0.041825 0.115399 0.074747 0.115399 0.074747 0.183196 0.041825 0.183196 0.041825 0.115399
13 0.703812 0.114015 0.736734 0.114015 0.736734 0.181812 0.703812 0.181812 0.703812 0.114015
13 0.227446 0.702854 0.260368 0.702854 0.260368 0.770650 0.227446 0.770650 0.227446 0.702854
13 0.891939 0.702167 0.924861 0.702167 0.924861 0.769964 0.891939 0.769964 0.891939 0.702167
9 0.058294 0.166247 0.058277 0.132348 0.720264 0.130964 0.720281 0.164863 
9 0.243911 0.753701 0.243903 0.719803 0.908396 0.719116 0.908404 0.753015 
9 0.051387 0.158541 0.065184 0.140053 0.250806 0.727508 0.237008 0.745996 
9 0.713399 0.157237 0.727146 0.138590 0.915273 0.726742 0.901527 0.745389 
10 0.358025 0.076271 0.460905 0.076271 0.460905 0.237288 0.358025 0.237288
2 0.115226 0.389831 0.193416 0.389831 0.193416 0.525424 0.115226 0.525424
2 0.777778 0.389831 0.860082 0.389831 0.860082 0.525424 0.777778 0.525424
10 0.502058 0.669492 0.604938 0.669492 0.604938 0.830508 0.502058 0.830508
