13 0.224447 0.025437 0.243359 0.025437 0.243359 0.050753 0.224447 0.050753 0.224447 0.025437
13 0.690259 0.025437 0.709171 0.025437 0.709171 0.050753 0.690259 0.050753 0.690259 0.025437
13 0.014048 0.205913 0.032961 0.205913 0.032961 0.231230 0.014048 0.231230 0.014048 0.205913
13 0.239628 0.207342 0.258541 0.207342 0.258541 0.232658 0.239628 0.232658 0.239628 0.207342
13 0.663621 0.207342 0.682533 0.207342 0.682533 0.232658 0.663621 0.232658 0.663621 0.207342
13 0.877789 0.206682 0.896701 0.206682 0.896701 0.231999 0.877789 0.231999 0.877789 0.206682
13 0.261418 0.503825 0.280331 0.503825 0.280331 0.529142 0.261418 0.529142 0.261418 0.503825
13 0.014048 0.503056 0.032961 0.503056 0.032961 0.528373 0.014048 0.528373 0.014048 0.503056
13 0.619526 0.502666 0.638438 0.502666 0.638438 0.527983 0.619526 0.527983 0.619526 0.502666
13 0.877460 0.502507 0.896373 0.502507 0.896373 0.527823 0.877460 0.527823 0.877460 0.502507
13 0.282786 0.808001 0.301698 0.808001 0.301698 0.833318 0.282786 0.833318 0.282786 0.808001
13 0.571130 0.821627 0.590042 0.821627 0.590042 0.846944 0.571130 0.846944 0.571130 0.821627
9 0.695079 0.036852 0.704351 0.039338 0.585222 0.835529 0.575950 0.833043 
9 0.023501 0.224901 0.023507 0.212242 0.887248 0.213012 0.887242 0.225670 
9 0.229198 0.038724 0.238608 0.037467 0.296947 0.820031 0.287537 0.821288 
9 0.023507 0.522043 0.023502 0.509385 0.886914 0.508836 0.886919 0.521494 
16 0.173982 0.113397 0.224086 0.113397 0.224086 0.207265 0.173982 0.207265
16 0.259702 0.111324 0.309022 0.111324 0.309022 0.209370 0.259702 0.209370
16 0.575512 0.111376 0.652688 0.111376 0.652688 0.207482 0.575512 0.207482
16 0.699668 0.113170 0.777608 0.113170 0.777608 0.208544 0.699668 0.208544
20 0.905975 0.141736 0.962239 0.141736 0.962239 0.256637 0.905975 0.256637
16 0.176939 0.234965 0.228330 0.234965 0.228330 0.331772 0.176939 0.331772
16 0.264301 0.234551 0.315542 0.234551 0.315542 0.330695 0.264301 0.330695
16 0.567492 0.234601 0.640082 0.234601 0.640082 0.331037 0.567492 0.331037
16 0.685152 0.233786 0.764520 0.233786 0.764520 0.330803 0.685152 0.330803
16 0.193336 0.407645 0.243507 0.407645 0.243507 0.501893 0.193336 0.501893
16 0.279681 0.404735 0.329426 0.404735 0.329426 0.501414 0.279681 0.501414
16 0.532232 0.398127 0.612705 0.398127 0.612705 0.497643 0.532232 0.497643
16 0.650271 0.397739 0.729158 0.397739 0.729158 0.497273 0.650271 0.497273
20 0.910078 0.476850 0.960048 0.476850 0.960048 0.558190 0.910078 0.558190
16 0.198221 0.532737 0.244069 0.532737 0.244069 0.628673 0.198221 0.628673
16 0.284525 0.531622 0.334136 0.531622 0.334136 0.628501 0.284525 0.628501
16 0.546333 0.532556 0.597926 0.532556 0.597926 0.630075 0.546333 0.630075
16 0.631456 0.530703 0.710990 0.530703 0.710990 0.629390 0.631456 0.629390
20 0.253537 0.864995 0.325857 0.864995 0.325857 0.949247 0.253537 0.949247
20 0.542894 0.866080 0.600214 0.866080 0.600214 0.947539 0.542894 0.947539
