13 0.854830 0.829650 0.874780 0.829650 0.874780 0.861779 0.854830 0.861779 0.854830 0.829650
13 0.930776 0.682745 0.950726 0.682745 0.950726 0.714874 0.930776 0.714874 0.930776 0.682745
13 0.743087 0.682897 0.763038 0.682897 0.763038 0.715025 0.743087 0.715025 0.743087 0.682897
13 0.060947 0.683936 0.080897 0.683936 0.080897 0.716064 0.060947 0.716064 0.060947 0.683936
13 0.411688 0.241598 0.431639 0.241598 0.431639 0.273727 0.411688 0.273727 0.411688 0.241598
9 0.070926 0.708032 0.070918 0.691968 0.940746 0.690777 0.940755 0.706842 
9 0.073997 0.706324 0.067847 0.693676 0.418588 0.251339 0.424739 0.263986 
9 0.418492 0.263861 0.424835 0.251464 0.867977 0.839515 0.861633 0.851913 
22 0.389654 0.066579 0.461976 0.066579 0.461976 0.214158 0.389654 0.214158
22 0.027334 0.729005 0.094626 0.729005 0.094626 0.870958 0.027334 0.870958
22 0.694769 0.732717 0.770896 0.732717 0.770896 0.873319 0.694769 0.873319
