13 0.704286 0.153093 0.724286 0.153093 0.724286 0.172749 0.704286 0.172749 0.704286 0.153093
13 0.777937 0.430247 0.797937 0.430247 0.797937 0.449903 0.777937 0.449903 0.777937 0.430247
13 0.415714 0.433992 0.435714 0.433992 0.435714 0.453648 0.415714 0.453648 0.415714 0.433992
13 0.488776 0.507026 0.508776 0.507026 0.508776 0.526682 0.488776 0.526682 0.488776 0.507026
13 0.127143 0.717700 0.147143 0.717700 0.147143 0.737356 0.127143 0.737356 0.127143 0.717700
13 0.487143 0.717700 0.507143 0.717700 0.507143 0.737356 0.487143 0.737356 0.487143 0.717700
13 0.849048 0.715515 0.869048 0.715515 0.869048 0.735171 0.849048 0.735171 0.849048 0.715515
9 0.141163 0.728777 0.134099 0.721821 0.710518 0.156388 0.717582 0.163344 
9 0.709201 0.161064 0.718899 0.158668 0.863004 0.721954 0.853306 0.724351 
9 0.858140 0.718239 0.858170 0.728067 0.136554 0.730213 0.136524 0.720385 
9 0.139070 0.729537 0.134009 0.721060 0.498638 0.510767 0.503699 0.519243 
9 0.505470 0.517509 0.496866 0.512501 0.710840 0.157362 0.719444 0.162370 
9 0.501401 0.520816 0.498751 0.511339 0.784778 0.434089 0.787428 0.443565 
9 0.420173 0.446643 0.427142 0.439595 0.504653 0.513627 0.497683 0.520675 
9 0.496170 0.517023 0.506166 0.517278 0.500708 0.724353 0.490711 0.724098 
9 0.497546 0.520316 0.502606 0.511839 0.861777 0.718914 0.856717 0.727391 
3 0.918041 0.516450 0.895264 0.650599 0.829400 0.770210 0.727589 0.862323 0.600861 0.916955 0.462950 0.928186 0.328801 0.894799 0.212951 0.820412 0.127954 0.713086 0.083021 0.584452 0.083021 0.448449 0.127954 0.319814 0.212951 0.212489 0.328801 0.138102 0.462950 0.104715 0.600861 0.115946 0.727589 0.170578 0.829400 0.262691 0.895264 0.382302 0.918041 0.516450
22 0.695934 0.048358 0.761615 0.048358 0.761615 0.140246 0.695934 0.140246
22 0.866949 0.725703 0.935394 0.725703 0.935394 0.816300 0.866949 0.816300
22 0.623928 0.493245 0.695628 0.493245 0.695628 0.584711 0.623928 0.584711
22 0.045497 0.723471 0.125210 0.723471 0.125210 0.824712 0.045497 0.824712
5 0.238814 0.546502 0.322186 0.546502 0.322186 0.626758 0.238814 0.626758
5 0.528596 0.263748 0.611429 0.263748 0.611429 0.343546 0.528596 0.343546
24 0.706588 0.264390 0.797577 0.264390 0.797577 0.358384 0.706588 0.358384
24 0.776506 0.525194 0.867954 0.525194 0.867954 0.624221 0.776506 0.624221
2 0.296811 0.686313 0.337660 0.686313 0.337660 0.768000 0.296811 0.768000
2 0.659200 0.686930 0.699488 0.686930 0.699488 0.767522 0.659200 0.767522
12 0.484100 0.652425 0.573587 0.652425 0.573587 0.740991 0.484100 0.740991
12 0.418850 0.394738 0.523741 0.394738 0.523741 0.497820 0.418850 0.497820
12 0.714169 0.431147 0.811292 0.431147 0.811292 0.524566 0.714169 0.524566
