13 0.268043 0.126622 0.285396 0.126622 0.285396 0.153378 0.268043 0.153378 0.268043 0.126622
13 0.087620 0.475194 0.104973 0.475194 0.104973 0.501949 0.087620 0.501949 0.087620 0.475194
13 0.891323 0.475194 0.908677 0.475194 0.908677 0.501949 0.891323 0.501949 0.891323 0.475194
13 0.268638 0.830551 0.285992 0.830551 0.285992 0.857306 0.268638 0.857306 0.268638 0.830551
9 0.096296 0.495260 0.096296 0.481882 0.900000 0.481882 0.900000 0.495260 
9 0.273329 0.135828 0.280111 0.144172 0.099687 0.492744 0.092905 0.484399 
9 0.275240 0.146288 0.278199 0.133712 0.901479 0.482283 0.898521 0.494860 
9 0.092884 0.492703 0.099708 0.484440 0.280727 0.839797 0.273903 0.848060 
9 0.278821 0.850202 0.275809 0.837656 0.898494 0.482298 0.901506 0.494844 
22 0.244503 0.008495 0.313103 0.008495 0.313103 0.120350 0.244503 0.120350
0 0.241351 0.150624 0.324483 0.150624 0.324483 0.225139 0.241351 0.225139
22 0.012301 0.420583 0.082007 0.420583 0.082007 0.539453 0.012301 0.539453
22 0.906902 0.420978 0.970265 0.420978 0.970265 0.537319 0.906902 0.537319
0 0.242009 0.759027 0.323801 0.759027 0.323801 0.834262 0.242009 0.834262
22 0.249223 0.858265 0.310957 0.858265 0.310957 0.970067 0.249223 0.970067
