13 0.056231 0.385875 0.076903 0.385875 0.076903 0.408410 0.056231 0.408410 0.056231 0.385875
13 0.238355 0.488732 0.259027 0.488732 0.259027 0.511268 0.238355 0.511268 0.238355 0.488732
13 0.356156 0.200161 0.376828 0.200161 0.376828 0.222696 0.356156 0.222696 0.356156 0.200161
13 0.679891 0.040161 0.700563 0.040161 0.700563 0.062696 0.679891 0.062696 0.679891 0.040161
13 0.756076 0.378842 0.776748 0.378842 0.776748 0.401377 0.756076 0.401377 0.756076 0.378842
13 0.611749 0.701979 0.632421 0.701979 0.632421 0.724514 0.611749 0.724514 0.611749 0.701979
13 0.858774 0.843018 0.879446 0.843018 0.879446 0.865553 0.858774 0.865553 0.858774 0.843018
9 0.064174 0.402136 0.068960 0.392150 0.871503 0.849292 0.866717 0.859279 
9 0.685205 0.052758 0.695249 0.050099 0.874132 0.852956 0.864088 0.855615 
3 0.769706 0.452113 0.755496 0.544949 0.714404 0.627726 0.650883 0.691472 0.571817 0.729279 0.485774 0.737052 0.402078 0.713946 0.329799 0.662468 0.276770 0.588193 0.248736 0.499173 0.248736 0.405053 0.276770 0.316032 0.329799 0.241758 0.402078 0.190279 0.485774 0.167174 0.571817 0.174946 0.650883 0.212754 0.714404 0.276500 0.755496 0.359276 0.769706 0.452113
22 0.878636 0.841091 0.965416 0.841091 0.965416 0.927961 0.878636 0.927961
18 0.619918 0.531233 0.729700 0.531233 0.729700 0.620502 0.619918 0.620502
18 0.713604 0.677144 0.822300 0.677144 0.822300 0.763344 0.713604 0.763344
22 0.283091 0.130068 0.352002 0.130068 0.352002 0.218577 0.283091 0.218577
22 0.582719 0.727287 0.653524 0.727287 0.653524 0.817411 0.582719 0.817411
22 0.169159 0.498464 0.239145 0.498464 0.239145 0.588066 0.169159 0.588066
22 0.782211 0.335924 0.849047 0.335924 0.849047 0.424049 0.782211 0.424049
