13 0.043471 0.893615 0.062702 0.893615 0.062702 0.927229 0.043471 0.927229 0.043471 0.893615
13 0.087051 0.048843 0.106282 0.048843 0.106282 0.082456 0.087051 0.082456 0.087051 0.048843
13 0.307402 0.434234 0.326633 0.434234 0.326633 0.467847 0.307402 0.467847 0.307402 0.434234
13 0.591010 0.657612 0.610240 0.657612 0.610240 0.691225 0.591010 0.691225 0.591010 0.657612
13 0.512918 0.074589 0.532149 0.074589 0.532149 0.108202 0.512918 0.108202 0.512918 0.074589
13 0.963718 0.497728 0.982949 0.497728 0.982949 0.531342 0.963718 0.531342 0.963718 0.497728
9 0.054235 0.918582 0.051937 0.902262 0.972184 0.506375 0.974482 0.522695 
9 0.091878 0.064895 0.101455 0.066404 0.057875 0.911177 0.048298 0.909667 
9 0.096500 0.074048 0.096833 0.057251 0.522700 0.082997 0.522367 0.099794 
9 0.520259 0.098799 0.524808 0.083992 0.975608 0.507131 0.971059 0.521938 
9 0.517852 0.093311 0.527214 0.089480 0.605306 0.672503 0.595944 0.676334 
9 0.056483 0.916370 0.049690 0.904474 0.519137 0.085448 0.525930 0.097343 
9 0.093266 0.071589 0.100067 0.059709 0.320418 0.445100 0.313617 0.456981 
12 0.274981 0.311713 0.359133 0.311713 0.359133 0.459215 0.274981 0.459215
12 0.581935 0.551446 0.659839 0.551446 0.659839 0.682307 0.581935 0.682307
19 0.113394 0.276265 0.221355 0.276265 0.221355 0.389952 0.113394 0.389952
19 0.440845 0.750158 0.578279 0.750158 0.578279 0.865494 0.440845 0.865494
19 0.282927 0.508830 0.389917 0.508830 0.389917 0.622387 0.282927 0.622387
19 0.576371 0.326191 0.682881 0.326191 0.682881 0.442987 0.576371 0.442987
