13 0.170163 0.151396 0.184223 0.151396 0.184223 0.174318 0.170163 0.174318 0.170163 0.151396
13 0.546080 0.319448 0.560140 0.319448 0.560140 0.342370 0.546080 0.342370 0.546080 0.319448
13 0.882444 0.471396 0.896504 0.471396 0.896504 0.494318 0.882444 0.494318 0.882444 0.471396
13 0.077720 0.705901 0.091780 0.705901 0.091780 0.728824 0.077720 0.728824 0.077720 0.705901
13 0.384198 0.728539 0.398258 0.728539 0.398258 0.751461 0.384198 0.751461 0.384198 0.728539
13 0.545602 0.819967 0.559661 0.819967 0.559661 0.842890 0.545602 0.842890 0.545602 0.819967
9 0.174185 0.165822 0.180201 0.159892 0.394236 0.737035 0.388220 0.742965 
9 0.084591 0.723087 0.084909 0.711638 0.391387 0.734275 0.391069 0.745725 
9 0.173801 0.161354 0.180585 0.164360 0.088142 0.718866 0.081358 0.715860 
9 0.552172 0.336432 0.554049 0.325387 0.890412 0.477335 0.888535 0.488380 
9 0.554515 0.836267 0.550748 0.826590 0.887590 0.478019 0.891357 0.487695 
9 0.549595 0.330900 0.556625 0.330918 0.556147 0.831438 0.549117 0.831420 
22 0.154376 0.031937 0.202838 0.031937 0.202838 0.139448 0.154376 0.139448
22 0.393749 0.731460 0.441407 0.731460 0.441407 0.838422 0.393749 0.838422
22 0.030370 0.732431 0.085510 0.732431 0.085510 0.838506 0.030370 0.838506
22 0.524388 0.200190 0.568444 0.200190 0.568444 0.306387 0.524388 0.306387
22 0.515511 0.853302 0.573058 0.853302 0.573058 0.959344 0.515511 0.959344
22 0.904123 0.422531 0.971151 0.422531 0.971151 0.528833 0.904123 0.528833
