13 0.081193 0.223619 0.101143 0.223619 0.101143 0.250286 0.081193 0.250286 0.081193 0.223619
13 0.842589 0.226667 0.862539 0.226667 0.862539 0.253333 0.842589 0.253333 0.842589 0.226667
13 0.842589 0.803810 0.862539 0.803810 0.862539 0.830476 0.842589 0.830476 0.842589 0.803810
9 0.091153 0.243619 0.091183 0.230286 0.852579 0.233333 0.852549 0.246667 
9 0.847577 0.233333 0.857552 0.233333 0.857552 0.823810 0.847577 0.823810 
9 0.088698 0.242744 0.093638 0.231161 0.855034 0.811351 0.850094 0.822935 
22 0.035193 0.101739 0.109123 0.101739 0.109123 0.214722 0.035193 0.214722
22 0.857172 0.101808 0.928663 0.101808 0.928663 0.215917 0.857172 0.215917
19 0.444804 0.107602 0.513858 0.107602 0.513858 0.217024 0.444804 0.217024
19 0.416089 0.551149 0.478045 0.551149 0.478045 0.658239 0.416089 0.658239
22 0.863777 0.809083 0.927713 0.809083 0.927713 0.920956 0.863777 0.920956
12 0.754771 0.214559 0.870270 0.214559 0.870270 0.367926 0.754771 0.367926
18 0.706008 0.580028 0.828811 0.580028 0.828811 0.690898 0.706008 0.690898
19 0.869417 0.477807 0.940361 0.477807 0.940361 0.576488 0.869417 0.576488
