13 0.213812 0.268361 0.236411 0.268361 0.236411 0.314076 0.213812 0.314076 0.213812 0.268361
13 0.933145 0.268810 0.955744 0.268810 0.955744 0.314524 0.933145 0.314524 0.933145 0.268810
13 0.486701 0.557788 0.509299 0.557788 0.509299 0.603502 0.486701 0.603502 0.486701 0.557788
13 0.039589 0.849007 0.062188 0.849007 0.062188 0.894721 0.039589 0.894721 0.039589 0.849007
13 0.758923 0.849007 0.781522 0.849007 0.781522 0.894721 0.758923 0.894721 0.758923 0.849007
9 0.052616 0.882746 0.049162 0.860982 0.942718 0.280785 0.946171 0.302548 
9 0.225109 0.302647 0.225113 0.279790 0.944446 0.280238 0.944443 0.303095 
9 0.050889 0.883292 0.050889 0.860435 0.770222 0.860435 0.770222 0.883292 
9 0.222479 0.301331 0.227743 0.281106 0.772855 0.861752 0.767590 0.881976 
9 0.939259 0.282322 0.948936 0.294119 0.775061 0.877763 0.765383 0.865965 
9 0.216938 0.284825 0.226614 0.296628 0.052539 0.880588 0.042862 0.868785 
7 0.632768 0.371429 0.666667 0.371429 0.666667 0.457143 0.632768 0.457143
19 0.274011 0.405714 0.341808 0.405714 0.341808 0.542857 0.274011 0.542857
19 0.734463 0.468571 0.822034 0.468571 0.822034 0.697143 0.734463 0.697143
7 0.658192 0.680000 0.692090 0.680000 0.692090 0.748571 0.658192 0.748571
19 0.310734 0.697143 0.353107 0.697143 0.353107 0.794286 0.310734 0.794286
19 0.559322 0.057143 0.734463 0.057143 0.734463 0.194286 0.559322 0.194286
