13 0.883130 0.108957 0.902087 0.108957 0.902087 0.141478 0.883130 0.141478 0.883130 0.108957
13 0.090137 0.834070 0.109094 0.834070 0.109094 0.866590 0.090137 0.866590 0.090137 0.834070
13 0.882882 0.835168 0.901840 0.835168 0.901840 0.867689 0.882882 0.867689 0.882882 0.835168
13 0.090892 0.107549 0.109849 0.107549 0.109849 0.140070 0.090892 0.140070 0.090892 0.107549
9 0.100365 0.131940 0.100375 0.115679 0.892614 0.117087 0.892604 0.133347 
9 0.101845 0.857504 0.097386 0.843155 0.890379 0.118043 0.894838 0.132392 
9 0.099612 0.858460 0.099619 0.842200 0.892365 0.843298 0.892357 0.859559 
9 0.887869 0.125213 0.897348 0.125222 0.897100 0.851433 0.887622 0.851424 
19 0.205805 0.358126 0.440390 0.358126 0.440390 0.524822 0.205805 0.524822
19 0.914205 0.435533 0.966862 0.435533 0.966862 0.543280 0.914205 0.543280
12 0.791422 0.672047 0.906659 0.672047 0.906659 0.869071 0.791422 0.869071
18 0.580856 0.158604 0.707607 0.158604 0.707607 0.300520 0.580856 0.300520
