13 0.476604 0.194860 0.502494 0.194860 0.502494 0.224823 0.476604 0.224823 0.476604 0.194860
13 0.317696 0.432838 0.343586 0.432838 0.343586 0.462801 0.317696 0.462801 0.317696 0.432838
13 0.713031 0.550733 0.738921 0.550733 0.738921 0.580696 0.713031 0.580696 0.713031 0.550733
13 0.082157 0.787124 0.108047 0.787124 0.108047 0.817087 0.082157 0.817087 0.082157 0.787124
13 0.555320 0.788628 0.581210 0.788628 0.581210 0.818590 0.555320 0.818590 0.555320 0.788628
13 0.869990 0.787708 0.895880 0.787708 0.895880 0.817670 0.869990 0.817670 0.869990 0.787708
9 0.484415 0.214404 0.494682 0.205279 0.888069 0.798127 0.877802 0.807251 
9 0.095097 0.809596 0.095106 0.794615 0.882939 0.795198 0.882931 0.810180 
9 0.484423 0.205268 0.494675 0.214414 0.100228 0.806678 0.089975 0.797532 
9 0.325520 0.452400 0.335762 0.443239 0.573386 0.799028 0.563144 0.808190 
9 0.720840 0.561155 0.731111 0.570274 0.573400 0.808169 0.563130 0.799049 
22 0.237293 0.303236 0.331144 0.303236 0.331144 0.434215 0.237293 0.434215
22 0.443371 0.041401 0.530328 0.041401 0.530328 0.172924 0.443371 0.172924
22 0.728356 0.406777 0.857096 0.406777 0.857096 0.540491 0.728356 0.540491
22 0.841729 0.832006 0.922960 0.832006 0.922960 0.965813 0.841729 0.965813
22 0.519411 0.831222 0.616267 0.831222 0.616267 0.962130 0.519411 0.962130
22 0.048447 0.833309 0.135667 0.833309 0.135667 0.967901 0.048447 0.967901
0 0.123307 0.709943 0.189628 0.709943 0.189628 0.816693 0.123307 0.816693
0 0.598021 0.716285 0.659725 0.716285 0.659725 0.815325 0.598021 0.815325
2 0.602642 0.642521 0.685862 0.642521 0.685862 0.722646 0.602642 0.722646
2 0.761566 0.641798 0.844593 0.641798 0.844593 0.723339 0.761566 0.723339
