13 0.270314 0.053414 0.301686 0.053414 0.301686 0.080081 0.270314 0.080081 0.270314 0.053414
13 0.432205 0.157725 0.463577 0.157725 0.463577 0.184392 0.432205 0.184392 0.432205 0.157725
13 0.840358 0.160490 0.871730 0.160490 0.871730 0.187157 0.840358 0.187157 0.840358 0.160490
13 0.762028 0.366764 0.793401 0.366764 0.793401 0.393430 0.762028 0.393430 0.762028 0.366764
13 0.532341 0.436043 0.563713 0.436043 0.563713 0.462709 0.532341 0.462709 0.532341 0.436043
13 0.260028 0.514579 0.291401 0.514579 0.291401 0.541246 0.260028 0.541246 0.260028 0.514579
13 0.036262 0.578458 0.067634 0.578458 0.067634 0.605125 0.036262 0.605125 0.036262 0.578458
13 0.645093 0.726296 0.676465 0.726296 0.676465 0.752963 0.645093 0.752963 0.645093 0.726296
13 0.893405 0.860894 0.924777 0.860894 0.924777 0.887561 0.893405 0.887561 0.893405 0.860894
13 0.715223 0.937682 0.746595 0.937682 0.746595 0.964348 0.715223 0.964348 0.715223 0.937682
13 0.567391 0.947272 0.598763 0.947272 0.598763 0.973938 0.567391 0.973938 0.567391 0.947272
9 0.848521 0.171938 0.863567 0.175709 0.590600 0.962491 0.575554 0.958719 
9 0.440396 0.173024 0.455386 0.169094 0.738404 0.949050 0.723414 0.952980 
9 0.271471 0.533519 0.279957 0.522306 0.913334 0.868621 0.904848 0.879835 
9 0.054494 0.598097 0.049402 0.585486 0.775169 0.373791 0.780260 0.386403 
9 0.281295 0.072082 0.290705 0.061414 0.782419 0.374763 0.773010 0.385431 
9 0.440635 0.168529 0.455148 0.173588 0.282971 0.530442 0.268458 0.525383 
22 0.478206 0.079198 0.577528 0.079198 0.577528 0.176639 0.478206 0.176639
16 0.502563 0.237946 0.569249 0.237946 0.569249 0.320315 0.502563 0.320315
16 0.405970 0.246758 0.469519 0.246758 0.469519 0.330473 0.405970 0.330473
16 0.613041 0.310239 0.681363 0.310239 0.681363 0.395593 0.613041 0.395593
22 0.802908 0.343439 0.902358 0.343439 0.902358 0.438389 0.802908 0.438389
16 0.436245 0.369298 0.505735 0.369298 0.505735 0.454417 0.436245 0.454417
16 0.325071 0.395803 0.384315 0.395803 0.384315 0.479109 0.325071 0.479109
16 0.662825 0.412882 0.732216 0.412882 0.732216 0.496013 0.662825 0.496013
22 0.460801 0.475034 0.555733 0.475034 0.555733 0.564999 0.460801 0.564999
16 0.363173 0.502825 0.431031 0.502825 0.431031 0.585594 0.363173 0.585594
16 0.624630 0.535540 0.692497 0.535540 0.692497 0.621791 0.624630 0.621791
22 0.208206 0.558692 0.303578 0.558692 0.303578 0.651067 0.208206 0.651067
16 0.524514 0.585180 0.590909 0.585180 0.590909 0.671045 0.524514 0.671045
22 0.521152 0.714326 0.614858 0.714326 0.614858 0.806572 0.521152 0.806572
