13 0.085025 0.807798 0.105858 0.807798 0.105858 0.833521 0.085025 0.833521 0.085025 0.807798
13 0.585025 0.807798 0.605858 0.807798 0.605858 0.833521 0.585025 0.833521 0.585025 0.807798
13 0.918287 0.806567 0.939120 0.806567 0.939120 0.832290 0.918287 0.832290 0.918287 0.806567
13 0.751312 0.193614 0.772145 0.193614 0.772145 0.219338 0.751312 0.219338 0.751312 0.193614
13 0.085813 0.190812 0.106647 0.190812 0.106647 0.216535 0.085813 0.216535 0.085813 0.190812
9 0.095448 0.827090 0.095435 0.814228 0.928697 0.812998 0.928710 0.825859 
9 0.756792 0.208526 0.766665 0.204426 0.933640 0.817378 0.923767 0.821479 
9 0.096212 0.210104 0.096248 0.197243 0.761746 0.200045 0.761711 0.212907 
9 0.091022 0.203663 0.101438 0.203684 0.100650 0.820669 0.090233 0.820649 
9 0.092546 0.208219 0.099915 0.199128 0.599126 0.816114 0.591757 0.825204 
10 0.619663 0.159961 0.686613 0.159961 0.686613 0.250177 0.619663 0.250177
19 0.020031 0.479626 0.078785 0.479626 0.078785 0.581385 0.020031 0.581385
12 0.078592 0.696201 0.194272 0.696201 0.194272 0.839781 0.078592 0.839781
10 0.787347 0.774538 0.851765 0.774538 0.851765 0.862713 0.787347 0.862713
19 0.396613 0.080911 0.460845 0.080911 0.460845 0.185109 0.396613 0.185109
19 0.731011 0.841408 0.795361 0.841408 0.795361 0.944929 0.731011 0.944929
