13 0.757966 0.179975 0.781495 0.179975 0.781495 0.204440 0.757966 0.204440 0.757966 0.179975
13 0.654444 0.286815 0.677973 0.286815 0.677973 0.311280 0.654444 0.311280 0.654444 0.286815
13 0.404169 0.546053 0.427699 0.546053 0.427699 0.570518 0.404169 0.570518 0.404169 0.546053
13 0.759036 0.544910 0.782565 0.544910 0.782565 0.569375 0.759036 0.569375 0.759036 0.544910
13 0.883840 0.544910 0.907369 0.544910 0.907369 0.569375 0.883840 0.569375 0.883840 0.544910
13 0.654381 0.542717 0.677910 0.542717 0.677910 0.567182 0.654381 0.567182 0.654381 0.542717
9 0.887222 0.547764 0.887274 0.559997 0.416274 0.562135 0.416223 0.549903 
9 0.420402 0.560350 0.412095 0.551688 0.766887 0.183860 0.775194 0.192522 
9 0.765158 0.188155 0.776923 0.188227 0.774866 0.556054 0.763102 0.555983 
9 0.660263 0.297206 0.672028 0.297307 0.669971 0.556069 0.658207 0.555968 
3 0.769274 0.557595 0.750142 0.676803 0.694820 0.783092 0.609303 0.864946 0.502858 0.913493 0.387020 0.923473 0.274342 0.893805 0.177034 0.827703 0.105641 0.732331 0.067900 0.618023 0.067900 0.497167 0.105641 0.382859 0.177034 0.287487 0.274342 0.221385 0.387020 0.191717 0.502858 0.201697 0.609303 0.250244 0.694820 0.332098 0.750142 0.438387 0.769274 0.557595
22 0.368284 0.597403 0.462322 0.597403 0.462322 0.708421 0.368284 0.708421
22 0.649748 0.581715 0.727115 0.581715 0.727115 0.690730 0.649748 0.690730
22 0.779318 0.613168 0.862314 0.613168 0.862314 0.726152 0.779318 0.726152
22 0.758028 0.058174 0.847636 0.058174 0.847636 0.167148 0.758028 0.167148
22 0.646624 0.145700 0.720142 0.145700 0.720142 0.255681 0.646624 0.255681
19 0.474510 0.304440 0.536284 0.304440 0.536284 0.411457 0.474510 0.411457
12 0.579672 0.464984 0.683544 0.464984 0.683544 0.571709 0.579672 0.571709
12 0.680098 0.466275 0.781889 0.466275 0.781889 0.570688 0.680098 0.570688
