13 0.209853 0.653607 0.232452 0.653607 0.232452 0.690990 0.209853 0.690990 0.209853 0.653607
13 0.468871 0.651638 0.491470 0.651638 0.491470 0.689021 0.468871 0.689021 0.468871 0.651638
13 0.857213 0.652737 0.879812 0.652737 0.879812 0.690120 0.857213 0.690120 0.857213 0.652737
13 0.206216 0.076087 0.228815 0.076087 0.228815 0.113470 0.206216 0.113470 0.206216 0.076087
13 0.592507 0.078451 0.615106 0.078451 0.615106 0.115834 0.592507 0.115834 0.592507 0.078451
9 0.221157 0.681644 0.221148 0.662952 0.868508 0.662083 0.868517 0.680774 
9 0.599313 0.102809 0.608299 0.091476 0.873005 0.665762 0.864019 0.677095 
9 0.217495 0.104124 0.217537 0.085433 0.603827 0.087797 0.603785 0.106489 
9 0.211866 0.094876 0.223165 0.094681 0.226802 0.672201 0.215503 0.672395 
9 0.213007 0.100409 0.222025 0.089147 0.484679 0.664699 0.475661 0.675961 
12 0.205794 0.548019 0.297425 0.548019 0.297425 0.694832 0.205794 0.694832
1 0.211864 0.728972 0.488701 0.728972 0.488701 0.799065 0.211864 0.799065
1 0.471751 0.724299 0.881356 0.724299 0.881356 0.799065 0.471751 0.799065
8 0.210943 0.731214 0.275738 0.731214 0.275738 0.789155 0.210943 0.789155
8 0.424995 0.731995 0.492176 0.731995 0.492176 0.790248 0.424995 0.790248
8 0.471187 0.730950 0.536843 0.730950 0.536843 0.789466 0.471187 0.789466
8 0.820895 0.732367 0.883607 0.732367 0.883607 0.791013 0.820895 0.791013
19 0.027108 0.312456 0.194219 0.312456 0.194219 0.443819 0.027108 0.443819
19 0.595853 0.781627 0.766059 0.781627 0.766059 0.912504 0.595853 0.912504
19 0.272595 0.781127 0.445198 0.781127 0.445198 0.911623 0.272595 0.911623
