13 0.950121 0.025731 0.964280 0.025731 0.964280 0.047236 0.950121 0.047236 0.950121 0.025731
13 0.893296 0.106390 0.907456 0.106390 0.907456 0.127896 0.893296 0.127896 0.893296 0.106390
13 0.816229 0.206390 0.830388 0.206390 0.830388 0.227896 0.816229 0.227896 0.816229 0.206390
13 0.199687 0.263533 0.213847 0.263533 0.213847 0.285038 0.199687 0.285038 0.199687 0.263533
13 0.017501 0.279797 0.031660 0.279797 0.031660 0.301302 0.017501 0.301302 0.017501 0.279797
13 0.616981 0.468104 0.631140 0.468104 0.631140 0.489610 0.616981 0.489610 0.616981 0.468104
13 0.810590 0.565247 0.824749 0.565247 0.824749 0.586753 0.810590 0.586753 0.810590 0.565247
13 0.511717 0.606390 0.525877 0.606390 0.525877 0.627896 0.511717 0.627896 0.511717 0.606390
13 0.904430 0.611225 0.918589 0.611225 0.918589 0.632731 0.904430 0.632731 0.904430 0.611225
13 0.619612 0.728104 0.633771 0.728104 0.633771 0.749610 0.619612 0.749610 0.619612 0.728104
13 0.686385 0.799797 0.700544 0.799797 0.700544 0.821302 0.686385 0.821302 0.686385 0.799797
13 0.338785 0.840676 0.352944 0.840676 0.352944 0.862181 0.338785 0.862181 0.338785 0.840676
13 0.250126 0.959247 0.264285 0.959247 0.264285 0.980753 0.250126 0.980753 0.250126 0.959247
9 0.259541 0.974040 0.254870 0.965960 0.954865 0.032444 0.959536 0.040524 
9 0.024794 0.295916 0.024367 0.285183 0.823094 0.211776 0.823522 0.222509 
9 0.205673 0.279399 0.207861 0.269172 0.912603 0.616865 0.910416 0.627091 
9 0.204688 0.278638 0.208846 0.269934 0.695543 0.806198 0.691386 0.814901 
16 0.796555 0.117570 0.833039 0.117570 0.833039 0.194523 0.796555 0.194523
22 0.904174 0.110390 0.954343 0.110390 0.954343 0.195098 0.904174 0.195098
22 0.185136 0.162824 0.234972 0.162824 0.234972 0.246049 0.185136 0.246049
22 0.835601 0.190848 0.882084 0.190848 0.882084 0.272642 0.835601 0.272642
16 0.705677 0.233773 0.742713 0.233773 0.742713 0.309277 0.705677 0.309277
16 0.355233 0.265574 0.391744 0.265574 0.391744 0.339121 0.355233 0.339121
16 0.344005 0.354081 0.379750 0.354081 0.379750 0.429878 0.344005 0.429878
22 0.668686 0.414344 0.716996 0.414344 0.716996 0.495074 0.668686 0.495074
22 0.795574 0.469659 0.847542 0.469659 0.847542 0.551328 0.795574 0.551328
16 0.500898 0.513541 0.534914 0.513541 0.534914 0.589965 0.500898 0.589965
16 0.545456 0.574958 0.581146 0.574958 0.581146 0.649052 0.545456 0.649052
16 0.456605 0.582696 0.492329 0.582696 0.492329 0.656564 0.456605 0.656564
22 0.607434 0.632848 0.660558 0.632848 0.660558 0.716461 0.607434 0.716461
22 0.490618 0.650974 0.538225 0.650974 0.538225 0.736052 0.490618 0.736052
22 0.349781 0.839023 0.396892 0.839023 0.396892 0.922636 0.349781 0.922636
