13 0.075395 0.556112 0.109293 0.556112 0.109293 0.614506 0.075395 0.614506 0.075395 0.556112
13 0.294200 0.432753 0.328099 0.432753 0.328099 0.491147 0.294200 0.491147 0.294200 0.432753
13 0.514432 0.555039 0.548330 0.555039 0.548330 0.613434 0.514432 0.613434 0.514432 0.555039
13 0.896726 0.557526 0.930624 0.557526 0.930624 0.615920 0.896726 0.615920 0.896726 0.557526
13 0.414691 0.095713 0.448590 0.095713 0.448590 0.154107 0.414691 0.154107 0.414691 0.095713
9 0.092335 0.599907 0.092352 0.570710 0.913684 0.572124 0.913667 0.601321 
9 0.427522 0.137668 0.435760 0.112152 0.917794 0.573964 0.909556 0.599481 
3 0.538447 0.460750 0.525988 0.589366 0.489961 0.704043 0.434271 0.792357 0.364952 0.844735 0.289516 0.855503 0.216137 0.823493 0.152768 0.752175 0.106276 0.649276 0.081698 0.525947 0.081698 0.395554 0.106276 0.272225 0.152768 0.169326 0.216137 0.098008 0.289516 0.065998 0.364952 0.076766 0.434271 0.129144 0.489961 0.217457 0.525988 0.332135 0.538447 0.460750
19 0.677137 0.591189 0.732561 0.591189 0.732561 0.700339 0.677137 0.700339
19 0.280766 0.598938 0.334593 0.598938 0.334593 0.722789 0.280766 0.722789
19 0.666871 0.211050 0.721202 0.211050 0.721202 0.339483 0.666871 0.339483
22 0.271836 0.269990 0.349145 0.269990 0.349145 0.405555 0.271836 0.405555
