13 0.243267 0.052910 0.272571 0.052910 0.272571 0.089947 0.243267 0.089947 0.243267 0.052910
13 0.433705 0.051295 0.463009 0.051295 0.463009 0.088332 0.433705 0.088332 0.433705 0.051295
13 0.625619 0.052910 0.654924 0.052910 0.654924 0.089947 0.625619 0.089947 0.625619 0.052910
13 0.720944 0.265101 0.750248 0.265101 0.750248 0.302138 0.720944 0.302138 0.720944 0.265101
13 0.815078 0.471005 0.844382 0.471005 0.844382 0.508042 0.815078 0.508042 0.815078 0.471005
13 0.716184 0.682154 0.745488 0.682154 0.745488 0.719191 0.716184 0.719191 0.716184 0.682154
13 0.624923 0.886317 0.654227 0.886317 0.654227 0.923354 0.624923 0.923354 0.624923 0.886317
13 0.433647 0.887725 0.462951 0.887725 0.462951 0.924762 0.433647 0.924762 0.433647 0.887725
13 0.243267 0.887196 0.272571 0.887196 0.272571 0.924233 0.243267 0.924233 0.243267 0.887196
13 0.151048 0.678544 0.180352 0.678544 0.180352 0.715581 0.151048 0.715581 0.151048 0.678544
13 0.052886 0.469524 0.082190 0.469524 0.082190 0.506561 0.052886 0.506561 0.052886 0.469524
13 0.148314 0.263416 0.177618 0.263416 0.177618 0.300453 0.148314 0.300453 0.148314 0.263416
13 0.433834 0.468954 0.463138 0.468954 0.463138 0.505991 0.433834 0.505991 0.433834 0.468954
9 0.257932 0.914974 0.257905 0.896455 0.639562 0.895576 0.639589 0.914094 
9 0.823389 0.484886 0.836071 0.494161 0.645916 0.909473 0.633235 0.900198 
9 0.633914 0.076030 0.646629 0.066827 0.836087 0.484922 0.823373 0.494126 
9 0.257919 0.080688 0.257919 0.062169 0.640271 0.062169 0.640271 0.080688 
9 0.251575 0.066798 0.264262 0.076059 0.073882 0.492673 0.061194 0.483411 
9 0.061190 0.492664 0.073886 0.483420 0.264267 0.901092 0.251571 0.910336 
9 0.441031 0.069813 0.455683 0.069814 0.455625 0.906244 0.440973 0.906243 
3 0.773020 0.486205 0.755315 0.620305 0.704118 0.739872 0.624978 0.831951 0.526471 0.886563 0.419270 0.897790 0.314994 0.864416 0.224942 0.790056 0.158872 0.682769 0.123945 0.554182 0.123945 0.418228 0.158872 0.289641 0.224942 0.182354 0.314994 0.107995 0.419270 0.074620 0.526471 0.085847 0.624978 0.140459 0.704118 0.232538 0.755315 0.352106 0.773020 0.486205
19 0.484197 0.427665 0.668010 0.427665 0.668010 0.535084 0.484197 0.535084
