13 0.342548 0.197209 0.363545 0.197209 0.363545 0.225279 0.342548 0.225279 0.342548 0.197209
13 0.553034 0.228632 0.574031 0.228632 0.574031 0.256702 0.553034 0.256702 0.553034 0.228632
13 0.762008 0.258536 0.783006 0.258536 0.783006 0.286607 0.762008 0.286607 0.762008 0.258536
13 0.572288 0.502908 0.593285 0.502908 0.593285 0.530979 0.572288 0.530979 0.572288 0.502908
13 0.748048 0.494536 0.769046 0.494536 0.769046 0.522607 0.748048 0.522607 0.748048 0.494536
13 0.311020 0.547309 0.332017 0.547309 0.332017 0.575380 0.311020 0.575380 0.311020 0.547309
9 0.352476 0.218220 0.353617 0.204268 0.773078 0.265595 0.771936 0.279547 
9 0.558306 0.243322 0.568759 0.242011 0.588013 0.516288 0.577560 0.517599 
3 0.582794 0.560161 0.568558 0.674206 0.527394 0.775893 0.463762 0.854202 0.384557 0.900647 0.298364 0.910195 0.214521 0.881811 0.142115 0.818572 0.088993 0.727330 0.060910 0.617972 0.060910 0.502350 0.088993 0.392992 0.142115 0.301750 0.214521 0.238510 0.298364 0.210127 0.384557 0.219675 0.463762 0.266120 0.527394 0.344429 0.568558 0.446116 0.582794 0.560161
3 0.936212 0.508196 0.926602 0.585180 0.898815 0.653821 0.855862 0.706682 0.802397 0.738033 0.744214 0.744478 0.687618 0.725319 0.638742 0.682630 0.602883 0.621040 0.583926 0.547220 0.583926 0.469172 0.602883 0.395353 0.638742 0.333762 0.687618 0.291074 0.744214 0.271915 0.802397 0.278360 0.855862 0.309711 0.898815 0.362572 0.926602 0.431213 0.936212 0.508196
22 0.318183 0.051228 0.395152 0.051228 0.395152 0.179424 0.318183 0.179424
22 0.528840 0.078886 0.598275 0.078886 0.598275 0.207854 0.528840 0.207854
22 0.746945 0.112131 0.827579 0.112131 0.827579 0.236990 0.746945 0.236990
22 0.723722 0.551231 0.795479 0.551231 0.795479 0.677285 0.723722 0.677285
22 0.481157 0.454833 0.547288 0.454833 0.547288 0.581523 0.481157 0.581523
22 0.279153 0.606509 0.362013 0.606509 0.362013 0.731189 0.279153 0.731189
