13 0.422981 0.202807 0.453515 0.202807 0.453515 0.236995 0.422981 0.236995 0.422981 0.202807
13 0.722066 0.530886 0.752600 0.530886 0.752600 0.565074 0.722066 0.565074 0.722066 0.530886
13 0.425587 0.538250 0.456121 0.538250 0.456121 0.572438 0.425587 0.572438 0.425587 0.538250
13 0.641489 0.770295 0.672023 0.770295 0.672023 0.804483 0.641489 0.804483 0.641489 0.770295
9 0.431238 0.223285 0.445258 0.216518 0.663766 0.784005 0.649746 0.790773 
9 0.432906 0.226007 0.443590 0.213796 0.742675 0.541875 0.731991 0.554086 
3 0.738965 0.553847 0.722602 0.663636 0.675288 0.761527 0.602148 0.836913 0.511110 0.881625 0.412038 0.890816 0.315669 0.863492 0.232445 0.802613 0.171385 0.714777 0.139107 0.609501 0.139107 0.498194 0.171385 0.392918 0.232445 0.305082 0.315669 0.244202 0.412038 0.216878 0.511110 0.226070 0.602148 0.270781 0.675288 0.346167 0.722602 0.444059 0.738965 0.553847
22 0.389538 0.052844 0.500813 0.052844 0.500813 0.190409 0.389538 0.190409
22 0.761129 0.491472 0.878866 0.491472 0.878866 0.633824 0.761129 0.633824
22 0.363669 0.593759 0.490407 0.593759 0.490407 0.734632 0.363669 0.734632
22 0.639915 0.788304 0.747686 0.788304 0.747686 0.923478 0.639915 0.923478
