13 0.021840 0.716522 0.034827 0.716522 0.034827 0.749580 0.021840 0.749580 0.021840 0.716522
13 0.021840 0.360590 0.034827 0.360590 0.034827 0.393648 0.021840 0.393648 0.021840 0.360590
13 0.352900 0.363286 0.365887 0.363286 0.365887 0.396344 0.352900 0.396344 0.352900 0.363286
13 0.352994 0.716848 0.365981 0.716848 0.365981 0.749906 0.352994 0.749906 0.352994 0.716848
13 0.456840 0.716522 0.469827 0.716522 0.469827 0.749580 0.456840 0.749580 0.456840 0.716522
13 0.456173 0.237708 0.469160 0.237708 0.469160 0.270766 0.456173 0.270766 0.456173 0.237708
13 0.946284 0.237708 0.959271 0.237708 0.959271 0.270766 0.946284 0.270766 0.946284 0.237708
13 0.945887 0.716522 0.958874 0.716522 0.958874 0.749580 0.945887 0.749580 0.945887 0.716522
9 0.025087 0.368854 0.031580 0.368854 0.031580 0.741315 0.025087 0.741315 
9 0.028332 0.741315 0.028335 0.724786 0.359488 0.725112 0.359486 0.741641 
9 0.356147 0.379821 0.362641 0.379810 0.362734 0.733371 0.356240 0.733382 
9 0.028323 0.385383 0.028344 0.368854 0.359404 0.371551 0.359384 0.388080 
9 0.459420 0.254267 0.465913 0.254208 0.466580 0.733022 0.460087 0.733080 
9 0.463333 0.741315 0.463333 0.724786 0.952381 0.724786 0.952381 0.741315 
9 0.949531 0.254220 0.956025 0.254255 0.955628 0.733068 0.949134 0.733033 
9 0.462667 0.262502 0.462667 0.245973 0.952778 0.245973 0.952778 0.262502 
19 0.155170 0.195908 0.230373 0.195908 0.230373 0.308072 0.155170 0.308072
17 0.108457 0.764653 0.281346 0.764653 0.281346 0.895486 0.108457 0.895486
17 0.617345 0.763413 0.806559 0.763413 0.806559 0.896885 0.617345 0.896885
19 0.673803 0.105957 0.747558 0.105957 0.747558 0.211766 0.673803 0.211766
