13 0.141124 0.500258 0.155512 0.500258 0.155512 0.518155 0.141124 0.518155 0.141124 0.500258
13 0.538677 0.156766 0.553066 0.156766 0.553066 0.174663 0.538677 0.174663 0.538677 0.156766
13 0.538677 0.501256 0.553066 0.501256 0.553066 0.519153 0.538677 0.519153 0.538677 0.501256
13 0.811613 0.499623 0.826002 0.499623 0.826002 0.517520 0.811613 0.517520 0.811613 0.499623
13 0.539251 0.843194 0.553639 0.843194 0.553639 0.861091 0.539251 0.861091 0.539251 0.843194
9 0.148321 0.513681 0.148315 0.504732 0.818805 0.504097 0.818810 0.513046 
9 0.542274 0.165719 0.549469 0.165710 0.550042 0.852138 0.542848 0.852148 
9 0.150370 0.512881 0.146266 0.505532 0.543819 0.162040 0.547924 0.169389 
9 0.543315 0.168862 0.548428 0.162566 0.821363 0.505423 0.816251 0.511720 
9 0.816246 0.505430 0.821369 0.511713 0.549006 0.855284 0.543884 0.849001 
9 0.146270 0.512885 0.150366 0.505528 0.548493 0.848464 0.544397 0.855821 
2 0.502822 0.307598 0.589798 0.307598 0.589798 0.360767 0.502822 0.360767
2 0.503002 0.653715 0.590502 0.653715 0.590502 0.708262 0.503002 0.708262
2 0.659265 0.454859 0.702279 0.454859 0.702279 0.565396 0.659265 0.565396
12 0.484321 0.430610 0.558611 0.430610 0.558611 0.524989 0.484321 0.524989
22 0.068451 0.462015 0.134448 0.462015 0.134448 0.553218 0.068451 0.553218
22 0.509844 0.865239 0.578712 0.865239 0.578712 0.954424 0.509844 0.954424
19 0.285364 0.690203 0.357277 0.690203 0.357277 0.774296 0.285364 0.774296
22 0.516726 0.067307 0.581485 0.067307 0.581485 0.154535 0.516726 0.154535
19 0.680968 0.687707 0.728785 0.687707 0.728785 0.772198 0.680968 0.772198
19 0.285111 0.238561 0.357613 0.238561 0.357613 0.323380 0.285111 0.323380
19 0.680870 0.248023 0.728781 0.248023 0.728781 0.331716 0.680870 0.331716
22 0.830343 0.464200 0.893256 0.464200 0.893256 0.555003 0.830343 0.555003
18 0.222562 0.415768 0.283090 0.415768 0.283090 0.505659 0.222562 0.505659
