13 0.608573 0.167783 0.640962 0.167783 0.640962 0.206808 0.608573 0.206808 0.608573 0.167783
13 0.142817 0.461281 0.175206 0.461281 0.175206 0.500306 0.142817 0.500306 0.142817 0.461281
13 0.849831 0.832571 0.882219 0.832571 0.882219 0.871596 0.849831 0.871596 0.849831 0.832571
9 0.150318 0.490841 0.156731 0.472924 0.869231 0.843125 0.862819 0.861042 
9 0.618786 0.196475 0.633619 0.188644 0.873442 0.848168 0.858609 0.855998 
9 0.157881 0.489791 0.150405 0.472482 0.620264 0.177860 0.627740 0.195169 
22 0.578947 0.043902 0.668016 0.043902 0.668016 0.160976 0.578947 0.160976
18 0.514170 0.253659 0.643725 0.253659 0.643725 0.370732 0.514170 0.370732
19 0.744939 0.404878 0.850202 0.404878 0.850202 0.517073 0.744939 0.517073
18 0.246964 0.419512 0.380567 0.419512 0.380567 0.531707 0.246964 0.531707
22 0.056680 0.482927 0.137652 0.482927 0.137652 0.600000 0.056680 0.600000
19 0.433198 0.668293 0.493927 0.668293 0.493927 0.756098 0.433198 0.756098
22 0.870445 0.843902 0.955466 0.843902 0.955466 0.956098 0.870445 0.956098
