13 0.355189 0.146520 0.376077 0.146520 0.376077 0.177289 0.355189 0.177289 0.355189 0.146520
13 0.888781 0.281758 0.909669 0.281758 0.909669 0.312527 0.888781 0.312527 0.888781 0.281758
13 0.432579 0.362044 0.453467 0.362044 0.453467 0.392813 0.432579 0.392813 0.432579 0.362044
13 0.511735 0.578266 0.532623 0.578266 0.532623 0.609035 0.511735 0.609035 0.511735 0.578266
13 0.133978 0.878528 0.154866 0.878528 0.154866 0.909298 0.133978 0.909298 0.133978 0.878528
9 0.146891 0.900691 0.141952 0.887135 0.896755 0.290365 0.901694 0.303921 
9 0.364748 0.169486 0.366519 0.154324 0.900110 0.289562 0.898339 0.304724 
9 0.361027 0.165529 0.370239 0.158281 0.526785 0.590027 0.517573 0.597275 
9 0.360862 0.158776 0.370404 0.165033 0.149193 0.897041 0.139651 0.890785 
22 0.324040 0.011615 0.408017 0.011615 0.408017 0.139895 0.324040 0.139895
22 0.914840 0.224244 0.988604 0.224244 0.988604 0.351865 0.914840 0.351865
22 0.473474 0.272382 0.552843 0.272382 0.552843 0.401915 0.473474 0.401915
12 0.484226 0.451259 0.585246 0.451259 0.585246 0.602402 0.484226 0.602402
22 0.500562 0.610902 0.580085 0.610902 0.580085 0.737440 0.500562 0.737440
22 0.044074 0.840604 0.119634 0.840604 0.119634 0.967301 0.044074 0.967301
