13 0.298439 0.176254 0.321561 0.176254 0.321561 0.197644 0.298439 0.197644 0.298439 0.176254
13 0.497011 0.174490 0.520132 0.174490 0.520132 0.195880 0.497011 0.195880 0.497011 0.174490
13 0.090777 0.366890 0.113898 0.366890 0.113898 0.388281 0.090777 0.388281 0.090777 0.366890
13 0.709154 0.365628 0.732275 0.365628 0.732275 0.387018 0.709154 0.387018 0.709154 0.365628
13 0.090777 0.557366 0.113898 0.557366 0.113898 0.578757 0.090777 0.578757 0.090777 0.557366
13 0.708439 0.556501 0.731561 0.556501 0.731561 0.577891 0.708439 0.577891 0.708439 0.556501
13 0.297011 0.746977 0.320132 0.746977 0.320132 0.768367 0.297011 0.768367 0.297011 0.746977
13 0.501686 0.746881 0.524807 0.746881 0.524807 0.768271 0.501686 0.768271 0.501686 0.746881
9 0.310055 0.192296 0.309945 0.181602 0.508516 0.179838 0.508627 0.190533 
9 0.714934 0.376304 0.726495 0.376341 0.725780 0.567214 0.714220 0.567177 
9 0.308574 0.763020 0.308568 0.752324 0.513244 0.752228 0.513250 0.762923 
9 0.096557 0.372238 0.108118 0.372238 0.108118 0.573409 0.096557 0.573409 
3 0.911926 0.189046 0.901023 0.249489 0.869498 0.303381 0.820765 0.344884 0.760107 0.369500 0.694096 0.374560 0.629885 0.359517 0.574433 0.326001 0.533749 0.277643 0.512242 0.219685 0.512242 0.158407 0.533749 0.100448 0.574433 0.052091 0.629885 0.018575 0.694096 0.003532 0.760107 0.008592 0.820765 0.033207 0.869498 0.074710 0.901023 0.128603 0.911926 0.189046
3 0.309142 0.183824 0.297929 0.245989 0.265505 0.301417 0.215384 0.344102 0.152997 0.369419 0.085105 0.374624 0.019065 0.359152 -0.037967 0.324681 -0.079810 0.274946 -0.101930 0.215336 -0.101930 0.152311 -0.079810 0.092701 -0.037967 0.042966 0.019065 0.008495 0.085105 -0.006977 0.152997 -0.001772 0.215384 0.023545 0.265505 0.066230 0.297929 0.121659 0.309142 0.183824
3 0.309276 0.756183 0.298239 0.817371 0.266325 0.871928 0.216992 0.913943 0.155586 0.938862 0.088761 0.943984 0.023758 0.928756 -0.032377 0.894826 -0.073562 0.845873 -0.095335 0.787200 -0.095335 0.725166 -0.073562 0.666493 -0.032377 0.617540 0.023758 0.583611 0.088761 0.568382 0.155586 0.573505 0.216992 0.598424 0.266325 0.640438 0.298239 0.694995 0.309276 0.756183
3 0.923137 0.756183 0.912055 0.817620 0.880011 0.872398 0.830477 0.914584 0.768822 0.939604 0.701725 0.944747 0.636459 0.929457 0.580096 0.895390 0.538743 0.846237 0.516882 0.787326 0.516882 0.725040 0.538743 0.666129 0.580096 0.616977 0.636459 0.582910 0.701725 0.567619 0.768822 0.572763 0.830477 0.597783 0.880011 0.639968 0.912055 0.694747 0.923137 0.756183
2 0.380911 0.130702 0.436643 0.130702 0.436643 0.243357 0.380911 0.243357
19 0.797369 0.423822 0.869067 0.423822 0.869067 0.510625 0.797369 0.510625
2 0.041015 0.444488 0.165448 0.444488 0.165448 0.496900 0.041015 0.496900
2 0.660062 0.447564 0.780509 0.447564 0.780509 0.500138 0.660062 0.500138
2 0.383552 0.701269 0.439508 0.701269 0.439508 0.813802 0.383552 0.813802
19 0.374244 0.816357 0.440579 0.816357 0.440579 0.905304 0.374244 0.905304
1 0.797688 0.171123 0.858382 0.171123 0.858382 0.419786 0.797688 0.419786
1 0.794798 0.516043 0.864162 0.516043 0.864162 0.775401 0.794798 0.775401
1 0.083815 0.823529 0.375723 0.823529 0.375723 0.895722 0.083815 0.895722
18 0.110648 0.641467 0.256723 0.641467 0.256723 0.734001 0.110648 0.734001
18 0.581630 0.641485 0.726340 0.641485 0.726340 0.733601 0.581630 0.733601
18 0.581241 0.218501 0.725959 0.218501 0.725959 0.310881 0.581241 0.310881
18 0.111210 0.215635 0.256308 0.215635 0.256308 0.306750 0.111210 0.306750
19 0.374228 0.043427 0.451199 0.043427 0.451199 0.132712 0.374228 0.132712
1 0.436416 0.826203 0.742775 0.826203 0.742775 0.895722 0.436416 0.895722
8 0.804461 0.168393 0.862342 0.168393 0.862342 0.246854 0.804461 0.246854
8 0.807203 0.685003 0.857826 0.685003 0.857826 0.770971 0.807203 0.770971
8 0.638915 0.830013 0.741159 0.830013 0.741159 0.889879 0.638915 0.889879
8 0.082326 0.828538 0.183817 0.828538 0.183817 0.892317 0.082326 0.892317
