13 0.839960 0.121319 0.860368 0.121319 0.860368 0.145934 0.839960 0.145934 0.839960 0.121319
13 0.021956 0.168509 0.042364 0.168509 0.042364 0.193124 0.021956 0.193124 0.021956 0.168509
13 0.460344 0.550549 0.480752 0.550549 0.480752 0.575165 0.460344 0.575165 0.460344 0.550549
13 0.881807 0.921162 0.902215 0.921162 0.902215 0.945777 0.881807 0.945777 0.881807 0.921162
9 0.032404 0.186963 0.031916 0.174670 0.849920 0.127480 0.850408 0.139773 
9 0.845072 0.134014 0.855256 0.133239 0.897103 0.933082 0.886919 0.933857 
9 0.029163 0.185797 0.035156 0.175836 0.895008 0.928489 0.889014 0.938450 
9 0.474038 0.567347 0.467059 0.558368 0.846675 0.129137 0.853653 0.138116 
0 0.707148 0.124779 0.763001 0.124779 0.763001 0.249206 0.707148 0.249206
0 0.766476 0.206683 0.862774 0.206683 0.862774 0.276053 0.766476 0.276053
19 0.204796 0.393561 0.261466 0.393561 0.261466 0.490502 0.204796 0.490502
19 0.889170 0.466406 0.975097 0.466406 0.975097 0.566578 0.889170 0.566578
19 0.602718 0.743279 0.658693 0.743279 0.658693 0.822688 0.602718 0.822688
19 0.314792 0.027546 0.518308 0.027546 0.518308 0.128217 0.314792 0.128217
