13 0.110354 0.463286 0.140542 0.463286 0.140542 0.495286 0.110354 0.495286 0.110354 0.463286
13 0.103674 0.772052 0.133863 0.772052 0.133863 0.804052 0.103674 0.804052 0.103674 0.772052
13 0.573999 0.860463 0.604188 0.860463 0.604188 0.892463 0.573999 0.892463 0.573999 0.860463
13 0.573615 0.462730 0.603804 0.462730 0.603804 0.494730 0.573615 0.494730 0.573615 0.462730
13 0.858562 0.464000 0.888750 0.464000 0.888750 0.496000 0.858562 0.496000 0.858562 0.464000
13 0.575172 0.075429 0.605360 0.075429 0.605360 0.107429 0.575172 0.107429 0.575172 0.075429
9 0.122750 0.794848 0.114787 0.781256 0.584728 0.471934 0.592691 0.485526 
9 0.582719 0.091416 0.597813 0.091441 0.596641 0.876475 0.581547 0.876450 
9 0.125441 0.487286 0.125455 0.471286 0.873663 0.472000 0.873649 0.488000 
12 0.573214 0.374848 0.686640 0.374848 0.686640 0.498148 0.573214 0.498148
16 0.500521 0.553113 0.569311 0.553113 0.569311 0.661809 0.500521 0.661809
16 0.506696 0.357924 0.574981 0.357924 0.574981 0.462586 0.506696 0.462586
16 0.342246 0.490690 0.413803 0.490690 0.413803 0.593294 0.342246 0.593294
