13 0.446943 0.191058 0.465901 0.191058 0.465901 0.214657 0.446943 0.214657 0.446943 0.191058
13 0.106965 0.436113 0.125922 0.436113 0.125922 0.459711 0.106965 0.459711 0.106965 0.436113
13 0.862081 0.625343 0.881038 0.625343 0.881038 0.648942 0.862081 0.648942 0.862081 0.625343
13 0.277748 0.803146 0.296705 0.803146 0.296705 0.826744 0.277748 0.826744 0.277748 0.803146
13 0.617197 0.801827 0.636155 0.801827 0.636155 0.825426 0.617197 0.825426 0.617197 0.801827
9 0.453373 0.207374 0.459471 0.198341 0.874609 0.632626 0.868511 0.641659 
9 0.629051 0.818732 0.624302 0.808521 0.869185 0.632037 0.873934 0.642249 
9 0.287241 0.820845 0.287212 0.809045 0.626661 0.807727 0.626691 0.819526 
9 0.112342 0.450869 0.120544 0.444955 0.291328 0.811988 0.283125 0.817902 
9 0.118818 0.453018 0.114068 0.442807 0.454047 0.197752 0.458797 0.207963 
12 0.105986 0.378768 0.244955 0.378768 0.244955 0.549548 0.105986 0.549548
22 0.022080 0.373607 0.097343 0.373607 0.097343 0.482511 0.022080 0.482511
22 0.220890 0.828790 0.295102 0.828790 0.295102 0.936367 0.220890 0.936367
22 0.590344 0.835315 0.667352 0.835315 0.667352 0.943370 0.590344 0.943370
22 0.892954 0.586854 0.962916 0.586854 0.962916 0.696251 0.892954 0.696251
22 0.431000 0.064791 0.498891 0.064791 0.498891 0.172766 0.431000 0.172766
18 0.360548 0.278694 0.521012 0.278694 0.521012 0.382958 0.360548 0.382958
18 0.508810 0.685138 0.667968 0.685138 0.667968 0.788145 0.508810 0.788145
18 0.278491 0.685470 0.440711 0.685470 0.440711 0.789263 0.278491 0.789263
