13 0.877527 0.701437 0.906724 0.701437 0.906724 0.735625 0.877527 0.735625 0.877527 0.701437
13 0.464263 0.674017 0.493460 0.674017 0.493460 0.708205 0.464263 0.708205 0.464263 0.674017
13 0.455713 0.864482 0.484910 0.864482 0.484910 0.898670 0.455713 0.898670 0.455713 0.864482
13 0.055040 0.649113 0.084237 0.649113 0.084237 0.683301 0.055040 0.683301 0.055040 0.649113
13 0.267885 0.150352 0.297082 0.150352 0.297082 0.184540 0.267885 0.184540 0.267885 0.150352
13 0.477641 0.338231 0.506838 0.338231 0.506838 0.372419 0.477641 0.372419 0.477641 0.338231
13 0.491347 0.075227 0.520544 0.075227 0.520544 0.109415 0.491347 0.109415 0.491347 0.075227
9 0.498656 0.091870 0.513234 0.092773 0.477600 0.882028 0.463022 0.881125 
9 0.278023 0.174211 0.286944 0.160680 0.896586 0.711765 0.887665 0.725296 
9 0.069242 0.674741 0.070034 0.657672 0.892521 0.709996 0.891729 0.727065 
9 0.275954 0.163625 0.289013 0.171266 0.076168 0.670027 0.063109 0.662386 
12 0.463371 0.532495 0.626797 0.532495 0.626797 0.727687 0.463371 0.727687
2 0.242556 0.591034 0.312934 0.591034 0.312934 0.771272 0.242556 0.771272
2 0.652604 0.611345 0.721669 0.611345 0.721669 0.794599 0.652604 0.794599
