13 0.090393 0.218180 0.107898 0.218180 0.107898 0.237693 0.090393 0.237693 0.090393 0.218180
13 0.539965 0.218815 0.557471 0.218815 0.557471 0.238328 0.539965 0.238328 0.539965 0.218815
13 0.288683 0.371468 0.306189 0.371468 0.306189 0.390981 0.288683 0.390981 0.288683 0.371468
13 0.618753 0.370504 0.636259 0.370504 0.636259 0.390016 0.618753 0.390016 0.618753 0.370504
13 0.846119 0.803387 0.863625 0.803387 0.863625 0.822899 0.846119 0.822899 0.846119 0.803387
9 0.099140 0.232815 0.099151 0.223058 0.548723 0.223693 0.548712 0.233449 
9 0.297447 0.386103 0.297424 0.376346 0.627494 0.375382 0.627517 0.385138 
9 0.096648 0.231943 0.101642 0.223930 0.857369 0.809137 0.852375 0.817149 
9 0.544938 0.231031 0.552497 0.226112 0.858651 0.810684 0.851092 0.815602 
10 0.296437 0.190261 0.389230 0.190261 0.389230 0.271141 0.296437 0.271141
10 0.417551 0.344340 0.511008 0.344340 0.511008 0.423091 0.417551 0.423091
22 0.162703 0.342098 0.245644 0.342098 0.245644 0.439995 0.162703 0.439995
22 0.657994 0.325587 0.722514 0.325587 0.722514 0.424129 0.657994 0.424129
22 0.514885 0.113460 0.591755 0.113460 0.591755 0.208805 0.514885 0.208805
22 0.060652 0.113373 0.139336 0.113373 0.139336 0.210873 0.060652 0.210873
22 0.811671 0.823507 0.896538 0.823507 0.896538 0.919710 0.811671 0.919710
