13 0.285582 0.836730 0.308704 0.836730 0.308704 0.858007 0.285582 0.858007 0.285582 0.836730
13 0.719392 0.837607 0.742513 0.837607 0.742513 0.858884 0.719392 0.858884 0.719392 0.837607
13 0.918829 0.658740 0.941950 0.658740 0.941950 0.680016 0.918829 0.680016 0.918829 0.658740
13 0.719868 0.530414 0.742989 0.530414 0.742989 0.551691 0.719868 0.551691 0.719868 0.530414
13 0.285582 0.252520 0.308704 0.252520 0.308704 0.273796 0.285582 0.273796 0.285582 0.252520
13 0.084439 0.126204 0.107561 0.126204 0.107561 0.147480 0.084439 0.147480 0.084439 0.126204
13 0.285582 0.039362 0.308704 0.039362 0.308704 0.060638 0.285582 0.060638 0.285582 0.039362
13 0.718439 0.040239 0.741561 0.040239 0.741561 0.061515 0.718439 0.061515 0.718439 0.040239
9 0.291363 0.044681 0.302923 0.044681 0.302923 0.852688 0.291363 0.852688 
9 0.092706 0.141213 0.099294 0.132471 0.933684 0.665007 0.927095 0.673749 
9 0.724220 0.050883 0.735780 0.050871 0.736733 0.848240 0.725172 0.848251 
10 0.260720 0.576309 0.333089 0.576309 0.333089 0.662869 0.260720 0.662869
10 0.693916 0.577468 0.764960 0.577468 0.764960 0.662007 0.693916 0.662007
20 0.634204 0.879308 0.815733 0.879308 0.815733 0.963429 0.634204 0.963429
18 0.632703 0.542401 0.707738 0.542401 0.707738 0.626866 0.632703 0.626866
18 0.310979 0.362221 0.432997 0.362221 0.432997 0.443923 0.310979 0.443923
20 0.223710 0.879783 0.359696 0.879783 0.359696 0.959834 0.223710 0.959834
20 0.839951 0.689424 0.975251 0.689424 0.975251 0.769808 0.839951 0.769808
