13 0.066545 0.130219 0.092186 0.130219 0.092186 0.157901 0.066545 0.157901 0.066545 0.130219
13 0.441828 0.129833 0.467469 0.129833 0.467469 0.157514 0.441828 0.157514 0.441828 0.129833
13 0.803758 0.129334 0.829399 0.129334 0.829399 0.157015 0.803758 0.157015 0.803758 0.129334
13 0.113328 0.390971 0.138969 0.390971 0.138969 0.418653 0.113328 0.418653 0.113328 0.390971
13 0.770500 0.390513 0.796141 0.390513 0.796141 0.418195 0.770500 0.418195 0.770500 0.390513
13 0.239031 0.805588 0.264672 0.805588 0.264672 0.833269 0.239031 0.833269 0.239031 0.805588
13 0.643264 0.806159 0.668905 0.806159 0.668905 0.833841 0.643264 0.833841 0.643264 0.806159
9 0.079372 0.150981 0.079358 0.137140 0.816571 0.136254 0.816586 0.150095 
9 0.129950 0.410385 0.122348 0.399239 0.450848 0.138101 0.458449 0.149246 
9 0.120056 0.406965 0.132241 0.402659 0.257944 0.817276 0.245760 0.821581 
9 0.251843 0.826349 0.251860 0.812508 0.656093 0.813080 0.656076 0.826920 
9 0.777234 0.402182 0.789407 0.406525 0.662171 0.822172 0.649998 0.817828 
9 0.450853 0.149251 0.458444 0.138096 0.787116 0.398777 0.779525 0.409931 
3 0.798868 0.516615 0.780101 0.638034 0.725832 0.746295 0.641942 0.829667 0.537523 0.879114 0.423889 0.889280 0.313355 0.859061 0.217898 0.791733 0.147864 0.694592 0.110841 0.578164 0.110841 0.455066 0.147864 0.338638 0.217898 0.241497 0.313355 0.174169 0.423889 0.143950 0.537523 0.154115 0.641942 0.203563 0.725832 0.286935 0.780101 0.395196 0.798868 0.516615
2 0.216761 0.168014 0.284581 0.168014 0.284581 0.258099 0.216761 0.258099
2 0.077187 0.596829 0.172187 0.596829 0.172187 0.653248 0.077187 0.653248
2 0.432141 0.835478 0.477269 0.835478 0.477269 0.943367 0.432141 0.943367
2 0.741152 0.596332 0.831758 0.596332 0.831758 0.653308 0.741152 0.653308
2 0.642871 0.185595 0.708688 0.185595 0.708688 0.273844 0.642871 0.273844
1 0.586538 0.145329 0.804487 0.145329 0.804487 0.231834 0.586538 0.231834
7 0.600784 0.140580 0.683041 0.140580 0.683041 0.199194 0.600784 0.199194
0 0.532880 0.133317 0.586277 0.133317 0.586277 0.229114 0.532880 0.229114
18 0.792862 0.177952 0.910350 0.177952 0.910350 0.313623 0.792862 0.313623
18 0.832758 0.580125 0.947101 0.580125 0.947101 0.692927 0.832758 0.692927
