13 0.479754 0.125440 0.505813 0.125440 0.505813 0.157060 0.479754 0.157060 0.479754 0.125440
13 0.878711 0.206135 0.904770 0.206135 0.904770 0.237755 0.878711 0.237755 0.878711 0.206135
13 0.651441 0.406769 0.677500 0.406769 0.677500 0.438390 0.651441 0.438390 0.651441 0.406769
13 0.828650 0.693565 0.854708 0.693565 0.854708 0.725185 0.828650 0.725185 0.828650 0.693565
13 0.123824 0.880160 0.149882 0.880160 0.149882 0.911781 0.123824 0.911781 0.123824 0.880160
9 0.140739 0.903688 0.132967 0.890998 0.881042 0.216352 0.888814 0.229041 
9 0.138271 0.907803 0.135435 0.892372 0.840261 0.701659 0.843097 0.717091 
9 0.484783 0.130144 0.496132 0.137910 0.141397 0.901226 0.130047 0.893460 
9 0.485836 0.137971 0.496317 0.128579 0.846920 0.704679 0.836438 0.714071 
22 0.511401 0.019763 0.583062 0.019763 0.583062 0.114625 0.511401 0.114625
2 0.534202 0.233202 0.622150 0.233202 0.622150 0.320158 0.534202 0.320158
22 0.723127 0.375494 0.807818 0.375494 0.807818 0.470356 0.723127 0.470356
19 0.179153 0.446640 0.280130 0.446640 0.280130 0.537549 0.179153 0.537549
2 0.710098 0.521739 0.794788 0.521739 0.794788 0.604743 0.710098 0.604743
22 0.859935 0.660079 0.921824 0.660079 0.921824 0.758893 0.859935 0.758893
22 0.045603 0.845850 0.114007 0.845850 0.114007 0.944664 0.045603 0.944664
