13 0.114344 0.715186 0.139822 0.715186 0.139822 0.750120 0.114344 0.750120 0.114344 0.715186
13 0.555625 0.712480 0.581103 0.712480 0.581103 0.747414 0.555625 0.747414 0.555625 0.712480
13 0.896716 0.714181 0.922194 0.714181 0.922194 0.749116 0.896716 0.749116 0.896716 0.714181
13 0.556428 0.202876 0.581906 0.202876 0.581906 0.237810 0.556428 0.237810 0.556428 0.202876
13 0.182202 0.202533 0.207679 0.202533 0.207679 0.237467 0.182202 0.237467 0.182202 0.202533
9 0.194936 0.228734 0.194945 0.211266 0.569171 0.211609 0.569162 0.229076 
9 0.127089 0.741387 0.127077 0.723919 0.909449 0.722915 0.909461 0.740382 
9 0.188673 0.218440 0.201208 0.221560 0.133350 0.734213 0.120816 0.731093 
9 0.562797 0.220324 0.575536 0.220362 0.574734 0.729966 0.561995 0.729928 
9 0.564462 0.226230 0.573872 0.214456 0.914160 0.725761 0.904750 0.737535 
12 0.551235 0.617235 0.647003 0.617235 0.647003 0.752329 0.551235 0.752329
19 0.415000 0.756488 0.593194 0.756488 0.593194 0.878865 0.415000 0.878865
19 0.387618 0.422423 0.554692 0.422423 0.554692 0.545128 0.387618 0.545128
22 0.873839 0.750378 0.958203 0.750378 0.958203 0.875097 0.873839 0.875097
22 0.530251 0.064077 0.624211 0.064077 0.624211 0.192935 0.530251 0.192935
22 0.069737 0.748633 0.164049 0.748633 0.164049 0.880696 0.069737 0.880696
22 0.144435 0.063275 0.248100 0.063275 0.248100 0.192520 0.144435 0.192520
