13 0.258438 0.842990 0.273705 0.842990 0.273705 0.861296 0.258438 0.861296 0.258438 0.842990
13 0.778676 0.648704 0.793943 0.648704 0.793943 0.667010 0.778676 0.667010 0.778676 0.648704
13 0.381482 0.202275 0.396749 0.202275 0.396749 0.220582 0.381482 0.220582 0.381482 0.202275
9 0.385396 0.210402 0.392835 0.212456 0.269791 0.853170 0.262352 0.851116 
9 0.267206 0.856512 0.264936 0.847773 0.785175 0.653488 0.787444 0.662227 
9 0.386505 0.214768 0.391726 0.208089 0.788920 0.654518 0.783699 0.661196 
2 0.549312 0.387005 0.625920 0.387005 0.625920 0.484659 0.549312 0.484659
2 0.278672 0.499827 0.372581 0.499827 0.372581 0.563189 0.278672 0.563189
2 0.501465 0.698864 0.553477 0.698864 0.553477 0.812974 0.501465 0.812974
22 0.805989 0.607016 0.877519 0.607016 0.877519 0.707856 0.805989 0.707856
22 0.169130 0.840457 0.244570 0.840457 0.244570 0.942006 0.169130 0.942006
22 0.346636 0.086924 0.438815 0.086924 0.438815 0.188265 0.346636 0.188265
