13 0.188933 0.820805 0.200785 0.820805 0.200785 0.834433 0.188933 0.834433 0.188933 0.820805
13 0.699713 0.820805 0.711564 0.820805 0.711564 0.834433 0.699713 0.834433 0.699713 0.820805
13 0.442664 0.180805 0.454516 0.180805 0.454516 0.194433 0.442664 0.194433 0.442664 0.180805
9 0.194859 0.831026 0.194859 0.824212 0.705638 0.824212 0.705638 0.831026 
9 0.445900 0.189048 0.451280 0.186190 0.708328 0.826190 0.702949 0.829048 
9 0.445894 0.186206 0.451286 0.189032 0.197555 0.829032 0.192163 0.826206 
2 0.539347 0.475920 0.613218 0.475920 0.613218 0.534026 0.539347 0.534026
2 0.285454 0.476685 0.356580 0.476685 0.356580 0.532516 0.285454 0.532516
19 0.092955 0.402410 0.270996 0.402410 0.270996 0.482709 0.092955 0.482709
22 0.697387 0.829214 0.754596 0.829214 0.754596 0.906342 0.697387 0.906342
22 0.417254 0.091390 0.479642 0.091390 0.479642 0.168983 0.417254 0.168983
19 0.616358 0.395921 0.954925 0.395921 0.954925 0.495673 0.616358 0.495673
22 0.127278 0.827871 0.185774 0.827871 0.185774 0.907629 0.127278 0.907629
19 0.266823 0.828466 0.621589 0.828466 0.621589 0.927319 0.266823 0.927319
