13 0.431479 0.056770 0.459949 0.056770 0.459949 0.080579 0.431479 0.080579 0.431479 0.056770
13 0.044541 0.378047 0.073010 0.378047 0.073010 0.401857 0.044541 0.401857 0.044541 0.378047
13 0.837194 0.394794 0.865663 0.394794 0.865663 0.418603 0.837194 0.418603 0.837194 0.394794
13 0.889525 0.644353 0.917994 0.644353 0.917994 0.668163 0.889525 0.668163 0.889525 0.644353
13 0.045013 0.833978 0.073483 0.833978 0.073483 0.857787 0.045013 0.857787 0.045013 0.833978
13 0.619149 0.834230 0.647618 0.834230 0.647618 0.858039 0.619149 0.858039 0.619149 0.834230
9 0.440691 0.072891 0.450738 0.064457 0.856452 0.402482 0.846405 0.410915 
9 0.844418 0.407727 0.858439 0.405670 0.910770 0.655230 0.896749 0.657286 
9 0.637960 0.850693 0.628806 0.841576 0.899182 0.651699 0.908336 0.660816 
9 0.059244 0.851835 0.059252 0.839930 0.633387 0.840182 0.633380 0.852087 
9 0.051658 0.389957 0.065893 0.389947 0.066366 0.845877 0.052131 0.845888 
9 0.063790 0.394176 0.053761 0.385728 0.440700 0.064450 0.450729 0.072898 
0 0.036550 0.317594 0.174291 0.317594 0.174291 0.480255 0.036550 0.480255
0 0.741958 0.332538 0.877528 0.332538 0.877528 0.493832 0.741958 0.493832
12 0.346204 0.051596 0.545545 0.051596 0.545545 0.221788 0.346204 0.221788
18 0.422418 0.668140 0.650552 0.668140 0.650552 0.768613 0.422418 0.768613
12 0.032629 0.724806 0.201208 0.724806 0.201208 0.865306 0.032629 0.865306
0 0.508320 0.764595 0.709066 0.764595 0.709066 0.856713 0.508320 0.856713
18 0.733768 0.591078 0.871194 0.591078 0.871194 0.689819 0.733768 0.689819
