13 0.249334 0.172201 0.276090 0.172201 0.276090 0.199228 0.249334 0.199228 0.249334 0.172201
13 0.755648 0.224134 0.782404 0.224134 0.782404 0.251161 0.755648 0.251161 0.755648 0.224134
13 0.829277 0.668201 0.856033 0.668201 0.856033 0.695228 0.829277 0.695228 0.829277 0.668201
13 0.242474 0.823629 0.269229 0.823629 0.269229 0.850656 0.242474 0.850656 0.242474 0.823629
9 0.262036 0.192436 0.263388 0.178992 0.769702 0.230925 0.768351 0.244369 
9 0.762429 0.238763 0.775623 0.236531 0.849252 0.680598 0.836058 0.682830 
9 0.257548 0.843679 0.254155 0.830607 0.840959 0.675178 0.844352 0.688250 
9 0.256023 0.185642 0.269400 0.185786 0.262540 0.837215 0.249163 0.837071 
3 0.880672 0.512292 0.859266 0.641866 0.797370 0.757400 0.701691 0.846372 0.582596 0.899141 0.452992 0.909989 0.326923 0.877740 0.218051 0.805890 0.138174 0.702223 0.095947 0.577975 0.095947 0.446608 0.138174 0.322360 0.218051 0.218693 0.326923 0.146843 0.452992 0.114594 0.582596 0.125442 0.701691 0.178212 0.797370 0.267184 0.859266 0.382717 0.880672 0.512292
18 0.279342 0.222956 0.441726 0.222956 0.441726 0.332077 0.279342 0.332077
18 0.642287 0.572520 0.802757 0.572520 0.802757 0.682135 0.642287 0.682135
18 0.540800 0.251300 0.750688 0.251300 0.750688 0.364646 0.540800 0.364646
18 0.277836 0.669816 0.437795 0.669816 0.437795 0.779162 0.277836 0.779162
