13 0.127348 0.824142 0.146625 0.824142 0.146625 0.848239 0.127348 0.848239 0.127348 0.824142
13 0.128261 0.143380 0.147538 0.143380 0.147538 0.167477 0.128261 0.167477 0.128261 0.143380
13 0.486774 0.482238 0.506051 0.482238 0.506051 0.506334 0.486774 0.506334 0.486774 0.482238
13 0.846526 0.140605 0.865803 0.140605 0.865803 0.164701 0.846526 0.164701 0.846526 0.140605
13 0.846526 0.825095 0.865803 0.825095 0.865803 0.849191 0.846526 0.849191 0.846526 0.825095
9 0.139903 0.840986 0.134069 0.831395 0.853247 0.147858 0.859081 0.157448 
9 0.851345 0.146629 0.860984 0.146629 0.860984 0.843167 0.851345 0.843167 
9 0.134985 0.160226 0.140814 0.150631 0.859079 0.832345 0.853250 0.841941 
9 0.133080 0.155418 0.142719 0.155439 0.141806 0.836201 0.132167 0.836180 
22 0.061419 0.061529 0.123883 0.061529 0.123883 0.165932 0.061419 0.165932
22 0.875003 0.059295 0.944223 0.059295 0.944223 0.162921 0.875003 0.162921
0 0.129847 0.218957 0.226175 0.218957 0.226175 0.294093 0.129847 0.294093
2 0.085473 0.454556 0.186447 0.454556 0.186447 0.515189 0.085473 0.515189
2 0.804353 0.454117 0.906046 0.454117 0.906046 0.515424 0.804353 0.515424
22 0.456875 0.536726 0.521768 0.536726 0.521768 0.639870 0.456875 0.639870
0 0.768889 0.694277 0.860440 0.694277 0.860440 0.771098 0.768889 0.771098
22 0.057187 0.845383 0.121313 0.845383 0.121313 0.949066 0.057187 0.949066
22 0.880011 0.846595 0.947028 0.846595 0.947028 0.948777 0.880011 0.948777
