13 0.130594 0.139272 0.144435 0.139272 0.144435 0.161681 0.130594 0.161681 0.130594 0.139272
13 0.307888 0.803860 0.321729 0.803860 0.321729 0.826269 0.307888 0.826269 0.307888 0.803860
13 0.655624 0.140224 0.669465 0.140224 0.669465 0.162633 0.655624 0.162633 0.655624 0.140224
13 0.832710 0.803741 0.846551 0.803741 0.846551 0.826150 0.832710 0.826150 0.832710 0.803741
9 0.659906 0.147804 0.665183 0.155053 0.317447 0.818689 0.312170 0.811441 
9 0.137511 0.156078 0.137519 0.144874 0.662548 0.145826 0.662540 0.157031 
9 0.134338 0.152698 0.140691 0.148255 0.317985 0.812844 0.311632 0.817286 
9 0.314809 0.820667 0.314808 0.809463 0.839630 0.809343 0.839631 0.820547 
9 0.659368 0.153651 0.665721 0.149206 0.842807 0.812723 0.836454 0.817167 
22 0.663999 0.041537 0.727756 0.041537 0.727756 0.153133 0.663999 0.153133
22 0.065514 0.042784 0.126488 0.042784 0.126488 0.153534 0.065514 0.153534
22 0.831634 0.836567 0.894729 0.836567 0.894729 0.947377 0.831634 0.947377
22 0.256381 0.836883 0.316939 0.836883 0.316939 0.948018 0.256381 0.948018
