13 0.869691 0.049384 0.889592 0.049384 0.889592 0.086942 0.869691 0.086942 0.869691 0.049384
13 0.765478 0.156004 0.785379 0.156004 0.785379 0.193563 0.765478 0.193563 0.765478 0.156004
13 0.567843 0.337601 0.587743 0.337601 0.587743 0.375160 0.567843 0.375160 0.567843 0.337601
13 0.949715 0.372519 0.969616 0.372519 0.969616 0.410078 0.949715 0.410078 0.949715 0.372519
13 0.849716 0.425665 0.869617 0.425665 0.869617 0.463224 0.849716 0.463224 0.849716 0.425665
13 0.593849 0.553137 0.613749 0.553137 0.613749 0.590696 0.593849 0.590696 0.593849 0.553137
13 0.081637 0.819889 0.101538 0.819889 0.101538 0.857448 0.081637 0.857448 0.081637 0.819889
9 0.093735 0.842915 0.091126 0.824793 0.954018 0.382238 0.956628 0.400360 
9 0.095323 0.841037 0.090779 0.824331 0.874888 0.064493 0.879433 0.081199 
3 0.860016 0.420750 0.852309 0.507920 0.830023 0.585643 0.795572 0.645498 0.752690 0.680998 0.706024 0.688296 0.660632 0.666601 0.621431 0.618265 0.592670 0.548524 0.577466 0.464937 0.577466 0.376562 0.592670 0.292976 0.621431 0.223235 0.660632 0.174899 0.706024 0.153204 0.752690 0.160502 0.795572 0.196002 0.830023 0.255856 0.852309 0.333580 0.860016 0.420750
22 0.743781 0.037559 0.805970 0.037559 0.805970 0.145540 0.743781 0.145540
18 0.594527 0.051643 0.703980 0.051643 0.703980 0.164319 0.594527 0.164319
18 0.845771 0.220657 0.927861 0.220657 0.927861 0.328638 0.845771 0.328638
22 0.527363 0.253521 0.569652 0.253521 0.569652 0.366197 0.527363 0.366197
22 0.865672 0.450704 0.910448 0.450704 0.910448 0.558685 0.865672 0.558685
22 0.562189 0.605634 0.614428 0.605634 0.614428 0.713615 0.562189 0.713615
18 0.736318 0.680751 0.840796 0.680751 0.840796 0.793427 0.736318 0.793427
22 0.022388 0.784038 0.074627 0.784038 0.074627 0.901408 0.022388 0.901408
