13 0.248300 0.058931 0.261700 0.058931 0.261700 0.086903 0.248300 0.086903 0.248300 0.058931
13 0.734966 0.060419 0.748367 0.060419 0.748367 0.088391 0.734966 0.088391 0.734966 0.060419
13 0.248684 0.212510 0.262085 0.212510 0.262085 0.240482 0.248684 0.240482 0.248684 0.212510
13 0.734582 0.212510 0.747982 0.212510 0.747982 0.240482 0.734582 0.240482 0.734582 0.212510
13 0.734855 0.764718 0.748256 0.764718 0.748256 0.792690 0.734855 0.792690 0.734855 0.764718
13 0.247915 0.766463 0.261316 0.766463 0.261316 0.794435 0.247915 0.794435 0.247915 0.766463
13 0.248300 0.920042 0.261700 0.920042 0.261700 0.948014 0.248300 0.948014 0.248300 0.920042
13 0.734966 0.920042 0.748367 0.920042 0.748367 0.948014 0.734966 0.948014 0.734966 0.920042
9 0.251650 0.065924 0.258350 0.065924 0.258350 0.941021 0.251650 0.941021 
9 0.254995 0.079910 0.255005 0.065924 0.741672 0.067412 0.741662 0.081398 
9 0.738317 0.067412 0.745017 0.067412 0.745017 0.941021 0.738317 0.941021 
9 0.255000 0.941021 0.255000 0.927035 0.741667 0.927035 0.741667 0.941021 
9 0.254621 0.787442 0.254610 0.773456 0.741550 0.771711 0.741561 0.785697 
9 0.253783 0.232638 0.256986 0.220353 0.743157 0.772561 0.739954 0.784846 
9 0.255385 0.233489 0.255385 0.219503 0.741282 0.219503 0.741282 0.233489 
3 0.873032 0.503259 0.865839 0.593234 0.845041 0.673458 0.812890 0.735239 0.772871 0.771881 0.729321 0.779414 0.686959 0.757021 0.650375 0.707129 0.623534 0.635145 0.609345 0.548869 0.609345 0.457650 0.623534 0.371374 0.650375 0.299390 0.686959 0.249498 0.729321 0.227105 0.772871 0.234638 0.812890 0.271280 0.845041 0.333061 0.865839 0.413285 0.873032 0.503259
3 0.384323 0.503259 0.377228 0.592006 0.356714 0.671136 0.325002 0.732074 0.285529 0.768216 0.242573 0.775646 0.200789 0.753559 0.164704 0.704348 0.138230 0.633346 0.124234 0.548247 0.124234 0.458272 0.138230 0.373173 0.164704 0.302171 0.200789 0.252960 0.242573 0.230873 0.285529 0.238303 0.325002 0.274445 0.356714 0.335383 0.377228 0.414512 0.384323 0.503259
3 0.459265 0.503259 0.448148 0.642320 0.416003 0.766310 0.366312 0.861796 0.304461 0.918428 0.237153 0.930070 0.171680 0.895461 0.115138 0.818350 0.073654 0.707095 0.051724 0.573751 0.051724 0.432768 0.073654 0.299424 0.115138 0.188168 0.171680 0.111058 0.237153 0.076449 0.304461 0.088091 0.366312 0.144723 0.416003 0.240208 0.448148 0.364199 0.459265 0.503259
3 0.947031 0.503259 0.935828 0.643389 0.903436 0.768333 0.853363 0.864553 0.791037 0.921620 0.723210 0.933352 0.657234 0.898477 0.600257 0.820773 0.558455 0.708662 0.536356 0.574293 0.536356 0.432226 0.558455 0.297856 0.600257 0.185746 0.657234 0.108042 0.723210 0.073167 0.791037 0.084899 0.853363 0.141966 0.903436 0.238186 0.935828 0.363130 0.947031 0.503259
22 0.261423 0.113806 0.303888 0.113806 0.303888 0.213787 0.261423 0.213787
19 0.141562 0.451010 0.240302 0.451010 0.240302 0.551415 0.141562 0.551415
22 0.747134 0.788047 0.788118 0.788047 0.788118 0.887251 0.747134 0.887251
19 0.447293 0.656072 0.564424 0.656072 0.564424 0.757803 0.447293 0.757803
