13 0.271259 0.189524 0.287925 0.189524 0.287925 0.216190 0.271259 0.216190 0.271259 0.189524
13 0.868452 0.189524 0.885119 0.189524 0.885119 0.216190 0.868452 0.216190 0.868452 0.189524
13 0.480952 0.423810 0.497619 0.423810 0.497619 0.450476 0.480952 0.450476 0.480952 0.423810
13 0.271259 0.549524 0.287925 0.549524 0.287925 0.576190 0.271259 0.576190 0.271259 0.549524
9 0.279592 0.209524 0.279592 0.196190 0.876786 0.196190 0.876786 0.209524 
9 0.281061 0.569096 0.278123 0.556619 0.875317 0.196619 0.878255 0.209096 
9 0.275425 0.196190 0.283759 0.196190 0.283759 0.569524 0.275425 0.569524 
3 0.502025 0.561715 0.489842 0.678522 0.454616 0.782672 0.400162 0.862877 0.332382 0.910447 0.258621 0.920226 0.186872 0.891155 0.124910 0.826384 0.079450 0.732932 0.055417 0.620926 0.055417 0.502504 0.079450 0.390499 0.124910 0.297047 0.186872 0.232276 0.258621 0.203205 0.332382 0.212984 0.400162 0.260554 0.454616 0.340759 0.489842 0.444908 0.502025 0.561715
22 0.219393 0.582639 0.280383 0.582639 0.280383 0.705580 0.219393 0.705580
22 0.209717 0.059205 0.266672 0.059205 0.266672 0.178872 0.209717 0.178872
22 0.891710 0.125330 0.956488 0.125330 0.956488 0.245618 0.891710 0.245618
19 0.540733 0.065064 0.617855 0.065064 0.617855 0.177707 0.540733 0.177707
19 0.210342 0.342205 0.259096 0.342205 0.259096 0.433797 0.210342 0.433797
19 0.370996 0.522696 0.420583 0.522696 0.420583 0.614185 0.370996 0.614185
19 0.666688 0.343432 0.716827 0.343432 0.716827 0.454486 0.666688 0.454486
12 0.268487 0.182954 0.368929 0.182954 0.368929 0.344012 0.268487 0.344012
