13 0.317568 0.183571 0.344595 0.183571 0.344595 0.212143 0.317568 0.212143 0.317568 0.183571
13 0.658919 0.183429 0.685946 0.183429 0.685946 0.212000 0.658919 0.212000 0.658919 0.183429
13 0.145946 0.494286 0.172973 0.494286 0.172973 0.522857 0.145946 0.522857 0.145946 0.494286
13 0.828876 0.495188 0.855903 0.495188 0.855903 0.523759 0.828876 0.523759 0.828876 0.495188
13 0.659459 0.808571 0.686486 0.808571 0.686486 0.837143 0.659459 0.837143 0.659459 0.808571
13 0.316216 0.810588 0.343243 0.810588 0.343243 0.839160 0.316216 0.839160 0.316216 0.810588
9 0.329767 0.832017 0.329692 0.817731 0.672935 0.815714 0.673011 0.830000 
9 0.156074 0.514753 0.162845 0.502390 0.676358 0.816676 0.669588 0.829039 
9 0.153587 0.512104 0.165332 0.505039 0.335602 0.821341 0.323857 0.828407 
9 0.325246 0.194255 0.336916 0.201459 0.165294 0.512173 0.153625 0.504970 
9 0.327706 0.204045 0.334456 0.191669 0.845764 0.503286 0.839015 0.515662 
9 0.666578 0.201281 0.678287 0.194148 0.848244 0.505907 0.836536 0.513040 
9 0.331084 0.205000 0.331078 0.190714 0.672430 0.190571 0.672435 0.204857 
9 0.836523 0.505930 0.848256 0.513018 0.678839 0.826401 0.667107 0.819313 
22 0.272967 0.052028 0.377294 0.052028 0.377294 0.168264 0.272967 0.168264
22 0.627549 0.050031 0.728471 0.050031 0.728471 0.168588 0.627549 0.168588
22 0.042986 0.438760 0.138210 0.438760 0.138210 0.558211 0.042986 0.558211
22 0.854828 0.439125 0.957636 0.439125 0.957636 0.559411 0.854828 0.559411
22 0.266768 0.840537 0.370343 0.840537 0.370343 0.959438 0.266768 0.959438
22 0.618602 0.842714 0.723734 0.842714 0.723734 0.959232 0.618602 0.959232
