13 0.102386 0.754622 0.124485 0.754622 0.124485 0.788235 0.102386 0.788235 0.102386 0.754622
13 0.102245 0.135661 0.124344 0.135661 0.124344 0.169274 0.102245 0.169274 0.102245 0.135661
13 0.265736 0.258908 0.287835 0.258908 0.287835 0.292521 0.265736 0.292521 0.265736 0.258908
13 0.920028 0.755336 0.942127 0.755336 0.942127 0.788950 0.920028 0.788950 0.920028 0.755336
9 0.110831 0.159989 0.115758 0.144946 0.933541 0.764621 0.928614 0.779664 
9 0.113433 0.779832 0.113439 0.763025 0.931081 0.763739 0.931075 0.780546 
9 0.107770 0.152470 0.118819 0.152465 0.118961 0.771426 0.107911 0.771431 
9 0.271847 0.271949 0.281725 0.279480 0.118375 0.775194 0.108497 0.767663 
12 0.098843 0.664013 0.183255 0.664013 0.183255 0.793144 0.098843 0.793144
12 0.192122 0.221226 0.285824 0.221226 0.285824 0.363585 0.192122 0.363585
19 0.035712 0.417381 0.089163 0.417381 0.089163 0.529940 0.035712 0.529940
19 0.493007 0.798920 0.546770 0.798920 0.546770 0.895585 0.493007 0.895585
19 0.179980 0.076488 0.234433 0.076488 0.234433 0.189220 0.179980 0.189220
19 0.212059 0.485783 0.262989 0.485783 0.262989 0.579069 0.212059 0.579069
19 0.542419 0.343744 0.626314 0.343744 0.626314 0.458156 0.542419 0.458156
