13 0.075331 0.704947 0.098723 0.704947 0.098723 0.758638 0.075331 0.758638 0.075331 0.704947
13 0.128860 0.493723 0.152251 0.493723 0.152251 0.547414 0.128860 0.547414 0.128860 0.493723
13 0.183828 0.278062 0.207220 0.278062 0.207220 0.331753 0.183828 0.331753 0.183828 0.278062
13 0.686476 0.275297 0.709868 0.275297 0.709868 0.328988 0.686476 0.328988 0.686476 0.275297
13 0.781828 0.493111 0.805220 0.493111 0.805220 0.546802 0.781828 0.546802 0.781828 0.493111
13 0.874971 0.705979 0.898363 0.705979 0.898363 0.759670 0.874971 0.759670 0.874971 0.705979
9 0.087024 0.745216 0.087030 0.718370 0.886670 0.719402 0.886663 0.746247 
9 0.140558 0.533991 0.140553 0.507145 0.793521 0.506534 0.793526 0.533379 
9 0.190473 0.298144 0.200575 0.311671 0.092078 0.738557 0.081976 0.725029 
9 0.195538 0.318330 0.195510 0.291485 0.698158 0.288720 0.698186 0.315565 
9 0.694046 0.311655 0.702298 0.292629 0.890792 0.723311 0.882541 0.742337 
2 0.130371 0.341276 0.202646 0.341276 0.202646 0.458849 0.130371 0.458849
2 0.078475 0.553673 0.150317 0.553673 0.150317 0.669352 0.078475 0.669352
5 0.703545 0.319756 0.781264 0.319756 0.781264 0.484862 0.703545 0.484862
5 0.800385 0.541851 0.876818 0.541851 0.876818 0.705079 0.800385 0.705079
19 0.456824 0.751658 0.527206 0.751658 0.527206 0.891841 0.456824 0.891841
19 0.425566 0.135718 0.495838 0.135718 0.495838 0.276084 0.425566 0.276084
22 0.021714 0.739084 0.084457 0.739084 0.084457 0.883689 0.021714 0.883689
22 0.816150 0.386161 0.871789 0.386161 0.871789 0.528020 0.816150 0.528020
22 0.070745 0.394595 0.125431 0.394595 0.125431 0.534240 0.070745 0.534240
22 0.901206 0.739628 0.955533 0.739628 0.955533 0.887226 0.901206 0.887226
22 0.694419 0.126024 0.750102 0.126024 0.750102 0.268640 0.694419 0.268640
22 0.141572 0.131053 0.200483 0.131053 0.200483 0.276479 0.141572 0.276479
