13 0.046806 0.889103 0.069861 0.889103 0.069861 0.931884 0.046806 0.931884 0.046806 0.889103
13 0.130868 0.039181 0.153923 0.039181 0.153923 0.081961 0.130868 0.081961 0.130868 0.039181
13 0.905500 0.306604 0.928554 0.306604 0.928554 0.349385 0.905500 0.349385 0.905500 0.306604
9 0.060312 0.920539 0.056354 0.900449 0.915048 0.317950 0.919006 0.338040 
9 0.136727 0.058640 0.148065 0.062502 0.064002 0.912424 0.052664 0.908563 
9 0.141342 0.071086 0.143450 0.050056 0.918081 0.317480 0.915973 0.338509 
12 0.119376 0.035886 0.211972 0.035886 0.211972 0.207772 0.119376 0.207772
19 0.436898 0.020964 0.489416 0.020964 0.489416 0.132769 0.436898 0.132769
19 0.411051 0.685741 0.496149 0.685741 0.496149 0.830585 0.411051 0.830585
19 0.030256 0.380042 0.083091 0.380042 0.083091 0.520045 0.030256 0.520045
