13 0.143650 0.748866 0.157563 0.748866 0.157563 0.779754 0.143650 0.779754 0.143650 0.748866
13 0.068043 0.158630 0.081957 0.158630 0.081957 0.189518 0.068043 0.189518 0.068043 0.158630
13 0.482418 0.747519 0.496332 0.747519 0.496332 0.778407 0.482418 0.778407 0.482418 0.747519
13 0.821377 0.747519 0.835290 0.747519 0.835290 0.778407 0.821377 0.778407 0.821377 0.747519
13 0.896377 0.162334 0.910290 0.162334 0.910290 0.193222 0.896377 0.193222 0.896377 0.162334
9 0.150609 0.772032 0.150603 0.756588 0.828330 0.755241 0.828336 0.770685 
9 0.899988 0.175664 0.906679 0.179891 0.831679 0.765076 0.824988 0.760850 
9 0.491243 0.769477 0.487507 0.756449 0.901465 0.171264 0.905202 0.184291 
9 0.073125 0.180578 0.076875 0.167570 0.491250 0.756459 0.487500 0.769467 
9 0.071654 0.176186 0.078346 0.171962 0.153952 0.762198 0.147260 0.766422 
22 0.031500 0.081946 0.075825 0.081946 0.075825 0.207734 0.031500 0.207734
22 0.908287 0.080593 0.949964 0.080593 0.949964 0.208902 0.908287 0.208902
5 0.661066 0.378819 0.728875 0.378819 0.728875 0.542090 0.661066 0.542090
2 0.076528 0.423659 0.146794 0.423659 0.146794 0.512618 0.076528 0.512618
5 0.251864 0.390858 0.319400 0.390858 0.319400 0.555116 0.251864 0.555116
2 0.828407 0.422276 0.899054 0.422276 0.899054 0.512924 0.828407 0.512924
24 0.281677 0.674971 0.354220 0.674971 0.354220 0.842793 0.281677 0.842793
24 0.622559 0.674873 0.695116 0.674873 0.695116 0.843424 0.622559 0.843424
22 0.805855 0.776010 0.850977 0.776010 0.850977 0.903155 0.805855 0.903155
22 0.121756 0.792350 0.170638 0.792350 0.170638 0.924196 0.121756 0.924196
22 0.452452 0.782413 0.521188 0.782413 0.521188 0.913726 0.452452 0.913726
