13 0.060148 0.765057 0.079852 0.765057 0.079852 0.801420 0.060148 0.801420 0.060148 0.765057
13 0.648548 0.764534 0.668252 0.764534 0.668252 0.800898 0.648548 0.800898 0.648548 0.764534
13 0.833027 0.765769 0.852731 0.765769 0.852731 0.802132 0.833027 0.802132 0.833027 0.765769
13 0.649845 0.184961 0.669549 0.184961 0.669549 0.221324 0.649845 0.221324 0.649845 0.184961
9 0.072317 0.791261 0.067683 0.775216 0.657380 0.195120 0.662014 0.211165 
9 0.655440 0.207716 0.663954 0.198569 0.847136 0.779378 0.838621 0.788524 
9 0.069998 0.792329 0.070002 0.774147 0.842881 0.774860 0.842876 0.793042 
9 0.654771 0.203105 0.664623 0.203180 0.663326 0.782754 0.653474 0.782679 
12 0.645714 0.664214 0.722883 0.664214 0.722883 0.804591 0.645714 0.804591
19 0.766693 0.406680 0.865294 0.406680 0.865294 0.534386 0.766693 0.534386
19 0.546938 0.468185 0.646150 0.468185 0.646150 0.592473 0.546938 0.592473
19 0.235144 0.329303 0.385512 0.329303 0.385512 0.459045 0.235144 0.459045
22 0.031697 0.804003 0.091555 0.804003 0.091555 0.932283 0.031697 0.932283
22 0.625665 0.804481 0.680339 0.804481 0.680339 0.937543 0.625665 0.937543
22 0.814726 0.801044 0.895842 0.801044 0.895842 0.934971 0.814726 0.934971
22 0.627541 0.053187 0.696494 0.053187 0.696494 0.184671 0.627541 0.184671
