13 0.621454 0.081958 0.641404 0.081958 0.641404 0.101375 0.621454 0.101375 0.621454 0.081958
13 0.479739 0.183069 0.499689 0.183069 0.499689 0.202487 0.479739 0.202487 0.479739 0.183069
13 0.111168 0.237513 0.131118 0.237513 0.131118 0.256931 0.111168 0.256931 0.111168 0.237513
13 0.781454 0.398625 0.801404 0.398625 0.801404 0.418042 0.781454 0.418042 0.781454 0.398625
13 0.167168 0.401402 0.187118 0.401402 0.187118 0.420820 0.167168 0.420820 0.167168 0.401402
13 0.932882 0.505847 0.952832 0.505847 0.952832 0.525264 0.932882 0.525264 0.932882 0.505847
13 0.092882 0.751402 0.112832 0.751402 0.112832 0.770820 0.092882 0.770820 0.092882 0.751402
13 0.282596 0.751402 0.302546 0.751402 0.302546 0.770820 0.282596 0.770820 0.282596 0.751402
13 0.662406 0.750785 0.682356 0.750785 0.682356 0.770203 0.662406 0.770203 0.662406 0.750785
13 0.607168 0.913625 0.627118 0.913625 0.627118 0.933042 0.607168 0.933042 0.607168 0.913625
9 0.116399 0.248721 0.125887 0.245723 0.297315 0.759612 0.287828 0.762610 
9 0.102863 0.765965 0.102852 0.756257 0.672375 0.755639 0.672387 0.765348 
9 0.180064 0.415046 0.174222 0.407176 0.628508 0.087732 0.634349 0.095602 
9 0.486769 0.196695 0.492660 0.188860 0.945803 0.511638 0.939912 0.519473 
9 0.786691 0.406815 0.796166 0.409852 0.621880 0.924852 0.612406 0.921815 
16 0.549773 0.157006 0.610600 0.157006 0.610600 0.238162 0.549773 0.238162
16 0.173072 0.288053 0.232613 0.288053 0.232613 0.368368 0.173072 0.368368
16 0.777080 0.446553 0.834818 0.446553 0.834818 0.526481 0.777080 0.526481
16 0.197948 0.664162 0.252303 0.664162 0.252303 0.746225 0.197948 0.746225
16 0.572896 0.777188 0.632758 0.777188 0.632758 0.859157 0.572896 0.859157
