13 0.201143 0.931670 0.233143 0.931670 0.233143 0.956362 0.201143 0.956362 0.201143 0.931670
13 0.832447 0.113684 0.864447 0.113684 0.864447 0.138375 0.832447 0.138375 0.832447 0.113684
13 0.201143 0.113205 0.233143 0.113205 0.233143 0.137896 0.201143 0.137896 0.201143 0.113205
9 0.841574 0.122871 0.855321 0.129188 0.224016 0.947175 0.210269 0.940858 
9 0.209143 0.119378 0.225143 0.119378 0.225143 0.950189 0.209143 0.950189 
9 0.217135 0.131723 0.217151 0.119378 0.848455 0.119857 0.848439 0.132202 
12 0.193864 0.106481 0.318890 0.106481 0.318890 0.203859 0.193864 0.203859
19 0.577975 0.520020 0.658774 0.520020 0.658774 0.603607 0.577975 0.603607
19 0.466938 0.033992 0.545874 0.033992 0.545874 0.104182 0.466938 0.104182
19 0.070906 0.411461 0.189972 0.411461 0.189972 0.498067 0.070906 0.498067
18 0.568826 0.146435 0.736163 0.146435 0.736163 0.239590 0.568826 0.239590
