13 0.478331 0.151539 0.513266 0.151539 0.513266 0.177180 0.478331 0.177180 0.478331 0.151539
13 0.190211 0.716171 0.225146 0.716171 0.225146 0.741812 0.190211 0.741812 0.190211 0.716171
13 0.477995 0.716171 0.512929 0.716171 0.512929 0.741812 0.477995 0.741812 0.477995 0.716171
13 0.766614 0.716171 0.801549 0.716171 0.801549 0.741812 0.766614 0.741812 0.766614 0.716171
9 0.487620 0.166609 0.503977 0.162110 0.792260 0.726742 0.775903 0.731241 
9 0.207679 0.735402 0.207679 0.722581 0.784082 0.722581 0.784082 0.735402 
9 0.487620 0.162112 0.503977 0.166608 0.215857 0.731240 0.199500 0.726743 
9 0.487065 0.164357 0.504532 0.164363 0.504196 0.728994 0.486729 0.728989 
3 0.779364 0.726619 0.763751 0.795290 0.718606 0.856520 0.648819 0.903672 0.561954 0.931639 0.467424 0.937388 0.375472 0.920297 0.296064 0.882218 0.237803 0.827278 0.207004 0.761429 0.207004 0.691809 0.237803 0.625961 0.296064 0.571020 0.375472 0.532941 0.467424 0.515851 0.561954 0.521600 0.648819 0.549566 0.718606 0.596719 0.763751 0.657948 0.779364 0.726619
22 0.454584 0.016916 0.564843 0.016916 0.564843 0.121349 0.454584 0.121349
22 0.041184 0.671120 0.151035 0.671120 0.151035 0.779027 0.041184 0.779027
22 0.828381 0.670782 0.945202 0.670782 0.945202 0.776161 0.828381 0.776161
22 0.430798 0.761617 0.547354 0.761617 0.547354 0.864087 0.430798 0.864087
