13 0.136902 0.385914 0.161902 0.385914 0.161902 0.418042 0.136902 0.418042 0.136902 0.385914
13 0.543662 0.263936 0.568662 0.263936 0.568662 0.296064 0.543662 0.296064 0.543662 0.263936
13 0.625278 0.683936 0.650278 0.683936 0.650278 0.716064 0.625278 0.716064 0.625278 0.683936
13 0.660662 0.474485 0.685662 0.474485 0.685662 0.506614 0.660662 0.506614 0.660662 0.474485
13 0.685278 0.521079 0.710278 0.521079 0.710278 0.553207 0.685278 0.553207 0.685278 0.521079
13 0.699577 0.481575 0.724577 0.481575 0.724577 0.513704 0.699577 0.513704 0.699577 0.481575
13 0.847130 0.819888 0.872130 0.819888 0.872130 0.852017 0.847130 0.852017 0.847130 0.819888
13 0.829239 0.503687 0.854239 0.503687 0.854239 0.535816 0.829239 0.535816 0.829239 0.503687
13 0.812551 0.181598 0.837551 0.181598 0.837551 0.213727 0.812551 0.213727 0.812551 0.181598
9 0.148582 0.409941 0.150222 0.394015 0.842559 0.511789 0.840919 0.527714 
9 0.146718 0.409232 0.152085 0.394724 0.862313 0.828698 0.856946 0.843206 
9 0.818816 0.198220 0.831285 0.197104 0.865865 0.835395 0.853395 0.836510 
9 0.150833 0.409797 0.147970 0.394159 0.823619 0.189844 0.826482 0.205481 
9 0.551045 0.284613 0.561278 0.275387 0.864746 0.831340 0.854513 0.840565 
9 0.819414 0.194192 0.830687 0.201133 0.643414 0.703470 0.632141 0.696530 
22 0.848463 0.826124 0.923201 0.826124 0.923201 0.941302 0.848463 0.941302
22 0.474813 0.147539 0.563937 0.147539 0.563937 0.266256 0.474813 0.266256
22 0.864731 0.467059 0.945841 0.467059 0.945841 0.583111 0.864731 0.583111
22 0.042567 0.336964 0.131411 0.336964 0.131411 0.457175 0.042567 0.457175
22 0.810472 0.063216 0.901023 0.063216 0.901023 0.180623 0.810472 0.180623
22 0.544852 0.722860 0.645070 0.722860 0.645070 0.841883 0.544852 0.841883
