13 0.827179 0.103779 0.852821 0.103779 0.852821 0.129176 0.827179 0.129176 0.827179 0.103779
13 0.150989 0.488817 0.176630 0.488817 0.176630 0.514214 0.150989 0.514214 0.150989 0.488817
13 0.824982 0.877162 0.850623 0.877162 0.850623 0.902559 0.824982 0.902559 0.824982 0.877162
9 0.160586 0.507003 0.167033 0.496027 0.841025 0.884372 0.834579 0.895348 
9 0.833590 0.116459 0.846410 0.116495 0.844212 0.889878 0.831392 0.889842 
9 0.167004 0.507020 0.160615 0.496011 0.836805 0.110973 0.843195 0.121982 
22 0.847834 0.032756 0.930429 0.032756 0.930429 0.134982 0.847834 0.134982
18 0.673798 0.200587 0.824934 0.200587 0.824934 0.310381 0.673798 0.310381
22 0.033922 0.441344 0.132873 0.441344 0.132873 0.548189 0.033922 0.548189
22 0.842299 0.874483 0.937262 0.874483 0.937262 0.977940 0.842299 0.977940
