13 0.681950 0.081189 0.695578 0.081189 0.695578 0.096311 0.681950 0.096311 0.681950 0.081189
13 0.458354 0.253689 0.471983 0.253689 0.471983 0.268811 0.458354 0.268811 0.458354 0.253689
13 0.170152 0.476814 0.183781 0.476814 0.183781 0.491936 0.170152 0.491936 0.170152 0.476814
13 0.826519 0.477855 0.840148 0.477855 0.840148 0.492978 0.826519 0.492978 0.826519 0.477855
13 0.467905 0.708064 0.481533 0.708064 0.481533 0.723186 0.467905 0.723186 0.467905 0.708064
13 0.681388 0.876814 0.695017 0.876814 0.695017 0.891936 0.681388 0.891936 0.681388 0.876814
9 0.175003 0.487465 0.178930 0.481285 0.690166 0.881285 0.686239 0.887465 
9 0.178914 0.487477 0.175019 0.481273 0.686816 0.085648 0.690712 0.091852 
3 0.831110 0.485005 0.818228 0.570670 0.780976 0.647053 0.723392 0.705875 0.651716 0.740762 0.573714 0.747934 0.497841 0.726614 0.432317 0.679111 0.384243 0.610574 0.358830 0.528430 0.358830 0.441580 0.384243 0.359436 0.432317 0.290899 0.497841 0.243396 0.573714 0.222076 0.651716 0.229248 0.723392 0.264135 0.780976 0.322957 0.818228 0.399339 0.831110 0.485005
22 0.409503 0.172712 0.476957 0.172712 0.476957 0.259647 0.409503 0.259647
22 0.090156 0.440083 0.172580 0.440083 0.172580 0.527283 0.090156 0.527283
18 0.380088 0.436902 0.516401 0.436902 0.516401 0.525406 0.380088 0.525406
22 0.852060 0.441800 0.917351 0.441800 0.917351 0.529547 0.852060 0.529547
22 0.413170 0.710722 0.477995 0.710722 0.477995 0.797492 0.413170 0.797492
