13 0.319153 0.171504 0.341816 0.171504 0.341816 0.195969 0.319153 0.195969 0.319153 0.171504
13 0.464859 0.459196 0.487522 0.459196 0.487522 0.483661 0.464859 0.483661 0.464859 0.459196
13 0.769848 0.466135 0.792511 0.466135 0.792511 0.490600 0.769848 0.490600 0.769848 0.466135
13 0.393430 0.503686 0.416093 0.503686 0.416093 0.528151 0.393430 0.528151 0.393430 0.503686
13 0.165307 0.527108 0.187970 0.527108 0.187970 0.551573 0.165307 0.551573 0.165307 0.527108
13 0.727094 0.632053 0.749757 0.632053 0.749757 0.656518 0.727094 0.656518 0.727094 0.632053
13 0.457533 0.791284 0.480196 0.791284 0.480196 0.815749 0.457533 0.815749 0.457533 0.791284
9 0.325351 0.181148 0.335618 0.186324 0.181772 0.541929 0.171505 0.536753 
9 0.173001 0.544030 0.180276 0.534652 0.472502 0.798827 0.465227 0.808206 
9 0.471584 0.808882 0.466145 0.798151 0.735706 0.638920 0.741146 0.649651 
9 0.177165 0.545430 0.176111 0.533251 0.780652 0.472278 0.781706 0.484457 
9 0.324976 0.185169 0.335992 0.182303 0.474372 0.802083 0.463356 0.804950 
3 0.782492 0.471579 0.765914 0.578827 0.717975 0.674453 0.643871 0.748094 0.551632 0.791771 0.451254 0.800750 0.353614 0.774058 0.269292 0.714588 0.207427 0.628784 0.174723 0.525944 0.174723 0.417213 0.207427 0.314374 0.269292 0.228570 0.353614 0.169100 0.451254 0.142408 0.551632 0.151387 0.643871 0.195063 0.717975 0.268705 0.765914 0.364331 0.782492 0.471579
22 0.057645 0.470498 0.146705 0.470498 0.146705 0.597142 0.057645 0.597142
22 0.419814 0.828014 0.500651 0.828014 0.500651 0.941781 0.419814 0.941781
22 0.753175 0.621956 0.820582 0.621956 0.820582 0.731992 0.753175 0.731992
22 0.803917 0.416285 0.876739 0.416285 0.876739 0.524126 0.803917 0.524126
22 0.300418 0.048385 0.377594 0.048385 0.377594 0.156768 0.300418 0.156768
18 0.219278 0.416497 0.361518 0.416497 0.361518 0.521513 0.219278 0.521513
18 0.473281 0.632473 0.577133 0.632473 0.577133 0.739443 0.473281 0.739443
18 0.795550 0.514090 0.942189 0.514090 0.942189 0.620886 0.795550 0.620886
18 0.619751 0.059971 0.719558 0.059971 0.719558 0.163933 0.619751 0.163933
