13 0.040749 0.202772 0.073536 0.202772 0.073536 0.233901 0.040749 0.233901 0.040749 0.202772
13 0.787085 0.206080 0.819872 0.206080 0.819872 0.237209 0.787085 0.237209 0.787085 0.206080
13 0.783607 0.923068 0.816393 0.923068 0.816393 0.954196 0.783607 0.954196 0.783607 0.923068
9 0.057105 0.226119 0.057181 0.210554 0.803517 0.213863 0.803440 0.229427 
9 0.795282 0.221609 0.811675 0.221680 0.808197 0.938668 0.791803 0.938596 
9 0.051286 0.223781 0.063000 0.212892 0.805857 0.933188 0.794143 0.944077 
12 0.698046 0.197882 0.824911 0.197882 0.824911 0.318143 0.698046 0.318143
18 0.599419 0.620624 0.764814 0.620624 0.764814 0.729936 0.599419 0.729936
19 0.318514 0.062855 0.613897 0.062855 0.613897 0.192317 0.318514 0.192317
18 0.198474 0.249916 0.364315 0.249916 0.364315 0.360108 0.198474 0.360108
19 0.283245 0.561966 0.360580 0.561966 0.360580 0.648108 0.283245 0.648108
