13 0.242174 0.180917 0.270543 0.180917 0.270543 0.233897 0.242174 0.233897 0.242174 0.180917
13 0.825519 0.186887 0.853888 0.186887 0.853888 0.239868 0.825519 0.239868 0.825519 0.186887
13 0.131868 0.755475 0.160237 0.755475 0.160237 0.808456 0.131868 0.808456 0.131868 0.755475
13 0.716493 0.756696 0.744862 0.756696 0.744862 0.809676 0.716493 0.809676 0.716493 0.756696
9 0.148429 0.796827 0.148429 0.770337 0.732414 0.770337 0.732414 0.796827 
9 0.258212 0.227347 0.258202 0.200857 0.839699 0.200133 0.839708 0.226623 
9 0.833013 0.208986 0.846395 0.217769 0.739105 0.787973 0.725723 0.779191 
9 0.248302 0.204210 0.261643 0.213205 0.151485 0.782996 0.138144 0.774000 
22 0.173759 0.132450 0.241135 0.132450 0.241135 0.284768 0.173759 0.284768
2 0.531915 0.132450 0.570922 0.132450 0.570922 0.284768 0.531915 0.284768
22 0.840426 0.132450 0.914894 0.132450 0.914894 0.298013 0.840426 0.298013
22 0.056738 0.701987 0.131206 0.701987 0.131206 0.860927 0.056738 0.860927
2 0.418440 0.708609 0.457447 0.708609 0.457447 0.860927 0.418440 0.860927
22 0.748227 0.701987 0.843972 0.701987 0.843972 0.860927 0.748227 0.860927
19 0.414894 0.033113 0.542553 0.033113 0.542553 0.178808 0.414894 0.178808
19 0.056738 0.370861 0.184397 0.370861 0.184397 0.529801 0.056738 0.529801
19 0.801418 0.423841 0.925532 0.423841 0.925532 0.576159 0.801418 0.576159
