13 0.129839 0.723084 0.140161 0.723084 0.140161 0.746613 0.129839 0.746613 0.129839 0.723084
13 0.465255 0.722137 0.475578 0.722137 0.475578 0.745666 0.465255 0.745666 0.465255 0.722137
13 0.379839 0.185205 0.390161 0.185205 0.390161 0.208734 0.379839 0.208734 0.379839 0.185205
13 0.885445 0.721706 0.895767 0.721706 0.895767 0.745236 0.885445 0.745236 0.885445 0.721706
9 0.135002 0.740731 0.134998 0.728966 0.890604 0.727589 0.890608 0.739353 
9 0.383911 0.202303 0.386089 0.191637 0.891695 0.728138 0.889517 0.738804 
9 0.382574 0.198975 0.387426 0.194964 0.472843 0.731896 0.467991 0.735907 
9 0.136771 0.739126 0.133229 0.730571 0.383229 0.192692 0.386771 0.201247 
19 0.135072 0.384666 0.228864 0.384666 0.228864 0.504693 0.135072 0.504693
19 0.659807 0.763732 0.694878 0.763732 0.694878 0.857215 0.659807 0.857215
22 0.452695 0.753967 0.499208 0.753967 0.499208 0.878568 0.452695 0.878568
19 0.279595 0.754287 0.315281 0.754287 0.315281 0.867730 0.279595 0.867730
22 0.360079 0.056005 0.409823 0.056005 0.409823 0.177237 0.360079 0.177237
22 0.087358 0.751125 0.133922 0.751125 0.133922 0.873463 0.087358 0.873463
22 0.888493 0.751947 0.938776 0.751947 0.938776 0.876802 0.888493 0.876802
19 0.642962 0.335204 0.699007 0.335204 0.699007 0.452186 0.642962 0.452186
