13 0.134903 0.863075 0.158713 0.863075 0.158713 0.894204 0.134903 0.894204 0.134903 0.863075
13 0.511938 0.862150 0.535748 0.862150 0.535748 0.893278 0.511938 0.893278 0.511938 0.862150
13 0.836051 0.437683 0.859860 0.437683 0.859860 0.468811 0.836051 0.468811 0.836051 0.437683
13 0.513032 0.016616 0.536842 0.016616 0.536842 0.047745 0.513032 0.047745 0.513032 0.016616
9 0.146819 0.886422 0.146797 0.870857 0.523832 0.869932 0.523854 0.885496 
9 0.518984 0.032167 0.530889 0.032194 0.529795 0.877727 0.517890 0.877701 
9 0.843743 0.447749 0.852168 0.458745 0.528055 0.883212 0.519630 0.872216 
9 0.520734 0.037691 0.529140 0.026670 0.852158 0.447736 0.843753 0.458758 
9 0.519797 0.028256 0.530077 0.036105 0.151948 0.882564 0.141668 0.874715 
12 0.760826 0.386986 0.860153 0.386986 0.860153 0.514018 0.760826 0.514018
12 0.454758 0.785555 0.538119 0.785555 0.538119 0.895084 0.454758 0.895084
19 0.699228 0.171875 0.748792 0.171875 0.748792 0.250297 0.699228 0.250297
19 0.317332 0.887820 0.369133 0.887820 0.369133 0.966942 0.317332 0.966942
19 0.267717 0.372967 0.319921 0.372967 0.319921 0.469279 0.267717 0.469279
19 0.534566 0.405513 0.586093 0.405513 0.586093 0.497670 0.534566 0.497670
18 0.204058 0.744631 0.316259 0.744631 0.316259 0.861644 0.204058 0.861644
18 0.543927 0.618335 0.653770 0.618335 0.653770 0.733191 0.543927 0.733191
