13 0.466853 0.471156 0.483147 0.471156 0.483147 0.487416 0.466853 0.487416 0.466853 0.471156
13 0.449949 0.790918 0.466242 0.790918 0.466242 0.807178 0.449949 0.807178 0.449949 0.790918
13 0.690425 0.699727 0.706718 0.699727 0.706718 0.715987 0.690425 0.715987 0.690425 0.699727
13 0.484234 0.150918 0.500528 0.150918 0.500528 0.167178 0.484234 0.167178 0.484234 0.150918
9 0.459542 0.802848 0.456648 0.795248 0.697125 0.704057 0.700018 0.711657 
9 0.488313 0.158831 0.496448 0.159265 0.462163 0.799265 0.454028 0.798831 
3 0.795403 0.478424 0.778026 0.582345 0.727779 0.675004 0.650107 0.746361 0.553427 0.788683 0.448215 0.797384 0.345873 0.771520 0.257491 0.713894 0.192647 0.630752 0.158368 0.531103 0.158368 0.425745 0.192647 0.326096 0.257491 0.242954 0.345873 0.185328 0.448215 0.159464 0.553427 0.168165 0.650107 0.210487 0.727779 0.281844 0.778026 0.374503 0.795403 0.478424
22 0.457253 0.053719 0.537973 0.053719 0.537973 0.140584 0.457253 0.140584
22 0.409800 0.817189 0.486755 0.817189 0.486755 0.907539 0.409800 0.907539
18 0.573940 0.787493 0.694941 0.787493 0.694941 0.874993 0.573940 0.874993
22 0.726009 0.678408 0.794071 0.678408 0.794071 0.766113 0.726009 0.766113
