13 0.074529 0.620838 0.089797 0.620838 0.089797 0.644162 0.074529 0.644162 0.074529 0.620838
13 0.591617 0.857862 0.606885 0.857862 0.606885 0.881186 0.591617 0.881186 0.591617 0.857862
13 0.633156 0.311975 0.648424 0.311975 0.648424 0.335298 0.633156 0.335298 0.633156 0.311975
13 0.650544 0.070243 0.665811 0.070243 0.665811 0.093567 0.650544 0.093567 0.650544 0.070243
9 0.081066 0.638085 0.083260 0.626915 0.600348 0.863939 0.598154 0.875109 
9 0.654385 0.081243 0.661969 0.082567 0.603043 0.870186 0.595459 0.868862 
9 0.083462 0.637983 0.080864 0.627017 0.639491 0.318153 0.642089 0.329119 
1 0.557252 0.723032 0.769084 0.723032 0.769084 0.836735 0.557252 0.836735
7 0.559473 0.782954 0.588549 0.782954 0.588549 0.826553 0.559473 0.826553
18 0.617252 0.777399 0.949084 0.777399 0.949084 0.924361 0.617252 0.924361
18 0.205271 0.560307 0.318862 0.560307 0.318862 0.684847 0.205271 0.684847
18 0.300753 0.162810 0.626022 0.162810 0.626022 0.310763 0.300753 0.310763
