13 0.162974 0.483396 0.178040 0.483396 0.178040 0.499461 0.162974 0.499461 0.162974 0.483396
13 0.518677 0.775539 0.533743 0.775539 0.533743 0.791604 0.518677 0.791604 0.518677 0.775539
13 0.684223 0.914508 0.699289 0.914508 0.699289 0.930572 0.684223 0.930572 0.684223 0.914508
13 0.739779 0.481764 0.754845 0.481764 0.754845 0.497828 0.739779 0.497828 0.739779 0.481764
13 0.825800 0.481764 0.840866 0.481764 0.840866 0.497828 0.825800 0.497828 0.825800 0.481764
13 0.515509 0.180539 0.530574 0.180539 0.530574 0.196604 0.515509 0.196604 0.515509 0.180539
13 0.673727 0.043396 0.688793 0.043396 0.688793 0.059461 0.673727 0.059461 0.673727 0.043396
9 0.172874 0.494552 0.168140 0.488305 0.678893 0.048305 0.683627 0.054552 
9 0.168198 0.494602 0.172815 0.488255 0.694065 0.919366 0.689448 0.925713 
9 0.170516 0.495445 0.170498 0.487413 0.833325 0.485780 0.833342 0.493812 
9 0.744374 0.487282 0.750249 0.492309 0.529147 0.786085 0.523272 0.781058 
9 0.520092 0.191068 0.525991 0.186074 0.750262 0.487299 0.744362 0.492293 
12 0.467024 0.175901 0.564552 0.175901 0.564552 0.283416 0.467024 0.283416
12 0.468941 0.686872 0.566415 0.686872 0.566415 0.793285 0.468941 0.793285
0 0.225195 0.424467 0.262679 0.424467 0.262679 0.494446 0.225195 0.494446
0 0.226251 0.482226 0.261472 0.482226 0.261472 0.554000 0.226251 0.554000
22 0.449493 0.791707 0.523981 0.791707 0.523981 0.883728 0.449493 0.883728
22 0.722292 0.361386 0.795017 0.361386 0.795017 0.449014 0.722292 0.449014
22 0.463485 0.077363 0.536435 0.077363 0.536435 0.168652 0.463485 0.168652
22 0.097791 0.437668 0.164831 0.437668 0.164831 0.527007 0.097791 0.527007
19 0.646109 0.608474 0.702207 0.608474 0.702207 0.690223 0.646109 0.690223
