13 0.149241 0.125157 0.169092 0.125157 0.169092 0.163804 0.149241 0.163804 0.149241 0.125157
13 0.424132 0.124098 0.443984 0.124098 0.443984 0.162745 0.424132 0.162745 0.424132 0.124098
13 0.913023 0.124782 0.932874 0.124782 0.932874 0.163430 0.913023 0.163430 0.913023 0.124782
13 0.149785 0.862382 0.169636 0.862382 0.169636 0.901029 0.149785 0.901029 0.149785 0.862382
9 0.154204 0.144494 0.164129 0.144467 0.164673 0.881691 0.154747 0.881719 
9 0.159168 0.154142 0.159165 0.134819 0.922947 0.134444 0.922950 0.153768 
9 0.161917 0.890360 0.157504 0.873051 0.920742 0.135452 0.925155 0.152760 
9 0.430037 0.137759 0.438079 0.149085 0.163731 0.887369 0.155689 0.876042 
12 0.144639 0.115460 0.262736 0.115460 0.262736 0.344414 0.144639 0.344414
2 0.253102 0.445231 0.340321 0.445231 0.340321 0.578000 0.253102 0.578000
2 0.661163 0.039495 0.699026 0.039495 0.699026 0.248149 0.661163 0.248149
1 0.779156 0.135266 0.870968 0.135266 0.870968 0.357488 0.779156 0.357488
7 0.798637 0.150152 0.874115 0.150152 0.874115 0.239892 0.798637 0.239892
18 0.778492 0.336275 0.863827 0.336275 0.863827 0.487580 0.778492 0.487580
18 0.428468 0.192753 0.594650 0.192753 0.594650 0.358595 0.428468 0.358595
18 0.023886 0.477005 0.131610 0.477005 0.131610 0.634766 0.023886 0.634766
1 0.116625 0.555556 0.205955 0.555556 0.205955 0.811594 0.116625 0.811594
7 0.161477 0.682733 0.212307 0.682733 0.212307 0.812388 0.161477 0.812388
