13 0.425455 0.179585 0.454545 0.179585 0.454545 0.208362 0.425455 0.208362 0.425455 0.179585
13 0.689582 0.180527 0.718672 0.180527 0.718672 0.209304 0.689582 0.209304 0.689582 0.180527
13 0.639740 0.248323 0.668831 0.248323 0.668831 0.277100 0.639740 0.277100 0.639740 0.248323
13 0.425455 0.546928 0.454545 0.546928 0.454545 0.575705 0.425455 0.575705 0.425455 0.546928
9 0.439974 0.201168 0.440026 0.186779 0.704153 0.187721 0.704101 0.202109 
9 0.698206 0.190738 0.710048 0.199092 0.445921 0.565493 0.434079 0.557139 
9 0.432727 0.186779 0.447273 0.186779 0.447273 0.568510 0.432727 0.568510 
3 0.807721 0.559527 0.787621 0.678679 0.729500 0.784918 0.639655 0.866733 0.527824 0.915258 0.406124 0.925233 0.287744 0.895579 0.185512 0.829508 0.110506 0.734181 0.070855 0.619927 0.070855 0.499128 0.110506 0.384874 0.185512 0.289547 0.287744 0.223476 0.406124 0.193821 0.527824 0.203797 0.639655 0.252321 0.729500 0.334136 0.787621 0.440376 0.807721 0.559527
19 0.268423 0.314716 0.409972 0.314716 0.409972 0.438421 0.268423 0.438421
19 0.495810 0.044719 0.643353 0.044719 0.643353 0.162972 0.495810 0.162972
19 0.801476 0.247034 0.880035 0.247034 0.880035 0.340520 0.801476 0.340520
1 0.672727 0.226619 0.814545 0.226619 0.814545 0.323741 0.672727 0.323741
7 0.681277 0.224508 0.777997 0.224508 0.777997 0.307462 0.681277 0.307462
