13 0.481591 0.852468 0.501742 0.852468 0.501742 0.873247 0.481591 0.873247 0.481591 0.852468
13 0.621406 0.817547 0.641557 0.817547 0.641557 0.838326 0.621406 0.838326 0.621406 0.817547
13 0.480401 0.549610 0.500552 0.549610 0.500552 0.570390 0.480401 0.570390 0.480401 0.549610
13 0.345480 0.281039 0.365631 0.281039 0.365631 0.301818 0.345480 0.301818 0.345480 0.281039
13 0.483674 0.247468 0.503826 0.247468 0.503826 0.268247 0.483674 0.268247 0.483674 0.247468
9 0.488712 0.257839 0.498788 0.257876 0.496704 0.862876 0.486629 0.862839 
9 0.351105 0.293862 0.360006 0.288995 0.635932 0.825503 0.627031 0.830370 
3 0.781453 0.558684 0.765627 0.656479 0.719865 0.743676 0.649125 0.810826 0.561073 0.850653 0.465252 0.858841 0.372044 0.834502 0.291550 0.780273 0.232494 0.702033 0.201274 0.608258 0.201274 0.509111 0.232494 0.415336 0.291550 0.337095 0.372044 0.282867 0.465252 0.258528 0.561073 0.266716 0.649125 0.306542 0.719865 0.373693 0.765627 0.460890 0.781453 0.558684
0 0.434422 0.430573 0.499252 0.430573 0.499252 0.471782 0.434422 0.471782
0 0.484494 0.643911 0.551903 0.643911 0.551903 0.687414 0.484494 0.687414
1 0.420655 0.215584 0.468514 0.215584 0.468514 0.392208 0.420655 0.392208
7 0.423038 0.336885 0.463507 0.336885 0.463507 0.381012 0.423038 0.381012
18 0.527494 0.467891 0.629177 0.467891 0.629177 0.580589 0.527494 0.580589
18 0.415400 0.108462 0.570750 0.108462 0.570750 0.220844 0.415400 0.220844
