13 0.193564 0.077068 0.212981 0.077068 0.212981 0.116672 0.193564 0.116672 0.193564 0.077068
13 0.478625 0.739761 0.498042 0.739761 0.498042 0.779365 0.478625 0.779365 0.478625 0.739761
13 0.956291 0.740151 0.975709 0.740151 0.975709 0.779755 0.956291 0.779755 0.956291 0.740151
13 0.190905 0.734189 0.210323 0.734189 0.210323 0.773793 0.190905 0.773793 0.190905 0.734189
9 0.201369 0.105978 0.205176 0.087762 0.967903 0.750845 0.964097 0.769061 
9 0.202461 0.766417 0.202482 0.746616 0.966011 0.750052 0.965989 0.769854 
9 0.199624 0.103400 0.206922 0.090341 0.491982 0.753033 0.484684 0.766093 
9 0.193902 0.093485 0.203611 0.093522 0.202992 0.765375 0.193283 0.765338 
12 0.189320 0.653465 0.252427 0.653465 0.252427 0.777228 0.189320 0.777228
19 0.587379 0.272277 0.728155 0.272277 0.728155 0.391089 0.587379 0.391089
19 0.036408 0.356436 0.174757 0.356436 0.174757 0.475248 0.036408 0.475248
19 0.274272 0.806931 0.412621 0.806931 0.412621 0.915842 0.274272 0.915842
19 0.657767 0.801980 0.798544 0.801980 0.798544 0.915842 0.657767 0.915842
