13 0.324616 0.280074 0.352884 0.280074 0.352884 0.306133 0.324616 0.306133 0.324616 0.280074
13 0.700770 0.352576 0.729038 0.352576 0.729038 0.378635 0.700770 0.378635 0.700770 0.352576
13 0.434729 0.447786 0.462998 0.447786 0.462998 0.473844 0.434729 0.473844 0.434729 0.447786
13 0.203053 0.529116 0.231322 0.529116 0.231322 0.555175 0.203053 0.555175 0.203053 0.529116
13 0.605866 0.705361 0.634134 0.705361 0.634134 0.731420 0.605866 0.731420 0.605866 0.705361
9 0.219725 0.548226 0.214650 0.536066 0.712366 0.359526 0.717442 0.371686 
9 0.332716 0.296494 0.344784 0.289712 0.626034 0.715000 0.613966 0.721782 
9 0.214157 0.548031 0.220218 0.536260 0.623030 0.712505 0.616970 0.724276 
9 0.337991 0.297104 0.340980 0.284369 0.716398 0.359238 0.713410 0.371973 
3 0.755550 0.500540 0.740832 0.581849 0.698270 0.654347 0.632479 0.710178 0.550587 0.743291 0.461468 0.750098 0.374780 0.729862 0.299917 0.684775 0.244992 0.619724 0.215956 0.541757 0.215956 0.459323 0.244992 0.381357 0.299917 0.316305 0.374780 0.271218 0.461468 0.250982 0.550587 0.257789 0.632479 0.290902 0.698270 0.346733 0.740832 0.419231 0.755550 0.500540
22 0.243816 0.221498 0.310954 0.221498 0.310954 0.299674 0.243816 0.299674
7 0.371025 0.302932 0.406360 0.302932 0.406360 0.338762 0.371025 0.338762
22 0.734982 0.296417 0.826855 0.296417 0.826855 0.377850 0.734982 0.377850
7 0.625442 0.351792 0.660777 0.351792 0.660777 0.384365 0.625442 0.384365
22 0.113074 0.508143 0.187279 0.508143 0.187279 0.586319 0.113074 0.586319
7 0.250883 0.530945 0.289753 0.530945 0.289753 0.570033 0.250883 0.570033
7 0.526502 0.654723 0.565371 0.654723 0.565371 0.697068 0.526502 0.697068
18 0.070671 0.657980 0.236749 0.657980 0.236749 0.752443 0.070671 0.752443
22 0.632509 0.719870 0.713781 0.719870 0.713781 0.801303 0.632509 0.801303
18 0.310954 0.035831 0.614841 0.035831 0.614841 0.130293 0.310954 0.130293
18 0.604240 0.091205 0.915194 0.091205 0.915194 0.188925 0.604240 0.188925
18 0.314488 0.837134 0.618375 0.837134 0.618375 0.934853 0.314488 0.934853
