13 0.102199 0.691944 0.126967 0.691944 0.126967 0.731548 0.102199 0.731548 0.102199 0.691944
13 0.102443 0.199072 0.127211 0.199072 0.127211 0.238676 0.102443 0.238676 0.102443 0.199072
13 0.205788 0.264064 0.230556 0.264064 0.230556 0.303668 0.205788 0.303668 0.205788 0.264064
13 0.887799 0.690381 0.912567 0.690381 0.912567 0.729985 0.887799 0.729985 0.887799 0.690381
9 0.212398 0.280291 0.223947 0.287440 0.120358 0.715320 0.108809 0.708172 
9 0.108635 0.218867 0.121019 0.218882 0.120775 0.711754 0.108391 0.711738 
9 0.112571 0.228095 0.117083 0.209654 0.902439 0.700963 0.897927 0.719404 
9 0.114591 0.721647 0.114576 0.701845 0.900175 0.700282 0.900191 0.720084 
12 0.188045 0.268790 0.278918 0.268790 0.278918 0.412803 0.188045 0.412803
12 0.098756 0.598265 0.182646 0.598265 0.182646 0.734287 0.098756 0.734287
22 0.058511 0.087177 0.125680 0.087177 0.125680 0.210151 0.058511 0.210151
22 0.027289 0.652076 0.099580 0.652076 0.099580 0.777821 0.027289 0.777821
19 0.143394 0.112235 0.191644 0.112235 0.191644 0.225614 0.143394 0.225614
22 0.913708 0.652749 0.977581 0.652749 0.977581 0.778594 0.913708 0.778594
19 0.493184 0.322739 0.572049 0.322739 0.572049 0.442340 0.493184 0.442340
22 0.196264 0.140945 0.285854 0.140945 0.285854 0.267152 0.196264 0.267152
