13 0.447217 0.236476 0.478590 0.236476 0.478590 0.269810 0.447217 0.269810 0.447217 0.236476
13 0.154496 0.453883 0.185868 0.453883 0.185868 0.487216 0.154496 0.487216 0.154496 0.453883
13 0.447147 0.567433 0.478519 0.567433 0.478519 0.600766 0.447147 0.600766 0.447147 0.567433
13 0.739690 0.680476 0.771063 0.680476 0.771063 0.713810 0.739690 0.713810 0.739690 0.680476
9 0.167492 0.478377 0.172872 0.462722 0.465523 0.576272 0.460143 0.591927 
9 0.455060 0.253141 0.470746 0.253145 0.470676 0.584101 0.454990 0.584098 
3 0.773313 0.582278 0.756445 0.689685 0.707666 0.785453 0.632264 0.859204 0.538409 0.902946 0.436272 0.911938 0.336921 0.885207 0.251122 0.825648 0.188173 0.739717 0.154896 0.636724 0.154896 0.527832 0.188173 0.424839 0.251122 0.338908 0.336921 0.279349 0.436272 0.252618 0.538409 0.261610 0.632264 0.305351 0.707666 0.379102 0.756445 0.474870 0.773313 0.582278
18 0.242822 0.339270 0.433998 0.339270 0.433998 0.476777 0.242822 0.476777
22 0.788392 0.623245 0.905378 0.623245 0.905378 0.768719 0.788392 0.768719
22 0.056102 0.367546 0.152827 0.367546 0.152827 0.510931 0.056102 0.510931
22 0.407671 0.065178 0.519213 0.065178 0.519213 0.211252 0.407671 0.211252
