13 0.208036 0.790655 0.230074 0.790655 0.230074 0.815499 0.208036 0.815499 0.208036 0.790655
13 0.753526 0.791094 0.775564 0.791094 0.775564 0.815939 0.753526 0.815939 0.753526 0.791094
13 0.829928 0.180435 0.851967 0.180435 0.851967 0.205280 0.829928 0.205280 0.829928 0.180435
13 0.132036 0.180824 0.154074 0.180824 0.154074 0.205669 0.132036 0.205669 0.132036 0.180824
9 0.219051 0.809288 0.219059 0.796866 0.764549 0.797305 0.764541 0.809728 
9 0.835492 0.191990 0.846403 0.193725 0.770001 0.804384 0.759089 0.802649 
9 0.143058 0.199458 0.143052 0.187036 0.840945 0.186646 0.840950 0.199068 
9 0.137599 0.194111 0.148511 0.192383 0.224511 0.802213 0.213599 0.803941 
22 0.853561 0.077559 0.944716 0.077559 0.944716 0.176469 0.853561 0.176469
22 0.072308 0.082086 0.141742 0.082086 0.141742 0.177820 0.072308 0.177820
10 0.448931 0.151648 0.517894 0.151648 0.517894 0.234115 0.448931 0.234115
18 0.682272 0.210136 0.807614 0.210136 0.807614 0.304798 0.682272 0.304798
2 0.127941 0.461066 0.232483 0.461066 0.232483 0.525248 0.127941 0.525248
2 0.749116 0.461615 0.854552 0.461615 0.854552 0.529173 0.749116 0.529173
10 0.448411 0.761807 0.517548 0.761807 0.517548 0.843449 0.448411 0.843449
22 0.126687 0.813001 0.200820 0.813001 0.200820 0.913284 0.126687 0.913284
22 0.758944 0.817184 0.819099 0.817184 0.819099 0.916086 0.758944 0.916086
