13 0.262798 0.126892 0.291369 0.126892 0.291369 0.153470 0.262798 0.153470 0.262798 0.126892
13 0.653214 0.126246 0.681786 0.126246 0.681786 0.152824 0.653214 0.152824 0.653214 0.126246
13 0.129464 0.467480 0.158036 0.467480 0.158036 0.494058 0.129464 0.494058 0.129464 0.467480
13 0.790179 0.469269 0.818750 0.469269 0.818750 0.495847 0.790179 0.495847 0.790179 0.469269
13 0.263555 0.810178 0.292127 0.810178 0.292127 0.836756 0.263555 0.836756 0.263555 0.810178
13 0.653328 0.811235 0.681899 0.811235 0.681899 0.837813 0.653328 0.837813 0.653328 0.811235
9 0.277820 0.830112 0.277862 0.816823 0.667634 0.817880 0.667593 0.831169 
9 0.275000 0.144512 0.275000 0.131223 0.667568 0.131223 0.667568 0.144512 
9 0.268306 0.135548 0.281694 0.140186 0.146500 0.477793 0.133113 0.473154 
9 0.792419 0.479293 0.805875 0.483758 0.674341 0.826757 0.660886 0.822292 
9 0.661559 0.140089 0.675022 0.135645 0.805878 0.478631 0.792415 0.483076 
9 0.133103 0.481802 0.146510 0.477214 0.282427 0.820873 0.269019 0.825461 
22 0.200000 0.029900 0.282143 0.029900 0.282143 0.109635 0.200000 0.109635
22 0.657143 0.026578 0.735714 0.026578 0.735714 0.109635 0.657143 0.109635
18 0.271429 0.149502 0.446429 0.149502 0.446429 0.242525 0.271429 0.242525
18 0.496429 0.149502 0.664286 0.149502 0.664286 0.242525 0.496429 0.242525
22 0.050000 0.435216 0.103571 0.435216 0.103571 0.514950 0.050000 0.514950
18 0.171429 0.425249 0.332143 0.425249 0.332143 0.514950 0.171429 0.514950
18 0.607143 0.425249 0.782143 0.425249 0.782143 0.518272 0.607143 0.518272
22 0.832143 0.431894 0.907143 0.431894 0.907143 0.514950 0.832143 0.514950
18 0.267857 0.694352 0.442857 0.694352 0.442857 0.787375 0.267857 0.787375
18 0.521429 0.694352 0.689286 0.694352 0.689286 0.787375 0.521429 0.787375
22 0.192857 0.850498 0.275000 0.850498 0.275000 0.930233 0.192857 0.930233
22 0.657143 0.853821 0.742857 0.853821 0.742857 0.940199 0.657143 0.940199
