13 0.473926 0.907069 0.495035 0.907069 0.495035 0.935337 0.473926 0.935337 0.473926 0.907069
13 0.053548 0.483009 0.074657 0.483009 0.074657 0.511277 0.053548 0.511277 0.053548 0.483009
13 0.474489 0.483009 0.495597 0.483009 0.495597 0.511277 0.474489 0.511277 0.474489 0.483009
13 0.899702 0.483009 0.920810 0.483009 0.920810 0.511277 0.899702 0.511277 0.899702 0.483009
13 0.474489 0.060151 0.495597 0.060151 0.495597 0.088420 0.474489 0.088420 0.474489 0.060151
9 0.064103 0.504210 0.064103 0.490076 0.910256 0.490076 0.910256 0.504210 
9 0.481897 0.079960 0.488189 0.068612 0.913402 0.491469 0.907110 0.502817 
9 0.479766 0.074279 0.490320 0.074292 0.489757 0.921209 0.479203 0.921197 
9 0.487630 0.926874 0.481331 0.915532 0.907107 0.491472 0.913406 0.502814 
9 0.060928 0.502788 0.067278 0.491498 0.487655 0.915558 0.481305 0.926848 
9 0.067269 0.502796 0.060936 0.491489 0.481876 0.068632 0.488209 0.079939 
19 0.495456 0.214008 0.553942 0.214008 0.553942 0.329101 0.495456 0.329101
12 0.380696 0.357221 0.498607 0.357221 0.498607 0.512460 0.380696 0.512460
19 0.230431 0.518941 0.322858 0.518941 0.322858 0.636544 0.230431 0.636544
19 0.652463 0.515975 0.743735 0.515975 0.743735 0.632298 0.652463 0.632298
19 0.497692 0.637991 0.556549 0.637991 0.556549 0.753601 0.497692 0.753601
