13 0.587093 0.234793 0.610417 0.234793 0.610417 0.266921 0.587093 0.266921 0.587093 0.234793
13 0.125268 0.415364 0.148591 0.415364 0.148591 0.447493 0.125268 0.447493 0.125268 0.415364
13 0.404805 0.497018 0.428128 0.497018 0.428128 0.529147 0.404805 0.529147 0.404805 0.497018
13 0.652239 0.566793 0.675562 0.566793 0.675562 0.598921 0.652239 0.598921 0.652239 0.566793
9 0.670338 0.583335 0.659108 0.587665 0.590825 0.251584 0.602055 0.247254 
9 0.594855 0.241689 0.598025 0.257149 0.136156 0.436815 0.132986 0.421355 
9 0.132577 0.435880 0.135031 0.420176 0.665950 0.577648 0.663496 0.593352 
3 0.913613 0.583676 0.899961 0.696371 0.860485 0.796854 0.799463 0.874236 0.723507 0.920131 0.640849 0.929566 0.560445 0.901518 0.491009 0.839028 0.440065 0.748866 0.413133 0.640803 0.413133 0.526550 0.440065 0.418487 0.491009 0.328325 0.560445 0.265835 0.640849 0.237787 0.723507 0.247222 0.799463 0.293117 0.860485 0.370499 0.899961 0.470981 0.913613 0.583676
22 0.536973 0.091999 0.624182 0.091999 0.624182 0.223807 0.536973 0.223807
19 0.340063 0.191218 0.403367 0.191218 0.403367 0.310173 0.340063 0.310173
19 0.644096 0.328673 0.704819 0.328673 0.704819 0.450759 0.644096 0.450759
22 0.024486 0.354838 0.111785 0.354838 0.111785 0.486914 0.024486 0.486914
8 0.101142 0.533053 0.175840 0.533053 0.175840 0.594988 0.101142 0.594988
22 0.685616 0.522086 0.768215 0.522086 0.768215 0.654314 0.685616 0.654314
19 0.342597 0.574607 0.396861 0.574607 0.396861 0.671126 0.342597 0.671126
8 0.580478 0.677213 0.653810 0.677213 0.653810 0.738858 0.580478 0.738858
1 0.104956 0.526104 0.344023 0.526104 0.344023 0.638554 0.104956 0.638554
1 0.416910 0.630522 0.653061 0.630522 0.653061 0.738956 0.416910 0.738956
