13 0.076006 0.404301 0.082661 0.404301 0.082661 0.425806 0.076006 0.425806 0.076006 0.404301
13 0.198339 0.225806 0.204994 0.225806 0.204994 0.247312 0.198339 0.247312 0.198339 0.225806
13 0.375006 0.155914 0.381661 0.155914 0.381661 0.177419 0.375006 0.177419 0.375006 0.155914
13 0.268339 0.596774 0.274994 0.596774 0.274994 0.618280 0.268339 0.618280 0.268339 0.596774
13 0.500672 0.812903 0.507328 0.812903 0.507328 0.834409 0.500672 0.834409 0.500672 0.812903
13 0.747783 0.724014 0.754439 0.724014 0.754439 0.745520 0.747783 0.745520 0.747783 0.724014
13 0.921672 0.467742 0.928328 0.467742 0.928328 0.489247 0.921672 0.489247 0.921672 0.467742
13 0.651117 0.200717 0.657772 0.200717 0.657772 0.222222 0.651117 0.222222 0.651117 0.200717
9 0.080018 0.419954 0.078649 0.410154 0.200982 0.231659 0.202351 0.241459 
9 0.078841 0.420189 0.079826 0.409918 0.272159 0.602391 0.271174 0.612663 
9 0.377022 0.163355 0.379644 0.169978 0.272978 0.610838 0.270356 0.604216 
9 0.201869 0.241896 0.201464 0.231223 0.378131 0.161330 0.378536 0.172003 
9 0.504184 0.828999 0.503816 0.818313 0.750927 0.729424 0.751295 0.740110 
9 0.653141 0.208126 0.655747 0.214813 0.505303 0.826999 0.502697 0.820313 
9 0.653958 0.216611 0.654931 0.206328 0.925486 0.473353 0.924514 0.483636 
9 0.751802 0.739659 0.750421 0.729875 0.924310 0.473603 0.925690 0.483386 
19 0.632569 0.800029 0.657090 0.800029 0.657090 0.908191 0.632569 0.908191
19 0.273698 0.064074 0.297638 0.064074 0.297638 0.171895 0.273698 0.171895
22 0.632307 0.064942 0.667096 0.064942 0.667096 0.180942 0.632307 0.180942
19 0.776533 0.205817 0.812627 0.205817 0.812627 0.314805 0.776533 0.314805
22 0.935525 0.429092 0.966958 0.429092 0.966958 0.544371 0.935525 0.544371
19 0.560839 0.357907 0.585029 0.357907 0.585029 0.465944 0.560839 0.465944
22 0.390059 0.095483 0.421771 0.095483 0.421771 0.215592 0.390059 0.215592
22 0.745590 0.765461 0.780157 0.765461 0.780157 0.887165 0.745590 0.887165
19 0.844062 0.627429 0.867857 0.627429 0.867857 0.735377 0.844062 0.735377
22 0.264227 0.642891 0.295227 0.642891 0.295227 0.760979 0.264227 0.760979
22 0.034874 0.360387 0.066018 0.360387 0.066018 0.481602 0.034874 0.481602
22 0.453519 0.796287 0.492149 0.796287 0.492149 0.913617 0.453519 0.913617
22 0.179668 0.075290 0.219998 0.075290 0.219998 0.193400 0.179668 0.193400
