13 0.124977 0.704581 0.153754 0.704581 0.153754 0.732456 0.124977 0.732456 0.124977 0.704581
13 0.601852 0.279630 0.630629 0.279630 0.630629 0.307505 0.601852 0.307505 0.601852 0.279630
13 0.740569 0.160573 0.769346 0.160573 0.769346 0.188447 0.740569 0.188447 0.740569 0.160573
13 0.722754 0.382468 0.751531 0.382468 0.751531 0.410343 0.722754 0.410343 0.722754 0.382468
13 0.683793 0.815608 0.712570 0.815608 0.712570 0.843483 0.683793 0.843483 0.683793 0.815608
9 0.144214 0.723667 0.134516 0.713370 0.750109 0.169362 0.759807 0.179658 
9 0.747789 0.173927 0.762127 0.175093 0.705351 0.830128 0.691013 0.828962 
3 0.798376 0.587108 0.779773 0.695094 0.725979 0.791379 0.642825 0.865527 0.539321 0.909505 0.426683 0.918545 0.317118 0.891670 0.222498 0.831790 0.153078 0.745395 0.116379 0.641848 0.116379 0.532368 0.153078 0.428821 0.222498 0.342426 0.317118 0.282546 0.426683 0.255671 0.539321 0.264712 0.642825 0.308689 0.725979 0.382837 0.779773 0.479122 0.798376 0.587108
1 0.633094 0.104530 0.723022 0.104530 0.723022 0.205575 0.633094 0.205575
1 0.751799 0.216028 0.895683 0.216028 0.895683 0.264808 0.751799 0.264808
7 0.679845 0.158680 0.719666 0.158680 0.719666 0.194415 0.679845 0.194415
7 0.756681 0.225898 0.797092 0.225898 0.797092 0.258527 0.756681 0.258527
22 0.568524 0.160047 0.658175 0.160047 0.658175 0.259459 0.568524 0.259459
22 0.043222 0.706003 0.125777 0.706003 0.125777 0.806203 0.043222 0.806203
19 0.630224 0.554470 0.698950 0.554470 0.698950 0.649505 0.630224 0.649505
19 0.613026 0.018162 0.684650 0.018162 0.684650 0.113099 0.613026 0.113099
22 0.746154 0.052441 0.828686 0.052441 0.828686 0.156936 0.746154 0.156936
19 0.277464 0.403385 0.383519 0.403385 0.383519 0.499058 0.277464 0.499058
19 0.878504 0.202021 0.946943 0.202021 0.946943 0.281361 0.878504 0.281361
22 0.662409 0.854665 0.761869 0.854665 0.761869 0.957730 0.662409 0.957730
22 0.747717 0.306760 0.857950 0.306760 0.857950 0.408701 0.747717 0.408701
