13 0.331771 0.476670 0.357915 0.476670 0.357915 0.514229 0.331771 0.514229 0.331771 0.476670
13 0.621294 0.462327 0.647438 0.462327 0.647438 0.499885 0.621294 0.499885 0.621294 0.462327
13 0.812468 0.451897 0.838612 0.451897 0.838612 0.489456 0.812468 0.489456 0.812468 0.451897
13 0.496614 0.138856 0.522757 0.138856 0.522757 0.176415 0.496614 0.176415 0.496614 0.138856
9 0.345077 0.504833 0.344609 0.486066 0.825306 0.461293 0.825774 0.480060 
9 0.504334 0.152246 0.515037 0.163025 0.350195 0.500840 0.339491 0.490060 
9 0.505974 0.165364 0.513397 0.149907 0.829251 0.462948 0.821828 0.478406 
3 0.633437 0.492497 0.617767 0.627407 0.572453 0.747698 0.502407 0.840334 0.415220 0.895276 0.320338 0.906571 0.228045 0.872994 0.148341 0.798185 0.089864 0.690250 0.058950 0.560885 0.058950 0.424109 0.089864 0.294744 0.148341 0.186809 0.228045 0.112000 0.320338 0.078423 0.415220 0.089718 0.502407 0.144660 0.572453 0.237296 0.617767 0.357587 0.633437 0.492497
1 0.627451 0.568075 0.843137 0.568075 0.843137 0.633803 0.627451 0.633803
1 0.336601 0.586854 0.526144 0.586854 0.526144 0.661972 0.336601 0.661972
8 0.335515 0.603604 0.399599 0.603604 0.399599 0.657129 0.335515 0.657129
8 0.782483 0.571925 0.846973 0.571925 0.846973 0.626240 0.782483 0.626240
19 0.677542 0.231568 0.729886 0.231568 0.729886 0.320645 0.677542 0.320645
22 0.488167 0.007713 0.567285 0.007713 0.567285 0.123317 0.488167 0.123317
22 0.839512 0.408876 0.910848 0.408876 0.910848 0.527777 0.839512 0.527777
22 0.229579 0.428801 0.310196 0.428801 0.310196 0.547638 0.229579 0.547638
19 0.358779 0.227171 0.413975 0.227171 0.413975 0.338699 0.358779 0.338699
19 0.525911 0.554409 0.607509 0.554409 0.607509 0.667835 0.525911 0.667835
