13 0.229793 0.747013 0.245207 0.747013 0.245207 0.784749 0.229793 0.784749 0.229793 0.747013
13 0.369404 0.157088 0.384818 0.157088 0.384818 0.194824 0.369404 0.194824 0.369404 0.157088
13 0.650136 0.157121 0.665550 0.157121 0.665550 0.194856 0.650136 0.194856 0.650136 0.157121
13 0.789352 0.748249 0.804766 0.748249 0.804766 0.785985 0.789352 0.785985 0.789352 0.748249
9 0.377111 0.185390 0.377111 0.166522 0.657843 0.166554 0.657843 0.185422 
9 0.654505 0.180701 0.661182 0.171276 0.800397 0.762405 0.793720 0.771829 
9 0.237497 0.775315 0.237503 0.756447 0.797062 0.757683 0.797055 0.776551 
9 0.373777 0.171227 0.380445 0.180686 0.240834 0.770610 0.234166 0.761152 
22 0.305312 0.071557 0.357481 0.071557 0.357481 0.221589 0.305312 0.221589
22 0.678055 0.069098 0.728025 0.069098 0.728025 0.220426 0.678055 0.220426
22 0.180476 0.634707 0.229193 0.634707 0.229193 0.787852 0.180476 0.787852
22 0.811110 0.638008 0.860802 0.638008 0.860802 0.795312 0.811110 0.795312
19 0.746584 0.365856 0.937430 0.365856 0.937430 0.524055 0.746584 0.524055
19 0.065476 0.361051 0.282444 0.361051 0.282444 0.524845 0.065476 0.524845
