13 0.328024 0.174705 0.348643 0.174705 0.348643 0.214906 0.328024 0.214906 0.328024 0.174705
13 0.655881 0.177256 0.676500 0.177256 0.676500 0.217457 0.655881 0.217457 0.655881 0.177256
13 0.491645 0.724861 0.512263 0.724861 0.512263 0.765062 0.491645 0.765062 0.491645 0.724861
13 0.818196 0.724638 0.838815 0.724638 0.838815 0.764839 0.818196 0.764839 0.818196 0.724638
13 0.164095 0.724566 0.184714 0.724566 0.184714 0.764767 0.164095 0.764767 0.164095 0.724566
9 0.174404 0.754716 0.174405 0.734616 0.828506 0.734688 0.828505 0.754788 
9 0.661728 0.202387 0.670653 0.192326 0.832968 0.739708 0.824043 0.749768 
9 0.661741 0.192283 0.670640 0.202430 0.506404 0.750035 0.497504 0.739889 
9 0.333874 0.199847 0.342793 0.189764 0.506413 0.739920 0.497495 0.750003 
9 0.333877 0.189755 0.342790 0.199856 0.178861 0.749717 0.169948 0.739615 
9 0.338313 0.204855 0.338354 0.184755 0.666211 0.187306 0.666170 0.207406 
22 0.228499 0.112747 0.308723 0.112747 0.308723 0.282981 0.228499 0.282981
22 0.692593 0.112805 0.769851 0.112805 0.769851 0.277047 0.692593 0.277047
22 0.098068 0.648920 0.173209 0.648920 0.173209 0.810373 0.098068 0.810373
22 0.836244 0.650362 0.909723 0.650362 0.909723 0.818575 0.836244 0.818575
22 0.462743 0.771744 0.533205 0.771744 0.533205 0.931379 0.462743 0.931379
