13 0.269388 0.142286 0.302041 0.142286 0.302041 0.163792 0.269388 0.163792 0.269388 0.142286
13 0.894223 0.142081 0.926876 0.142081 0.926876 0.163587 0.894223 0.163587 0.894223 0.142081
13 0.700816 0.842631 0.733469 0.842631 0.733469 0.864136 0.700816 0.864136 0.700816 0.842631
13 0.075622 0.842289 0.108275 0.842289 0.108275 0.863794 0.075622 0.863794 0.075622 0.842289
9 0.091941 0.858418 0.091955 0.847665 0.717150 0.848007 0.717136 0.858760 
9 0.902518 0.151872 0.918581 0.153796 0.725174 0.854345 0.709111 0.852422 
9 0.285718 0.158415 0.285710 0.147663 0.910545 0.147458 0.910554 0.158210 
9 0.277683 0.152075 0.293745 0.154003 0.099979 0.854006 0.083917 0.852077 
22 0.232068 0.042282 0.357533 0.042282 0.357533 0.129543 0.232068 0.129543
22 0.860958 0.040481 0.978281 0.040481 0.978281 0.129721 0.860958 0.129721
2 0.555813 0.098261 0.631008 0.098261 0.631008 0.208635 0.555813 0.208635
0 0.259184 0.144826 0.377622 0.144826 0.377622 0.211776 0.259184 0.211776
4 0.764181 0.142253 0.902331 0.142253 0.902331 0.243467 0.764181 0.243467
5 0.109158 0.456274 0.279415 0.456274 0.279415 0.521795 0.109158 0.521795
4 0.091695 0.759037 0.243196 0.759037 0.243196 0.861099 0.091695 0.861099
0 0.618853 0.789964 0.738985 0.789964 0.738985 0.861629 0.618853 0.861629
2 0.375762 0.799032 0.452072 0.799032 0.452072 0.909703 0.375762 0.909703
22 0.021988 0.869974 0.149127 0.869974 0.149127 0.958941 0.021988 0.958941
22 0.641096 0.868332 0.771487 0.868332 0.771487 0.959634 0.641096 0.959634
5 0.731120 0.456537 0.902730 0.456537 0.902730 0.521322 0.731120 0.521322
