13 0.225920 0.779615 0.243777 0.779615 0.243777 0.806551 0.225920 0.806551 0.225920 0.779615
13 0.561147 0.779185 0.579004 0.779185 0.579004 0.806121 0.561147 0.806121 0.561147 0.779185
13 0.821063 0.778465 0.838920 0.778465 0.838920 0.805401 0.821063 0.805401 0.821063 0.778465
13 0.659632 0.236328 0.677489 0.236328 0.677489 0.263264 0.659632 0.263264 0.659632 0.236328
13 0.468818 0.476175 0.486675 0.476175 0.486675 0.503111 0.468818 0.503111 0.468818 0.476175
9 0.237701 0.798263 0.231996 0.787902 0.665709 0.244615 0.671413 0.254977 
9 0.664488 0.252555 0.672633 0.247037 0.834063 0.789174 0.825919 0.794692 
9 0.234854 0.799817 0.234843 0.786349 0.829985 0.785199 0.829997 0.798667 
9 0.473690 0.492455 0.481803 0.486831 0.574132 0.789841 0.566019 0.795465 
10 0.503222 0.590388 0.556497 0.590388 0.556497 0.688961 0.503222 0.688961
10 0.725446 0.462499 0.780263 0.462499 0.780263 0.566657 0.725446 0.566657
22 0.541238 0.803705 0.594328 0.803705 0.594328 0.893591 0.541238 0.893591
22 0.640686 0.140492 0.698575 0.140492 0.698575 0.232652 0.640686 0.232652
22 0.426413 0.395611 0.478669 0.395611 0.478669 0.484460 0.426413 0.484460
22 0.201406 0.803814 0.252041 0.803814 0.252041 0.893022 0.201406 0.893022
22 0.804596 0.804679 0.851739 0.804679 0.851739 0.897923 0.804596 0.897923
