13 0.102413 0.686628 0.116698 0.686628 0.116698 0.718886 0.102413 0.718886 0.102413 0.686628
13 0.334524 0.683119 0.348810 0.683119 0.348810 0.715377 0.334524 0.715377 0.334524 0.683119
13 0.671190 0.685267 0.685476 0.685267 0.685476 0.717525 0.671190 0.717525 0.671190 0.685267
13 0.904652 0.170684 0.918938 0.170684 0.918938 0.202942 0.904652 0.202942 0.904652 0.170684
13 0.334139 0.168949 0.348425 0.168949 0.348425 0.201207 0.334139 0.201207 0.334139 0.168949
9 0.109559 0.710821 0.109552 0.694692 0.678330 0.693332 0.678337 0.709461 
9 0.112067 0.708490 0.107044 0.697024 0.338770 0.179345 0.343794 0.190811 
9 0.341277 0.193143 0.341287 0.177014 0.911800 0.178749 0.911790 0.194878 
9 0.680828 0.707167 0.675839 0.695625 0.909300 0.181042 0.914290 0.192584 
9 0.337711 0.185092 0.344853 0.185064 0.345238 0.699234 0.338095 0.699262 
12 0.330853 0.593176 0.388878 0.593176 0.388878 0.720940 0.330853 0.720940
1 0.100000 0.745968 0.683929 0.745968 0.683929 0.818548 0.100000 0.818548
8 0.099750 0.758400 0.142039 0.758400 0.142039 0.814016 0.099750 0.814016
8 0.643417 0.756159 0.686143 0.756159 0.686143 0.812182 0.643417 0.812182
19 0.322347 0.803658 0.464238 0.803658 0.464238 0.924910 0.322347 0.924910
19 0.055983 0.301341 0.212870 0.301341 0.212870 0.427057 0.055983 0.427057
19 0.353047 0.381658 0.386247 0.381658 0.386247 0.487019 0.353047 0.487019
22 0.301578 0.057863 0.346535 0.057863 0.346535 0.175605 0.301578 0.175605
22 0.688071 0.702154 0.736825 0.702154 0.736825 0.822825 0.688071 0.822825
18 0.161564 0.568184 0.236109 0.568184 0.236109 0.683719 0.161564 0.683719
22 0.917676 0.058396 0.962574 0.058396 0.962574 0.176917 0.917676 0.176917
22 0.047118 0.700999 0.096260 0.700999 0.096260 0.821377 0.047118 0.821377
