13 0.300028 0.850927 0.331401 0.850927 0.331401 0.874951 0.300028 0.874951 0.300028 0.850927
13 0.863794 0.277063 0.895167 0.277063 0.895167 0.301087 0.863794 0.301087 0.863794 0.277063
13 0.299119 0.277860 0.330491 0.277860 0.330491 0.301884 0.299119 0.301884 0.299119 0.277860
13 0.300028 0.096541 0.331401 0.096541 0.331401 0.120565 0.300028 0.120565 0.300028 0.096541
9 0.873213 0.285464 0.885748 0.292686 0.321982 0.866549 0.309447 0.859328 
9 0.314820 0.295878 0.314791 0.283866 0.879466 0.283069 0.879495 0.295081 
9 0.307871 0.102547 0.323557 0.102547 0.323557 0.868945 0.307871 0.868945 
9 0.312689 0.114094 0.318740 0.103012 0.882506 0.283534 0.876455 0.294616 
19 0.531670 0.301238 0.666851 0.301238 0.666851 0.400204 0.531670 0.400204
19 0.071915 0.424324 0.216978 0.424324 0.216978 0.522220 0.071915 0.522220
19 0.645433 0.527447 0.795217 0.527447 0.795217 0.624292 0.645433 0.624292
12 0.290347 0.173072 0.465266 0.173072 0.465266 0.303297 0.290347 0.303297
1 0.121569 0.087087 0.188235 0.087087 0.188235 0.420420 0.121569 0.420420
1 0.117647 0.525526 0.192157 0.525526 0.192157 0.879880 0.117647 0.879880
19 0.533011 0.065600 0.680935 0.065600 0.680935 0.163984 0.533011 0.163984
8 0.118955 0.084742 0.189246 0.084742 0.189246 0.169981 0.118955 0.169981
8 0.118872 0.793080 0.187879 0.793080 0.187879 0.882593 0.118872 0.882593
