13 0.305037 0.075500 0.324130 0.075500 0.324130 0.101643 0.305037 0.101643 0.305037 0.075500
13 0.437328 0.072357 0.456422 0.072357 0.456422 0.098500 0.437328 0.098500 0.437328 0.072357
13 0.145401 0.223000 0.164494 0.223000 0.164494 0.249143 0.145401 0.249143 0.145401 0.223000
13 0.286584 0.222030 0.305677 0.222030 0.305677 0.248174 0.286584 0.248174 0.286584 0.222030
13 0.500089 0.221928 0.519182 0.221928 0.519182 0.248072 0.500089 0.248072 0.500089 0.221928
13 0.681630 0.223567 0.700723 0.223567 0.700723 0.249711 0.681630 0.249711 0.681630 0.223567
13 0.090944 0.434995 0.110037 0.434995 0.110037 0.461139 0.090944 0.461139 0.090944 0.434995
13 0.260592 0.432642 0.279685 0.432642 0.279685 0.458786 0.260592 0.458786 0.260592 0.432642
13 0.588231 0.433404 0.607324 0.433404 0.607324 0.459548 0.588231 0.459548 0.588231 0.433404
13 0.769130 0.434995 0.788223 0.434995 0.788223 0.461139 0.769130 0.461139 0.769130 0.434995
13 0.048787 0.743119 0.067880 0.743119 0.067880 0.769262 0.048787 0.769262 0.048787 0.743119
13 0.221703 0.741214 0.240797 0.741214 0.240797 0.767358 0.221703 0.767358 0.221703 0.741214
13 0.717537 0.741214 0.736630 0.741214 0.736630 0.767358 0.717537 0.767358 0.717537 0.741214
13 0.896703 0.741214 0.915797 0.741214 0.915797 0.767358 0.896703 0.767358 0.896703 0.741214
13 0.201391 0.903714 0.220484 0.903714 0.220484 0.929858 0.201391 0.929858 0.201391 0.903714
13 0.785176 0.906547 0.804269 0.906547 0.804269 0.932691 0.785176 0.932691 0.785176 0.906547
9 0.154944 0.242607 0.154952 0.229535 0.691180 0.230103 0.691173 0.243175 
9 0.100490 0.454603 0.100490 0.441531 0.778676 0.441531 0.778676 0.454603 
9 0.058341 0.762726 0.058326 0.749655 0.906242 0.747750 0.906258 0.760822 
9 0.309879 0.087468 0.319288 0.089675 0.215642 0.917890 0.206233 0.915682 
9 0.442730 0.088669 0.451020 0.082188 0.798867 0.916378 0.790577 0.922860 
19 0.197548 0.272549 0.261760 0.272549 0.261760 0.389353 0.197548 0.389353
19 0.165450 0.532217 0.228584 0.532217 0.228584 0.651538 0.165450 0.651538
19 0.701150 0.552944 0.763141 0.552944 0.763141 0.652443 0.701150 0.652443
19 0.587131 0.271003 0.647669 0.271003 0.647669 0.392592 0.587131 0.392592
10 0.354520 0.190214 0.442583 0.190214 0.442583 0.274903 0.354520 0.274903
10 0.353781 0.400411 0.443722 0.400411 0.443722 0.485642 0.353781 0.485642
10 0.353412 0.707990 0.444576 0.707990 0.444576 0.792279 0.353412 0.792279
