13 0.057374 0.210813 0.082452 0.210813 0.082452 0.259298 0.057374 0.259298 0.057374 0.210813
13 0.579464 0.208633 0.604542 0.208633 0.604542 0.257118 0.579464 0.257118 0.579464 0.208633
13 0.188178 0.646828 0.213256 0.646828 0.213256 0.695313 0.188178 0.695313 0.188178 0.646828
13 0.231028 0.797253 0.256106 0.797253 0.256106 0.845738 0.231028 0.845738 0.231028 0.797253
13 0.755781 0.800874 0.780859 0.800874 0.780859 0.849359 0.755781 0.849359 0.755781 0.800874
9 0.243466 0.832770 0.243481 0.808528 0.768838 0.809726 0.768823 0.833968 
9 0.069379 0.245874 0.069394 0.221631 0.593512 0.222829 0.593497 0.247071 
9 0.205104 0.685017 0.198826 0.664031 0.594083 0.222062 0.600361 0.243047 
9 0.590549 0.245788 0.601417 0.233695 0.773645 0.812207 0.762777 0.824300 
9 0.063955 0.244597 0.074819 0.232490 0.247666 0.812200 0.236803 0.824307 
18 0.109718 0.248485 0.213166 0.248485 0.213166 0.387879 0.109718 0.387879
12 0.163009 0.521212 0.253918 0.521212 0.253918 0.690909 0.163009 0.690909
19 0.247649 0.084848 0.426332 0.084848 0.426332 0.218182 0.247649 0.218182
19 0.695925 0.418182 0.877743 0.418182 0.877743 0.557576 0.695925 0.557576
