13 0.779530 0.192432 0.797630 0.192432 0.797630 0.222171 0.779530 0.222171 0.779530 0.192432
13 0.099912 0.715198 0.118011 0.715198 0.118011 0.744938 0.099912 0.744938 0.099912 0.715198
13 0.928450 0.716559 0.946550 0.716559 0.946550 0.746298 0.928450 0.746298 0.928450 0.716559
13 0.778414 0.716559 0.796513 0.716559 0.796513 0.746298 0.778414 0.746298 0.778414 0.716559
9 0.784480 0.210447 0.792680 0.204156 0.941600 0.728283 0.933400 0.734574 
9 0.108957 0.737503 0.108966 0.722633 0.937505 0.723994 0.937495 0.738864 
9 0.110880 0.736802 0.107043 0.723334 0.786662 0.200568 0.790499 0.214035 
9 0.784055 0.207276 0.793105 0.207328 0.791988 0.731455 0.782939 0.731403 
22 0.755567 0.060010 0.823802 0.060010 0.823802 0.183941 0.755567 0.183941
19 0.726360 0.451358 0.778034 0.451358 0.778034 0.570265 0.726360 0.570265
22 0.034829 0.759546 0.114928 0.759546 0.114928 0.884425 0.034829 0.884425
19 0.399733 0.762770 0.485697 0.762770 0.485697 0.885159 0.399733 0.885159
22 0.921030 0.761363 0.979736 0.761363 0.979736 0.882015 0.921030 0.882015
22 0.756274 0.759530 0.818348 0.759530 0.818348 0.884714 0.756274 0.884714
12 0.715271 0.188609 0.827094 0.188609 0.827094 0.376184 0.715271 0.376184
12 0.776567 0.582801 0.876202 0.582801 0.876202 0.751030 0.776567 0.751030
