13 0.157538 0.736649 0.177689 0.736649 0.177689 0.769844 0.157538 0.769844 0.157538 0.736649
13 0.347894 0.735239 0.368045 0.735239 0.368045 0.768434 0.347894 0.768434 0.347894 0.735239
13 0.347865 0.199303 0.368016 0.199303 0.368016 0.232498 0.347865 0.232498 0.347865 0.199303
13 0.889388 0.198727 0.909539 0.198727 0.909539 0.231922 0.889388 0.231922 0.889388 0.198727
13 0.700371 0.736446 0.720522 0.736446 0.720522 0.769641 0.700371 0.769641 0.700371 0.736446
9 0.167615 0.761546 0.167612 0.744948 0.710446 0.744745 0.710448 0.761342 
9 0.895104 0.211166 0.903823 0.219483 0.714806 0.757202 0.706087 0.748885 
9 0.357944 0.224199 0.357938 0.207602 0.899460 0.207026 0.899467 0.223623 
9 0.352903 0.215901 0.362979 0.215900 0.363007 0.751836 0.352932 0.751837 
9 0.353590 0.211718 0.362292 0.220083 0.171965 0.757429 0.163262 0.749065 
12 0.293562 0.647592 0.369996 0.647592 0.369996 0.773166 0.293562 0.773166
19 0.082200 0.397033 0.237857 0.397033 0.237857 0.514592 0.082200 0.514592
19 0.527592 0.077984 0.685093 0.077984 0.685093 0.193938 0.527592 0.193938
22 0.672079 0.767620 0.739698 0.767620 0.739698 0.888596 0.672079 0.888596
18 0.209231 0.611739 0.311822 0.611739 0.311822 0.733595 0.209231 0.733595
22 0.874431 0.074565 0.945049 0.074565 0.945049 0.196078 0.874431 0.196078
22 0.323419 0.071570 0.388378 0.071570 0.388378 0.193754 0.323419 0.193754
22 0.117925 0.764241 0.207857 0.764241 0.207857 0.891017 0.117925 0.891017
