13 0.111693 0.702305 0.128019 0.702305 0.128019 0.722457 0.111693 0.722457 0.111693 0.702305
13 0.644615 0.769924 0.660941 0.769924 0.660941 0.790076 0.644615 0.790076 0.644615 0.769924
13 0.778359 0.226115 0.794686 0.226115 0.794686 0.246266 0.778359 0.246266 0.778359 0.226115
13 0.245888 0.156353 0.262214 0.156353 0.262214 0.176504 0.245888 0.176504 0.245888 0.156353
9 0.119439 0.717392 0.120273 0.707370 0.653195 0.774989 0.652360 0.785011 
9 0.782617 0.234727 0.790428 0.237654 0.656683 0.781463 0.648872 0.778537 
9 0.253620 0.171438 0.254482 0.161419 0.786953 0.231181 0.786092 0.241200 
9 0.250145 0.164966 0.257957 0.167891 0.123762 0.713843 0.115950 0.710918 
18 0.251993 0.195203 0.398322 0.195203 0.398322 0.297222 0.251993 0.297222
22 0.796725 0.136328 0.866655 0.136328 0.866655 0.234901 0.796725 0.234901
18 0.147135 0.597926 0.216046 0.597926 0.216046 0.697886 0.147135 0.697886
22 0.037788 0.715707 0.112065 0.715707 0.112065 0.817200 0.037788 0.817200
22 0.647070 0.783333 0.717405 0.783333 0.717405 0.886042 0.647070 0.886042
22 0.187387 0.036337 0.266900 0.036337 0.266900 0.143296 0.187387 0.143296
18 0.599334 0.622001 0.671762 0.622001 0.671762 0.737300 0.599334 0.737300
