13 0.156596 0.894140 0.175919 0.894140 0.175919 0.926268 0.156596 0.926268 0.156596 0.894140
13 0.014393 0.709650 0.033717 0.709650 0.033717 0.741779 0.014393 0.741779 0.014393 0.709650
13 0.309926 0.709650 0.329249 0.709650 0.329249 0.741779 0.309926 0.741779 0.309926 0.709650
13 0.924577 0.709650 0.943901 0.709650 0.943901 0.741779 0.924577 0.741779 0.924577 0.709650
13 0.923901 0.326079 0.943224 0.326079 0.943224 0.358207 0.923901 0.358207 0.923901 0.326079
13 0.781043 0.141487 0.800367 0.141487 0.800367 0.173615 0.781043 0.173615 0.781043 0.141487
13 0.630338 0.322221 0.649662 0.322221 0.649662 0.354350 0.630338 0.354350 0.630338 0.322221
13 0.015174 0.324455 0.034498 0.324455 0.034498 0.356584 0.015174 0.356584 0.015174 0.324455
9 0.169093 0.916707 0.163422 0.903701 0.787870 0.151048 0.793541 0.164054 
9 0.024831 0.348552 0.024841 0.332487 0.933568 0.334111 0.933557 0.350175 
9 0.024055 0.733746 0.024055 0.717682 0.934239 0.717682 0.934239 0.733746 
20 0.883162 0.128375 0.934048 0.128375 0.934048 0.285690 0.883162 0.285690
0 0.526206 0.322913 0.564387 0.322913 0.564387 0.447580 0.526206 0.447580
16 0.441273 0.364921 0.497561 0.364921 0.497561 0.494115 0.441273 0.494115
16 0.452516 0.568003 0.504042 0.568003 0.504042 0.699645 0.452516 0.699645
0 0.395670 0.612110 0.434097 0.612110 0.434097 0.736110 0.395670 0.736110
20 0.864590 0.787323 0.920932 0.787323 0.920932 0.918966 0.864590 0.918966
