13 0.642438 0.190834 0.668582 0.190834 0.668582 0.214294 0.642438 0.214294 0.642438 0.190834
13 0.258928 0.237501 0.285072 0.237501 0.285072 0.260961 0.258928 0.260961 0.258928 0.237501
13 0.493867 0.488270 0.520011 0.488270 0.520011 0.511730 0.493867 0.511730 0.493867 0.488270
13 0.342093 0.790637 0.368237 0.790637 0.368237 0.814097 0.342093 0.814097 0.342093 0.790637
9 0.649548 0.200160 0.661472 0.204968 0.361127 0.804771 0.349203 0.799963 
9 0.265523 0.250015 0.278477 0.248447 0.361642 0.801583 0.348688 0.803151 
9 0.266997 0.253005 0.277003 0.245457 0.511942 0.496226 0.501936 0.503774 
3 0.869810 0.500373 0.849974 0.607045 0.792614 0.702158 0.703947 0.775404 0.593580 0.818846 0.473475 0.827777 0.356646 0.801228 0.255753 0.742077 0.181730 0.656734 0.142598 0.554446 0.142598 0.446299 0.181730 0.344012 0.255753 0.258668 0.356646 0.199517 0.473475 0.172969 0.593580 0.181899 0.703947 0.225342 0.792614 0.298588 0.849974 0.393700 0.869810 0.500373
22 0.194103 0.106395 0.297267 0.106395 0.297267 0.210849 0.194103 0.210849
22 0.522804 0.511245 0.625887 0.511245 0.625887 0.616711 0.522804 0.616711
22 0.628475 0.077000 0.725125 0.077000 0.725125 0.184742 0.628475 0.184742
22 0.298290 0.829394 0.389086 0.829394 0.389086 0.936900 0.298290 0.936900
