13 0.068500 0.467497 0.105197 0.467497 0.105197 0.505775 0.068500 0.505775 0.068500 0.467497
13 0.273830 0.139013 0.310527 0.139013 0.310527 0.177290 0.273830 0.177290 0.273830 0.139013
13 0.810753 0.470516 0.847451 0.470516 0.847451 0.508794 0.810753 0.508794 0.810753 0.470516
13 0.438210 0.483540 0.474908 0.483540 0.474908 0.521817 0.438210 0.521817 0.438210 0.483540
9 0.086813 0.496205 0.086884 0.477067 0.829138 0.480086 0.829066 0.499224 
9 0.287505 0.166386 0.296852 0.149916 0.833775 0.481420 0.824429 0.497890 
9 0.284493 0.152925 0.299864 0.163378 0.094534 0.491862 0.079164 0.481409 
3 0.824927 0.500560 0.804770 0.626556 0.746483 0.738898 0.656383 0.825412 0.544233 0.876724 0.422187 0.887273 0.303470 0.855915 0.200947 0.786049 0.125728 0.685246 0.085964 0.564429 0.085964 0.436691 0.125728 0.315874 0.200947 0.215071 0.303470 0.145205 0.422187 0.113847 0.544233 0.124395 0.656383 0.175707 0.746483 0.262222 0.804770 0.374564 0.824927 0.500560
18 0.381475 0.327891 0.567083 0.327891 0.567083 0.468621 0.381475 0.468621
19 0.212351 0.288542 0.295991 0.288542 0.295991 0.417442 0.212351 0.417442
