13 0.179378 0.234670 0.202908 0.234670 0.202908 0.276555 0.179378 0.276555 0.179378 0.234670
13 0.178639 0.534252 0.202169 0.534252 0.202169 0.576137 0.178639 0.576137 0.178639 0.534252
13 0.180867 0.835261 0.204396 0.835261 0.204396 0.877145 0.180867 0.877145 0.180867 0.835261
13 0.614426 0.835067 0.637955 0.835067 0.637955 0.876951 0.614426 0.876951 0.614426 0.835067
13 0.866569 0.535605 0.890098 0.535605 0.890098 0.577490 0.866569 0.577490 0.866569 0.535605
13 0.616331 0.236711 0.639860 0.236711 0.639860 0.278595 0.616331 0.278595 0.616331 0.236711
9 0.185261 0.255658 0.197025 0.255566 0.198514 0.856157 0.186749 0.856249 
9 0.191127 0.266083 0.191158 0.245141 0.628111 0.247182 0.628080 0.268124 
9 0.624818 0.266348 0.631373 0.248958 0.881611 0.547852 0.875056 0.565243 
9 0.629455 0.864720 0.622926 0.847299 0.875069 0.547837 0.881598 0.565258 
9 0.192633 0.866674 0.192630 0.845732 0.626189 0.845538 0.626192 0.866480 
3 0.356597 0.552186 0.347458 0.649675 0.321032 0.736600 0.280182 0.803541 0.229335 0.843243 0.174001 0.851405 0.120177 0.827142 0.073695 0.773083 0.039592 0.695087 0.021563 0.601605 0.021563 0.502767 0.039592 0.409285 0.073695 0.331289 0.120177 0.277230 0.174001 0.252967 0.229335 0.261129 0.280182 0.300831 0.321032 0.367772 0.347458 0.454697 0.356597 0.552186
2 0.700599 0.314647 0.766613 0.314647 0.766613 0.458512 0.700599 0.458512
2 0.702036 0.656438 0.779516 0.656438 0.779516 0.768855 0.702036 0.768855
12 0.173955 0.226995 0.258377 0.226995 0.258377 0.380454 0.173955 0.380454
12 0.175225 0.732464 0.256628 0.732464 0.256628 0.875048 0.175225 0.875048
19 0.775833 0.713915 0.892017 0.713915 0.892017 0.840748 0.775833 0.840748
19 0.011371 0.470459 0.155694 0.470459 0.155694 0.599816 0.011371 0.599816
19 0.339348 0.103817 0.489726 0.103817 0.489726 0.230575 0.339348 0.230575
