13 0.583347 0.143057 0.608744 0.143057 0.608744 0.168780 0.583347 0.168780 0.583347 0.143057
13 0.888432 0.322648 0.913828 0.322648 0.913828 0.348372 0.888432 0.348372 0.888432 0.322648
13 0.130283 0.409556 0.155680 0.409556 0.155680 0.435279 0.130283 0.435279 0.130283 0.409556
13 0.138230 0.767138 0.163627 0.767138 0.163627 0.792862 0.138230 0.792862 0.138230 0.767138
9 0.136634 0.422562 0.149329 0.422273 0.157276 0.779855 0.144581 0.780145 
9 0.146170 0.427979 0.139793 0.416856 0.592857 0.150357 0.599234 0.161479 
9 0.592855 0.161478 0.599236 0.150358 0.904320 0.329950 0.897940 0.341070 
9 0.154134 0.785551 0.147722 0.774449 0.897924 0.329959 0.904336 0.341061 
22 0.555472 0.007654 0.645394 0.007654 0.645394 0.114273 0.555472 0.114273
0 0.537827 0.157695 0.656254 0.157695 0.656254 0.225862 0.537827 0.225862
19 0.744899 0.155508 0.814949 0.155508 0.814949 0.253148 0.744899 0.253148
19 0.310426 0.177939 0.381281 0.177939 0.381281 0.277497 0.310426 0.277497
22 0.095587 0.275858 0.189689 0.275858 0.189689 0.384478 0.095587 0.384478
4 0.784982 0.275860 0.850812 0.275860 0.850812 0.392189 0.784982 0.392189
22 0.852039 0.370436 0.950866 0.370436 0.950866 0.478248 0.852039 0.478248
0 0.131855 0.386366 0.205873 0.386366 0.205873 0.484567 0.131855 0.484567
19 0.058873 0.538550 0.126766 0.538550 0.126766 0.636998 0.058873 0.636998
19 0.487449 0.589988 0.597429 0.589988 0.597429 0.692395 0.487449 0.692395
4 0.140090 0.662976 0.243224 0.662976 0.243224 0.746814 0.140090 0.746814
22 0.084758 0.811246 0.185645 0.811246 0.185645 0.921553 0.084758 0.921553
