13 0.434203 0.031634 0.465576 0.031634 0.465576 0.065390 0.434203 0.065390 0.434203 0.031634
13 0.039546 0.340761 0.070919 0.340761 0.070919 0.374517 0.039546 0.374517 0.039546 0.340761
13 0.827918 0.339685 0.859291 0.339685 0.859291 0.373440 0.827918 0.373440 0.827918 0.339685
13 0.397104 0.464372 0.428477 0.464372 0.428477 0.498128 0.397104 0.498128 0.397104 0.464372
13 0.751756 0.589372 0.783128 0.589372 0.783128 0.623128 0.751756 0.623128 0.751756 0.589372
13 0.189417 0.838678 0.220790 0.838678 0.220790 0.872433 0.189417 0.872433 0.189417 0.838678
13 0.678316 0.838057 0.709689 0.838057 0.709689 0.871812 0.678316 0.871812 0.678316 0.838057
9 0.205113 0.863994 0.205094 0.847117 0.693993 0.846495 0.694012 0.863373 
9 0.836141 0.353969 0.851068 0.359156 0.701466 0.857528 0.686539 0.852341 
9 0.056956 0.356780 0.047782 0.343090 0.442440 0.036897 0.451615 0.050587 
9 0.445507 0.051885 0.454803 0.038291 0.848253 0.349765 0.838957 0.363360 
9 0.043670 0.355943 0.058566 0.350656 0.212552 0.852912 0.197655 0.858199 
9 0.410250 0.488530 0.415005 0.472446 0.770886 0.594250 0.766131 0.610334 
19 0.541176 0.426160 0.682353 0.426160 0.682353 0.544304 0.541176 0.544304
