13 0.258301 0.922169 0.272311 0.922169 0.272311 0.940688 0.258301 0.940688 0.258301 0.922169
13 0.517345 0.922884 0.531356 0.922884 0.531356 0.941402 0.517345 0.941402 0.517345 0.922884
13 0.943211 0.639312 0.957222 0.639312 0.957222 0.657831 0.943211 0.657831 0.943211 0.639312
13 0.573081 0.639312 0.587092 0.639312 0.587092 0.657831 0.573081 0.657831 0.573081 0.639312
13 0.316227 0.637090 0.330238 0.637090 0.330238 0.655608 0.316227 0.655608 0.316227 0.637090
13 0.038209 0.640265 0.052219 0.640265 0.052219 0.658783 0.038209 0.658783 0.038209 0.640265
13 0.037728 0.339947 0.051738 0.339947 0.051738 0.358466 0.037728 0.358466 0.037728 0.339947
13 0.376112 0.339312 0.390122 0.339312 0.390122 0.357831 0.376112 0.357831 0.376112 0.339312
13 0.434553 0.056455 0.448564 0.056455 0.448564 0.074974 0.434553 0.074974 0.434553 0.056455
13 0.694293 0.055231 0.708304 0.055231 0.708304 0.073749 0.694293 0.073749 0.694293 0.055231
13 0.635852 0.339312 0.649862 0.339312 0.649862 0.357831 0.635852 0.357831 0.635852 0.339312
13 0.943933 0.339947 0.957943 0.339947 0.957943 0.358466 0.943933 0.358466 0.943933 0.339947
9 0.044733 0.353836 0.044733 0.344577 0.950938 0.344577 0.950938 0.353836 
9 0.045217 0.654153 0.045211 0.644894 0.950214 0.643942 0.950219 0.653201 
9 0.438176 0.064511 0.444941 0.066917 0.268688 0.932632 0.261924 0.930226 
9 0.697917 0.063285 0.704681 0.065695 0.527733 0.933348 0.520969 0.930938 
20 0.052174 0.217036 0.107659 0.217036 0.107659 0.308675 0.052174 0.308675
20 0.056398 0.515059 0.109139 0.515059 0.109139 0.608589 0.056398 0.608589
20 0.459713 0.065863 0.503834 0.065863 0.503834 0.149038 0.459713 0.149038
20 0.718791 0.075741 0.782285 0.075741 0.782285 0.152843 0.718791 0.152843
16 0.409791 0.243537 0.456409 0.243537 0.456409 0.332980 0.409791 0.332980
16 0.589730 0.241497 0.636262 0.241497 0.636262 0.331966 0.589730 0.331966
16 0.645724 0.363430 0.692058 0.363430 0.692058 0.453206 0.645724 0.453206
16 0.385318 0.364371 0.433072 0.364371 0.433072 0.452363 0.385318 0.452363
16 0.315511 0.363347 0.355835 0.363347 0.355835 0.451370 0.315511 0.451370
16 0.344379 0.542159 0.393369 0.542159 0.393369 0.628577 0.344379 0.628577
16 0.324260 0.663922 0.372169 0.663922 0.372169 0.752464 0.324260 0.752464
16 0.586713 0.663099 0.632057 0.663099 0.632057 0.751496 0.586713 0.751496
10 0.388236 0.139140 0.439134 0.139140 0.439134 0.227074 0.388236 0.227074
10 0.647047 0.139653 0.697185 0.139653 0.697185 0.226999 0.647047 0.226999
6 0.774123 0.312267 0.890977 0.312267 0.890977 0.385284 0.774123 0.385284
6 0.774088 0.610304 0.892807 0.610304 0.892807 0.684577 0.774088 0.684577
18 0.463132 0.544620 0.577855 0.544620 0.577855 0.630897 0.463132 0.630897
