13 0.185298 0.143302 0.210535 0.143302 0.210535 0.170984 0.185298 0.170984 0.185298 0.143302
13 0.812903 0.143302 0.838139 0.143302 0.838139 0.170984 0.812903 0.170984 0.812903 0.143302
13 0.183852 0.832508 0.209088 0.832508 0.209088 0.860190 0.183852 0.860190 0.183852 0.832508
13 0.812443 0.832546 0.837680 0.832546 0.837680 0.860227 0.812443 0.860227 0.812443 0.832546
9 0.197917 0.164063 0.197917 0.150222 0.825521 0.150222 0.825521 0.164063 
9 0.819212 0.157138 0.831830 0.157148 0.831370 0.846392 0.818752 0.846381 
9 0.196470 0.853270 0.196470 0.839429 0.825062 0.839466 0.825061 0.853307 
9 0.191608 0.157127 0.204226 0.157159 0.202779 0.846365 0.190161 0.846333 
9 0.193451 0.162032 0.202382 0.152254 0.829527 0.841498 0.820596 0.851275 
2 0.126001 0.473980 0.265553 0.473980 0.265553 0.525088 0.126001 0.525088
2 0.755788 0.473988 0.895496 0.473988 0.895496 0.525385 0.755788 0.525385
2 0.486209 0.768206 0.535918 0.768206 0.535918 0.918573 0.486209 0.918573
2 0.486801 0.078947 0.535500 0.078947 0.535500 0.229557 0.486801 0.229557
12 0.179660 0.134497 0.332234 0.134497 0.332234 0.302542 0.179660 0.302542
12 0.690890 0.693975 0.843520 0.693975 0.843520 0.865957 0.690890 0.865957
22 0.852565 0.774022 0.940244 0.774022 0.940244 0.901253 0.852565 0.901253
22 0.075281 0.775692 0.167530 0.775692 0.167530 0.899309 0.075281 0.899309
22 0.074683 0.085706 0.170039 0.085706 0.170039 0.207069 0.074683 0.207069
22 0.850596 0.083337 0.932508 0.083337 0.932508 0.206575 0.850596 0.206575
12 0.179953 0.695340 0.331164 0.695340 0.331164 0.863170 0.179953 0.863170
12 0.688938 0.137540 0.841023 0.137540 0.841023 0.299148 0.688938 0.299148
