13 0.607767 0.029435 0.635258 0.029435 0.635258 0.053034 0.607767 0.053034 0.607767 0.029435
13 0.530744 0.162220 0.558236 0.162220 0.558236 0.185819 0.530744 0.185819 0.530744 0.162220
13 0.190183 0.355235 0.217674 0.355235 0.217674 0.378834 0.190183 0.378834 0.190183 0.355235
13 0.334826 0.481569 0.362317 0.481569 0.362317 0.505167 0.334826 0.505167 0.334826 0.481569
13 0.694826 0.798754 0.722317 0.798754 0.722317 0.822353 0.694826 0.822353 0.694826 0.798754
13 0.144622 0.799475 0.172113 0.799475 0.172113 0.823074 0.144622 0.823074 0.144622 0.799475
13 0.930381 0.799475 0.957873 0.799475 0.957873 0.823074 0.930381 0.823074 0.930381 0.799475
13 0.051969 0.948985 0.079460 0.948985 0.079460 0.972584 0.051969 0.972584 0.051969 0.948985
9 0.615412 0.038517 0.627613 0.043951 0.071815 0.963501 0.059614 0.958067 
9 0.537779 0.175294 0.551200 0.172745 0.715282 0.809279 0.701861 0.811828 
9 0.158367 0.817174 0.158367 0.805375 0.944127 0.805375 0.944127 0.817174 
9 0.199012 0.371157 0.208845 0.362912 0.713488 0.806431 0.703655 0.814676 
16 0.565107 0.133022 0.635976 0.133022 0.635976 0.221988 0.565107 0.221988
16 0.489202 0.262140 0.553682 0.262140 0.553682 0.351445 0.489202 0.351445
16 0.301687 0.362438 0.370900 0.362438 0.370900 0.452418 0.301687 0.452418
16 0.381811 0.436201 0.455054 0.436201 0.455054 0.526162 0.381811 0.526162
16 0.236489 0.460114 0.308117 0.460114 0.308117 0.549121 0.236489 0.549121
16 0.319948 0.533933 0.389340 0.533933 0.389340 0.625571 0.319948 0.625571
16 0.583692 0.611313 0.652857 0.611313 0.652857 0.701075 0.583692 0.701075
16 0.213078 0.707632 0.286698 0.707632 0.286698 0.794988 0.213078 0.794988
16 0.478291 0.709810 0.594518 0.709810 0.594518 0.799575 0.478291 0.799575
16 0.717315 0.706449 0.822931 0.706449 0.822931 0.795543 0.717315 0.795543
16 0.144202 0.824216 0.208950 0.824216 0.208950 0.912713 0.144202 0.912713
