13 0.188188 0.779901 0.216557 0.779901 0.216557 0.833234 0.188188 0.833234 0.188188 0.779901
13 0.395750 0.204093 0.424119 0.204093 0.424119 0.257426 0.395750 0.257426 0.395750 0.204093
13 0.550682 0.489583 0.579051 0.489583 0.579051 0.542917 0.550682 0.542917 0.550682 0.489583
13 0.705749 0.780458 0.734118 0.780458 0.734118 0.833792 0.705749 0.833792 0.705749 0.780458
13 0.912050 0.203426 0.940419 0.203426 0.940419 0.256759 0.912050 0.256759 0.912050 0.203426
9 0.205139 0.818845 0.199607 0.794291 0.923468 0.217815 0.929001 0.242370 
9 0.409940 0.244093 0.409930 0.217426 0.926230 0.216759 0.926239 0.243426 
9 0.404064 0.223280 0.415806 0.238240 0.208244 0.814048 0.196502 0.799088 
9 0.202369 0.819901 0.202377 0.793234 0.719937 0.793792 0.719929 0.820458 
9 0.920348 0.222655 0.932121 0.237530 0.725819 0.814563 0.714047 0.799687 
9 0.404948 0.240240 0.414922 0.221280 0.724920 0.797645 0.714946 0.816605 
1 0.500000 0.146667 0.567376 0.146667 0.567376 0.400000 0.500000 0.400000
1 0.202128 0.473333 0.393617 0.473333 0.393617 0.673333 0.202128 0.673333
7 0.500349 0.332588 0.534661 0.332588 0.534661 0.400801 0.500349 0.400801
7 0.349689 0.606072 0.387741 0.606072 0.387741 0.670444 0.349689 0.670444
19 0.571672 0.040625 0.817752 0.040625 0.817752 0.203781 0.571672 0.203781
19 0.620824 0.237659 0.715198 0.237659 0.715198 0.410315 0.620824 0.410315
19 0.647352 0.534423 0.738249 0.534423 0.738249 0.685919 0.647352 0.685919
19 0.022434 0.347928 0.311073 0.347928 0.311073 0.540034 0.022434 0.540034
