13 0.114432 0.708332 0.129470 0.708332 0.129470 0.725953 0.114432 0.725953 0.114432 0.708332
13 0.499798 0.868332 0.514836 0.868332 0.514836 0.885953 0.499798 0.885953 0.499798 0.868332
13 0.880286 0.705475 0.895324 0.705475 0.895324 0.723096 0.880286 0.723096 0.880286 0.705475
13 0.749189 0.521904 0.764226 0.521904 0.764226 0.539525 0.749189 0.539525 0.749189 0.521904
13 0.499798 0.759761 0.514836 0.759761 0.514836 0.777382 0.499798 0.777382 0.499798 0.759761
13 0.250476 0.520713 0.265513 0.520713 0.265513 0.538334 0.250476 0.538334 0.250476 0.520713
13 0.499798 0.174047 0.514836 0.174047 0.514836 0.191668 0.499798 0.191668 0.499798 0.174047
9 0.504446 0.180013 0.510188 0.185701 0.124822 0.719987 0.119080 0.714299 
9 0.503558 0.178452 0.511076 0.178452 0.511076 0.881548 0.503558 0.881548 
9 0.504437 0.185689 0.510197 0.180026 0.890685 0.711454 0.884925 0.717117 
9 0.509690 0.771988 0.504944 0.765155 0.754334 0.527298 0.759080 0.534131 
9 0.255614 0.532933 0.260375 0.526114 0.509698 0.765162 0.504936 0.771981 
0 0.500519 0.250932 0.570428 0.250932 0.570428 0.299224 0.500519 0.299224
0 0.430291 0.266033 0.507749 0.266033 0.507749 0.318904 0.430291 0.318904
12 0.666468 0.467478 0.762421 0.467478 0.762421 0.578306 0.666468 0.578306
12 0.249768 0.467382 0.345261 0.467382 0.345261 0.578920 0.249768 0.578920
19 0.211563 0.696002 0.427344 0.696002 0.427344 0.795046 0.211563 0.795046
22 0.464613 0.079069 0.555313 0.079069 0.555313 0.173152 0.464613 0.173152
22 0.433504 0.598358 0.501612 0.598358 0.501612 0.694218 0.433504 0.694218
22 0.179142 0.437105 0.249679 0.437105 0.249679 0.533656 0.179142 0.533656
19 0.609395 0.674371 0.823782 0.674371 0.823782 0.770551 0.609395 0.770551
22 0.762885 0.442028 0.828801 0.442028 0.828801 0.538524 0.762885 0.538524
