13 0.258192 0.918886 0.282216 0.918886 0.282216 0.938257 0.258192 0.938257 0.258192 0.918886
13 0.876559 0.918886 0.900583 0.918886 0.900583 0.938257 0.876559 0.938257 0.876559 0.918886
13 0.528647 0.463197 0.552671 0.463197 0.552671 0.482567 0.528647 0.482567 0.528647 0.463197
13 0.256559 0.464047 0.280583 0.464047 0.280583 0.483418 0.256559 0.483418 0.256559 0.464047
13 0.254362 0.103750 0.278386 0.103750 0.278386 0.123120 0.254362 0.123120 0.254362 0.103750
9 0.270204 0.933414 0.270204 0.923729 0.888571 0.923729 0.888571 0.933414 
9 0.261259 0.115973 0.271489 0.110897 0.893686 0.926033 0.883457 0.931110 
9 0.260368 0.113453 0.272380 0.113417 0.276210 0.928553 0.264198 0.928590 
9 0.268595 0.478575 0.268548 0.468890 0.540636 0.468039 0.540683 0.477725 
12 0.247006 0.383689 0.378245 0.383689 0.378245 0.490277 0.247006 0.490277
12 0.245846 0.836172 0.378718 0.836172 0.378718 0.945512 0.245846 0.945512
19 0.147594 0.251058 0.229358 0.251058 0.229358 0.346612 0.147594 0.346612
19 0.750654 0.623130 0.832257 0.623130 0.832257 0.700332 0.750654 0.700332
19 0.428623 0.206410 0.557763 0.206410 0.557763 0.302544 0.428623 0.302544
19 0.100515 0.659316 0.225997 0.659316 0.225997 0.756376 0.100515 0.756376
