13 0.164446 0.144949 0.178887 0.144949 0.178887 0.192008 0.164446 0.192008 0.164446 0.144949
13 0.764446 0.473365 0.778887 0.473365 0.778887 0.520424 0.764446 0.520424 0.764446 0.473365
13 0.832224 0.823391 0.846665 0.823391 0.846665 0.870450 0.832224 0.870450 0.832224 0.823391
13 0.967395 0.820116 0.981836 0.820116 0.981836 0.867175 0.967395 0.867175 0.967395 0.820116
13 0.696113 0.824297 0.710554 0.824297 0.710554 0.871355 0.696113 0.871355 0.696113 0.824297
13 0.027065 0.840601 0.041506 0.840601 0.041506 0.887660 0.027065 0.887660 0.027065 0.840601
13 0.295161 0.840601 0.309601 0.840601 0.309601 0.887660 0.295161 0.887660 0.295161 0.840601
13 0.563732 0.840601 0.578173 0.840601 0.578173 0.887660 0.563732 0.887660 0.563732 0.840601
9 0.168631 0.162111 0.174702 0.174845 0.037321 0.870497 0.031250 0.857764 
9 0.169965 0.178853 0.173369 0.158103 0.572654 0.853755 0.569250 0.874505 
9 0.034286 0.875895 0.034286 0.852366 0.570952 0.852366 0.570952 0.875895 
9 0.168588 0.174622 0.174745 0.162335 0.305460 0.857987 0.299302 0.870274 
9 0.703350 0.859591 0.703316 0.836062 0.974598 0.831881 0.974632 0.855410 
9 0.768618 0.490591 0.774715 0.503198 0.706382 0.854129 0.700285 0.841523 
9 0.768614 0.503173 0.774720 0.490616 0.842498 0.840642 0.836391 0.853199 
9 0.769990 0.507314 0.773343 0.486475 0.976292 0.833226 0.972939 0.854065 
19 0.027165 0.379345 0.090898 0.379345 0.090898 0.554792 0.027165 0.554792
19 0.174177 0.535355 0.234602 0.535355 0.234602 0.711866 0.174177 0.711866
19 0.691199 0.534991 0.726348 0.534991 0.726348 0.711367 0.691199 0.711367
19 0.757435 0.624298 0.789382 0.624298 0.789382 0.750736 0.757435 0.750736
0 0.064853 0.658640 0.108422 0.658640 0.108422 0.883814 0.064853 0.883814
0 0.728535 0.673053 0.764157 0.673053 0.764157 0.863353 0.728535 0.863353
4 0.882380 0.700630 0.916137 0.700630 0.916137 0.860725 0.882380 0.860725
4 0.469112 0.702772 0.507918 0.702772 0.507918 0.884084 0.469112 0.884084
5 0.845083 0.731019 0.881909 0.731019 0.881909 0.962808 0.845083 0.962808
2 0.179314 0.745725 0.208815 0.745725 0.208815 0.973020 0.179314 0.973020
2 0.385723 0.740610 0.416454 0.740610 0.416454 0.974207 0.385723 0.974207
5 0.775322 0.733351 0.813049 0.733351 0.813049 0.961460 0.775322 0.961460
