13 0.059114 0.871443 0.081586 0.871443 0.081586 0.906685 0.059114 0.906685 0.059114 0.871443
13 0.651467 0.870674 0.673939 0.870674 0.673939 0.905916 0.651467 0.905916 0.651467 0.870674
13 0.919043 0.139423 0.941515 0.139423 0.941515 0.174665 0.919043 0.174665 0.919043 0.139423
13 0.648566 0.139522 0.671038 0.139522 0.671038 0.174764 0.648566 0.174764 0.648566 0.139522
13 0.328180 0.139522 0.350652 0.139522 0.350652 0.174764 0.328180 0.174764 0.328180 0.139522
9 0.070355 0.897875 0.070345 0.880253 0.662698 0.879484 0.662708 0.897106 
9 0.925407 0.152659 0.935152 0.161430 0.667576 0.892680 0.657830 0.883910 
9 0.654184 0.157198 0.665420 0.157088 0.668321 0.888240 0.657085 0.888350 
9 0.334549 0.152742 0.344283 0.161543 0.075217 0.893465 0.065483 0.884663 
9 0.339417 0.165953 0.339415 0.148332 0.930279 0.148234 0.930280 0.165855 
12 0.588016 0.774043 0.674098 0.774043 0.674098 0.908087 0.588016 0.908087
18 0.115081 0.746448 0.228600 0.746448 0.228600 0.877392 0.115081 0.877392
19 0.038232 0.378837 0.194307 0.378837 0.194307 0.502507 0.038232 0.502507
19 0.530094 0.022203 0.690477 0.022203 0.690477 0.135952 0.530094 0.135952
