13 0.439616 0.185973 0.459869 0.185973 0.459869 0.216624 0.439616 0.216624 0.439616 0.185973
13 0.279844 0.463772 0.300097 0.463772 0.300097 0.494423 0.279844 0.494423 0.279844 0.463772
13 0.506855 0.596103 0.527108 0.596103 0.527108 0.626754 0.506855 0.626754 0.506855 0.596103
13 0.935403 0.847035 0.955656 0.847035 0.955656 0.877686 0.935403 0.877686 0.935403 0.847035
9 0.446396 0.207048 0.453090 0.195549 0.948876 0.856611 0.942182 0.868110 
9 0.288146 0.486246 0.291795 0.471950 0.947354 0.855212 0.943705 0.869508 
9 0.445924 0.196268 0.453562 0.206330 0.293789 0.484129 0.286151 0.474067 
3 0.532043 0.479443 0.518872 0.598892 0.480788 0.705397 0.421916 0.787416 0.348638 0.836061 0.268893 0.846061 0.191323 0.816333 0.124335 0.750097 0.075186 0.654532 0.049205 0.539993 0.049205 0.418893 0.075186 0.304354 0.124335 0.208789 0.191323 0.142554 0.268893 0.112825 0.348638 0.122826 0.421916 0.171471 0.480788 0.253490 0.518872 0.359995 0.532043 0.479443
19 0.297066 0.227292 0.354659 0.227292 0.354659 0.327978 0.297066 0.327978
19 0.344746 0.575804 0.403698 0.575804 0.403698 0.677439 0.344746 0.677439
19 0.617238 0.747375 0.712816 0.747375 0.712816 0.872592 0.617238 0.872592
19 0.698740 0.382391 0.796742 0.382391 0.796742 0.509343 0.698740 0.509343
12 0.377921 0.189196 0.521869 0.189196 0.521869 0.411928 0.377921 0.411928
