13 0.242978 0.669739 0.258158 0.669739 0.258158 0.688832 0.242978 0.688832 0.242978 0.669739
13 0.724796 0.774025 0.739976 0.774025 0.739976 0.793118 0.724796 0.793118 0.724796 0.774025
13 0.682751 0.271168 0.697931 0.271168 0.697931 0.290261 0.682751 0.290261 0.682751 0.271168
13 0.202069 0.166882 0.217249 0.166882 0.217249 0.185975 0.202069 0.185975 0.202069 0.166882
9 0.249925 0.683990 0.251212 0.674582 0.733030 0.778867 0.731743 0.788276 
9 0.686567 0.281214 0.694115 0.280215 0.736161 0.783072 0.728612 0.784071 
9 0.205884 0.176914 0.213434 0.175943 0.254344 0.678800 0.246793 0.679772 
9 0.209014 0.181132 0.210304 0.171725 0.690986 0.276010 0.689696 0.285418 
19 0.020516 0.421802 0.211828 0.421802 0.211828 0.515243 0.020516 0.515243
19 0.379264 0.766933 0.569118 0.766933 0.569118 0.862499 0.379264 0.862499
19 0.365556 0.099432 0.563674 0.099432 0.563674 0.194741 0.365556 0.194741
22 0.176792 0.678782 0.241551 0.678782 0.241551 0.776056 0.176792 0.776056
22 0.156820 0.054852 0.217475 0.054852 0.217475 0.151625 0.156820 0.151625
22 0.738470 0.799464 0.822819 0.799464 0.822819 0.897752 0.738470 0.897752
22 0.686139 0.159579 0.751435 0.159579 0.751435 0.256494 0.686139 0.256494
19 0.733202 0.461210 0.955370 0.461210 0.955370 0.556746 0.733202 0.556746
