13 0.711777 0.189269 0.739652 0.189269 0.739652 0.215075 0.711777 0.215075 0.711777 0.189269
13 0.446063 0.431541 0.473937 0.431541 0.473937 0.457348 0.446063 0.457348 0.446063 0.431541
13 0.180348 0.678974 0.208223 0.678974 0.208223 0.704780 0.180348 0.704780 0.180348 0.678974
13 0.543710 0.769543 0.571584 0.769543 0.571584 0.795350 0.543710 0.795350 0.543710 0.769543
9 0.199202 0.696449 0.189370 0.687304 0.720798 0.197599 0.730630 0.206745 
9 0.718983 0.200501 0.732445 0.203843 0.564378 0.784117 0.550916 0.780775 
9 0.453268 0.446111 0.466732 0.442777 0.564379 0.780779 0.550915 0.784113 
3 0.835178 0.446118 0.814792 0.559220 0.755844 0.660066 0.664720 0.737727 0.551297 0.783788 0.427864 0.793257 0.307798 0.765109 0.204111 0.702392 0.128037 0.611904 0.087821 0.503451 0.087821 0.388785 0.128037 0.280331 0.204111 0.189843 0.307798 0.127127 0.427864 0.098978 0.551297 0.108447 0.664720 0.154508 0.755844 0.232169 0.814792 0.333015 0.835178 0.446118
19 0.322958 0.819603 0.590961 0.819603 0.590961 0.929334 0.322958 0.929334
18 0.299071 0.600843 0.478715 0.600843 0.478715 0.709321 0.299071 0.709321
1 0.613240 0.845161 0.857143 0.845161 0.857143 0.935484 0.613240 0.935484
1 0.059233 0.848387 0.306620 0.848387 0.306620 0.925806 0.059233 0.925806
8 0.732460 0.853991 0.857449 0.853991 0.857449 0.921446 0.732460 0.921446
8 0.065164 0.855233 0.184125 0.855233 0.184125 0.921983 0.065164 0.921983
