13 0.105671 0.459062 0.139144 0.459062 0.139144 0.497340 0.105671 0.497340 0.105671 0.459062
13 0.470920 0.063004 0.504393 0.063004 0.504393 0.101282 0.470920 0.101282 0.470920 0.063004
13 0.819930 0.462265 0.853403 0.462265 0.853403 0.500542 0.819930 0.500542 0.819930 0.462265
13 0.460911 0.872962 0.494383 0.872962 0.494383 0.911240 0.460911 0.911240 0.460911 0.872962
13 0.318102 0.356529 0.351575 0.356529 0.351575 0.394807 0.318102 0.394807 0.318102 0.356529
13 0.605688 0.357485 0.639161 0.357485 0.639161 0.395762 0.605688 0.395762 0.605688 0.357485
13 0.460764 0.642710 0.494236 0.642710 0.494236 0.680987 0.460764 0.680987 0.460764 0.642710
13 0.101489 0.053672 0.134962 0.053672 0.134962 0.091950 0.101489 0.091950 0.101489 0.053672
13 0.821857 0.054076 0.855330 0.054076 0.855330 0.092353 0.821857 0.092353 0.821857 0.054076
13 0.102234 0.877500 0.135707 0.877500 0.135707 0.915777 0.102234 0.915777 0.102234 0.877500
13 0.821319 0.877210 0.854792 0.877210 0.854792 0.915488 0.821319 0.915488 0.821319 0.877210
9 0.615189 0.371816 0.629660 0.381431 0.484735 0.666656 0.470265 0.657041 
9 0.334814 0.385238 0.334863 0.366099 0.622449 0.367054 0.622400 0.386193 
9 0.327569 0.380407 0.342109 0.370929 0.484770 0.657110 0.470230 0.666588 
9 0.118974 0.906208 0.118968 0.887069 0.838053 0.886780 0.838059 0.905919 
9 0.830226 0.073207 0.846962 0.073221 0.846424 0.896356 0.829687 0.896342 
9 0.118222 0.082380 0.118230 0.063242 0.838598 0.063645 0.838590 0.082784 
9 0.109858 0.072821 0.126594 0.072801 0.127339 0.896629 0.110602 0.896649 
3 0.830125 0.483533 0.811049 0.614263 0.755886 0.730827 0.670615 0.820592 0.564476 0.873832 0.448970 0.884777 0.336616 0.852241 0.239587 0.779749 0.168400 0.675159 0.130767 0.549802 0.130767 0.417265 0.168400 0.291908 0.239587 0.187318 0.336616 0.114826 0.448970 0.082290 0.564476 0.093235 0.670615 0.146475 0.755886 0.236240 0.811049 0.352804 0.830125 0.483533
2 0.451049 0.299890 0.506796 0.299890 0.506796 0.458240 0.451049 0.458240
2 0.335444 0.455868 0.460636 0.455868 0.460636 0.555452 0.335444 0.555452
2 0.495848 0.456038 0.620962 0.456038 0.620962 0.556016 0.495848 0.556016
19 0.442847 0.483867 0.511165 0.483867 0.511165 0.604297 0.442847 0.604297
19 0.026953 0.421934 0.091551 0.421934 0.091551 0.548802 0.026953 0.548802
