13 0.042349 0.900406 0.062914 0.900406 0.062914 0.933879 0.042349 0.933879 0.042349 0.900406
13 0.335713 0.898792 0.356278 0.898792 0.356278 0.932264 0.335713 0.932264 0.335713 0.898792
13 0.608665 0.900064 0.629230 0.900064 0.629230 0.933536 0.608665 0.933536 0.608665 0.900064
13 0.898197 0.166597 0.918762 0.166597 0.918762 0.200070 0.898197 0.200070 0.898197 0.166597
13 0.334980 0.166349 0.355546 0.166349 0.355546 0.199822 0.334980 0.199822 0.334980 0.166349
9 0.340122 0.183099 0.350405 0.183072 0.351137 0.915514 0.340854 0.915542 
9 0.345262 0.191454 0.345265 0.174718 0.908481 0.174965 0.908478 0.191702 
9 0.904154 0.178810 0.912805 0.187857 0.623273 0.921323 0.614622 0.912277 
9 0.052633 0.925511 0.052630 0.908775 0.618945 0.908432 0.618949 0.925168 
9 0.340950 0.178531 0.349576 0.187641 0.056945 0.921698 0.048319 0.912588 
12 0.332903 0.808162 0.411934 0.808162 0.411934 0.938351 0.332903 0.938351
19 0.532899 0.056011 0.740936 0.056011 0.740936 0.170736 0.532899 0.170736
19 0.285638 0.563978 0.333914 0.563978 0.333914 0.660379 0.285638 0.660379
