13 0.290930 0.207782 0.309070 0.207782 0.309070 0.240703 0.290930 0.240703 0.290930 0.207782
13 0.097596 0.747175 0.115737 0.747175 0.115737 0.780097 0.097596 0.780097 0.097596 0.747175
13 0.640930 0.747175 0.659070 0.747175 0.659070 0.780097 0.640930 0.780097 0.640930 0.747175
13 0.923152 0.746418 0.941293 0.746418 0.941293 0.779340 0.923152 0.779340 0.923152 0.746418
13 0.824596 0.746872 0.842737 0.746872 0.842737 0.779794 0.824596 0.779794 0.824596 0.746872
9 0.106669 0.771867 0.106664 0.755406 0.932220 0.754648 0.932225 0.771109 
9 0.296198 0.219755 0.303802 0.228730 0.110468 0.768124 0.102865 0.759149 
9 0.297064 0.230516 0.302936 0.217969 0.652936 0.757363 0.647064 0.769910 
22 0.261203 0.041774 0.327518 0.041774 0.327518 0.188536 0.261203 0.188536
22 0.035171 0.751803 0.087352 0.751803 0.087352 0.897177 0.035171 0.897177
22 0.619756 0.801443 0.672504 0.801443 0.672504 0.949617 0.619756 0.949617
22 0.787717 0.800897 0.872668 0.800897 0.872668 0.947409 0.787717 0.947409
18 0.648620 0.589256 0.799295 0.589256 0.799295 0.727722 0.648620 0.727722
18 0.401092 0.589599 0.518063 0.589599 0.518063 0.726733 0.401092 0.726733
