13 0.175580 0.332992 0.198702 0.332992 0.198702 0.361462 0.175580 0.361462 0.175580 0.332992
13 0.788672 0.334908 0.811793 0.334908 0.811793 0.363378 0.788672 0.363378 0.788672 0.334908
13 0.482083 0.337003 0.505204 0.337003 0.505204 0.365473 0.482083 0.365473 0.482083 0.337003
13 0.145975 0.494301 0.169096 0.494301 0.169096 0.522771 0.145975 0.522771 0.145975 0.494301
13 0.482083 0.497384 0.505204 0.497384 0.505204 0.525854 0.482083 0.525854 0.482083 0.497384
9 0.157898 0.517165 0.157928 0.502930 0.491542 0.503986 0.491512 0.518221 
9 0.497307 0.511150 0.485747 0.511057 0.486604 0.349489 0.498165 0.349582 
9 0.184499 0.355597 0.184499 0.341362 0.801127 0.341362 0.801127 0.355597 
3 0.826068 0.512303 0.808038 0.645347 0.755900 0.763974 0.675306 0.855328 0.574988 0.909510 0.465819 0.920649 0.359626 0.887537 0.267920 0.813762 0.200636 0.707320 0.165067 0.579745 0.165067 0.444862 0.200636 0.317287 0.267920 0.210844 0.359626 0.137070 0.465819 0.103958 0.574988 0.115097 0.675306 0.169279 0.755900 0.260633 0.808038 0.379260 0.826068 0.512303
19 0.455015 0.246221 0.517354 0.246221 0.517354 0.334238 0.455015 0.334238
22 0.069577 0.278107 0.156932 0.278107 0.156932 0.397147 0.069577 0.397147
22 0.826870 0.277169 0.910801 0.277169 0.910801 0.398423 0.826870 0.398423
12 0.406811 0.330452 0.507800 0.330452 0.507800 0.453594 0.406811 0.453594
19 0.503531 0.372510 0.563261 0.372510 0.563261 0.481431 0.503531 0.481431
22 0.057263 0.443102 0.133835 0.443102 0.133835 0.560505 0.057263 0.560505
22 0.513342 0.482670 0.613580 0.482670 0.613580 0.600513 0.513342 0.600513
19 0.278769 0.526350 0.377242 0.526350 0.377242 0.637305 0.278769 0.637305
