13 0.165352 0.723019 0.192379 0.723019 0.192379 0.752981 0.165352 0.752981 0.165352 0.723019
13 0.511446 0.614492 0.538473 0.614492 0.538473 0.644455 0.511446 0.644455 0.511446 0.614492
13 0.559465 0.808778 0.586492 0.808778 0.586492 0.838741 0.559465 0.838741 0.559465 0.808778
13 0.730186 0.545654 0.757213 0.545654 0.757213 0.575616 0.730186 0.575616 0.730186 0.545654
13 0.387734 0.134492 0.414761 0.134492 0.414761 0.164455 0.387734 0.164455 0.387734 0.134492
9 0.180707 0.745207 0.177025 0.730793 0.741858 0.553428 0.745541 0.567842 
9 0.394745 0.151509 0.407750 0.147438 0.579481 0.821724 0.566476 0.825795 
3 0.742869 0.504940 0.725350 0.621328 0.674692 0.725103 0.596384 0.805020 0.498913 0.852419 0.392840 0.862163 0.289660 0.833196 0.200555 0.768658 0.135180 0.675542 0.100621 0.563938 0.100621 0.445941 0.135180 0.334338 0.200555 0.241222 0.289660 0.176683 0.392840 0.147717 0.498913 0.157461 0.596384 0.204860 0.674692 0.284777 0.725350 0.388552 0.742869 0.504940
19 0.587852 0.474408 0.655541 0.474408 0.655541 0.577043 0.587852 0.577043
19 0.298102 0.586257 0.363931 0.586257 0.363931 0.672435 0.298102 0.672435
19 0.332922 0.347503 0.435185 0.347503 0.435185 0.452574 0.332922 0.452574
22 0.761209 0.494001 0.853507 0.494001 0.853507 0.605925 0.761209 0.605925
19 0.464801 0.688014 0.528763 0.688014 0.528763 0.792724 0.464801 0.792724
22 0.409121 0.529503 0.486081 0.529503 0.486081 0.635578 0.409121 0.635578
22 0.565022 0.831558 0.650808 0.831558 0.650808 0.944238 0.565022 0.944238
22 0.066993 0.714275 0.151963 0.714275 0.151963 0.827216 0.066993 0.827216
22 0.341327 0.022144 0.438077 0.022144 0.438077 0.132152 0.341327 0.132152
