13 0.145000 0.467181 0.180714 0.467181 0.180714 0.489653 0.145000 0.489653 0.145000 0.467181
13 0.810911 0.113175 0.846626 0.113175 0.846626 0.135647 0.810911 0.135647 0.810911 0.113175
13 0.629694 0.829591 0.665408 0.829591 0.665408 0.852063 0.629694 0.852063 0.629694 0.829591
9 0.168619 0.482709 0.157095 0.474126 0.823006 0.120119 0.834531 0.128702 
9 0.819951 0.123528 0.837586 0.125294 0.656369 0.841710 0.638733 0.839944 
9 0.156026 0.482035 0.169689 0.474800 0.654383 0.837210 0.640719 0.844445 
12 0.145307 0.428790 0.305429 0.428790 0.305429 0.529934 0.145307 0.529934
18 0.492833 0.645487 0.673469 0.645487 0.673469 0.727424 0.492833 0.727424
19 0.271674 0.637748 0.357915 0.637748 0.357915 0.702560 0.271674 0.702560
22 0.834332 0.039440 0.938956 0.039440 0.938956 0.121240 0.834332 0.121240
22 0.021823 0.442689 0.138031 0.442689 0.138031 0.526809 0.021823 0.526809
22 0.611886 0.871810 0.716579 0.871810 0.716579 0.955386 0.611886 0.955386
19 0.344688 0.218459 0.484856 0.218459 0.484856 0.297501 0.344688 0.297501
