13 0.426218 0.076503 0.446369 0.076503 0.446369 0.106354 0.426218 0.106354 0.426218 0.076503
13 0.063284 0.699360 0.083435 0.699360 0.083435 0.729211 0.063284 0.729211 0.063284 0.699360
13 0.426218 0.699360 0.446369 0.699360 0.446369 0.729211 0.426218 0.729211 0.426218 0.699360
13 0.908843 0.699360 0.928994 0.699360 0.928994 0.729211 0.908843 0.729211 0.908843 0.699360
9 0.432984 0.097055 0.439603 0.085802 0.922228 0.708659 0.915610 0.719913 
9 0.073359 0.721748 0.073359 0.706823 0.918919 0.706823 0.918919 0.721748 
9 0.432480 0.086552 0.440107 0.096305 0.077173 0.719162 0.069545 0.709409 
9 0.431256 0.083966 0.441331 0.083966 0.441331 0.721748 0.431256 0.721748 
19 0.186651 0.285460 0.244433 0.285460 0.244433 0.383834 0.186651 0.383834
19 0.454920 0.390058 0.515333 0.390058 0.515333 0.514256 0.454920 0.514256
19 0.631952 0.552682 0.693355 0.552682 0.693355 0.675294 0.631952 0.675294
19 0.395917 0.761427 0.490360 0.761427 0.490360 0.885907 0.395917 0.885907
12 0.359864 0.601525 0.448163 0.601525 0.448163 0.731534 0.359864 0.731534
12 0.384562 0.074747 0.492197 0.074747 0.492197 0.231063 0.384562 0.231063
1 0.503778 0.768657 0.937028 0.768657 0.937028 0.876866 0.503778 0.876866
1 0.042821 0.783582 0.395466 0.783582 0.395466 0.888060 0.042821 0.888060
8 0.051529 0.787566 0.139818 0.787566 0.139818 0.866700 0.051529 0.866700
8 0.850913 0.789350 0.938354 0.789350 0.938354 0.867458 0.850913 0.867458
