13 0.173682 0.499383 0.188692 0.499383 0.188692 0.516332 0.173682 0.516332 0.173682 0.499383
13 0.573935 0.203668 0.588944 0.203668 0.588944 0.220617 0.573935 0.220617 0.573935 0.203668
13 0.742495 0.500097 0.757505 0.500097 0.757505 0.517046 0.742495 0.517046 0.742495 0.500097
13 0.573935 0.796525 0.588944 0.796525 0.588944 0.813475 0.573935 0.813475 0.573935 0.796525
13 0.718085 0.900732 0.733094 0.900732 0.733094 0.917681 0.718085 0.917681 0.718085 0.900732
13 0.823303 0.500097 0.838313 0.500097 0.838313 0.517046 0.823303 0.517046 0.823303 0.500097
13 0.719768 0.096015 0.734777 0.096015 0.734777 0.112964 0.719768 0.112964 0.719768 0.096015
9 0.181183 0.512094 0.181191 0.503620 0.830812 0.504334 0.830804 0.512809 
9 0.183241 0.511403 0.179133 0.504311 0.725219 0.100944 0.729327 0.108036 
9 0.179136 0.511405 0.183238 0.504309 0.727641 0.905658 0.723538 0.912754 
9 0.746843 0.506282 0.753157 0.510861 0.584597 0.807290 0.578282 0.802710 
9 0.578282 0.214432 0.584597 0.209853 0.753157 0.506282 0.746843 0.510861 
12 0.526141 0.200989 0.621982 0.200989 0.621982 0.310956 0.526141 0.310956
12 0.527385 0.704555 0.620647 0.704555 0.620647 0.811020 0.527385 0.811020
19 0.690194 0.287428 0.907157 0.287428 0.907157 0.381929 0.690194 0.381929
19 0.689380 0.650729 0.908046 0.650729 0.908046 0.744702 0.689380 0.744702
22 0.511405 0.806595 0.583645 0.806595 0.583645 0.901978 0.511405 0.901978
22 0.077326 0.459411 0.166530 0.459411 0.166530 0.554344 0.077326 0.554344
22 0.538851 0.101168 0.610418 0.101168 0.610418 0.194878 0.538851 0.194878
22 0.652079 0.514618 0.718257 0.514618 0.718257 0.604262 0.652079 0.604262
18 0.315447 0.402904 0.430101 0.402904 0.430101 0.493859 0.315447 0.493859
18 0.315453 0.520164 0.430557 0.520164 0.430557 0.611287 0.315453 0.611287
