13 0.140918 0.037588 0.167854 0.037588 0.167854 0.065269 0.140918 0.065269 0.140918 0.037588
13 0.560061 0.206663 0.586997 0.206663 0.586997 0.234345 0.560061 0.234345 0.560061 0.206663
13 0.876074 0.428512 0.903010 0.428512 0.903010 0.456194 0.876074 0.456194 0.876074 0.428512
13 0.191260 0.436858 0.218196 0.436858 0.218196 0.464540 0.191260 0.464540 0.191260 0.436858
13 0.544011 0.620225 0.570947 0.620225 0.570947 0.647907 0.544011 0.647907 0.544011 0.620225
13 0.236532 0.809016 0.263468 0.809016 0.263468 0.836698 0.236532 0.836698 0.236532 0.809016
9 0.253374 0.828846 0.246626 0.816868 0.886169 0.436364 0.892916 0.448342 
9 0.147706 0.052303 0.161066 0.050554 0.256680 0.821983 0.243320 0.823732 
3 0.679743 0.420186 0.666787 0.499973 0.629325 0.571114 0.571415 0.625899 0.499334 0.658392 0.420891 0.665072 0.344589 0.645215 0.278694 0.600972 0.230349 0.537139 0.204791 0.460631 0.204791 0.379741 0.230349 0.303234 0.278694 0.239400 0.344589 0.195158 0.420891 0.175300 0.499334 0.181980 0.571415 0.214473 0.629325 0.269259 0.666787 0.340399 0.679743 0.420186
22 0.555121 0.066485 0.661158 0.066485 0.661158 0.181397 0.555121 0.181397
22 0.083689 0.409325 0.180071 0.409325 0.180071 0.523816 0.083689 0.523816
22 0.542073 0.631262 0.646877 0.631262 0.646877 0.746634 0.542073 0.746634
22 0.177044 0.840168 0.277625 0.840168 0.277625 0.954130 0.177044 0.954130
