13 0.644122 0.488683 0.666914 0.488683 0.666914 0.512635 0.644122 0.512635 0.644122 0.488683
13 0.898930 0.490881 0.921722 0.490881 0.921722 0.514833 0.898930 0.514833 0.898930 0.490881
13 0.487993 0.490590 0.510786 0.490590 0.510786 0.514542 0.487993 0.514542 0.487993 0.490590
13 0.489011 0.654192 0.511803 0.654192 0.511803 0.678144 0.489011 0.678144 0.489011 0.654192
9 0.909457 0.495509 0.909428 0.507485 0.500393 0.506416 0.500421 0.494440 
9 0.494709 0.494440 0.506105 0.494440 0.506105 0.672156 0.494709 0.672156 
3 0.910292 0.501496 0.888104 0.641227 0.823945 0.765817 0.724768 0.861763 0.601320 0.918668 0.466978 0.930367 0.336300 0.895591 0.223448 0.818108 0.140651 0.706316 0.096881 0.572328 0.096881 0.430664 0.140651 0.296676 0.223448 0.184884 0.336300 0.107401 0.466978 0.072625 0.601320 0.084323 0.724768 0.141229 0.823945 0.237175 0.888104 0.361765 0.910292 0.501496
3 0.657511 0.501657 0.648977 0.555403 0.624299 0.603325 0.586151 0.640229 0.538669 0.662117 0.486996 0.666617 0.436733 0.653240 0.393326 0.623438 0.361479 0.580438 0.344643 0.528902 0.344643 0.474413 0.361479 0.422876 0.393326 0.379877 0.436733 0.350074 0.486996 0.336698 0.538669 0.341197 0.586151 0.363085 0.624299 0.399990 0.648977 0.447911 0.657511 0.501657
19 0.409156 0.529991 0.472401 0.529991 0.472401 0.610597 0.409156 0.610597
19 0.752310 0.396507 0.812401 0.396507 0.812401 0.478639 0.752310 0.478639
