13 0.027711 0.784039 0.047128 0.784039 0.047128 0.815047 0.027711 0.815047 0.027711 0.784039
13 0.236824 0.783999 0.256241 0.783999 0.256241 0.815007 0.236824 0.815007 0.236824 0.783999
13 0.673804 0.783925 0.693221 0.783925 0.693221 0.814932 0.673804 0.814932 0.673804 0.783925
13 0.883090 0.785016 0.902508 0.785016 0.902508 0.816023 0.883090 0.816023 0.883090 0.785016
13 0.883660 0.171639 0.903078 0.171639 0.903078 0.202647 0.883660 0.202647 0.883660 0.171639
13 0.454270 0.173639 0.473687 0.173639 0.473687 0.204647 0.454270 0.204647 0.454270 0.173639
13 0.027437 0.171249 0.046854 0.171249 0.046854 0.202257 0.027437 0.202257 0.027437 0.171249
9 0.037416 0.807295 0.037423 0.791791 0.892802 0.792768 0.892795 0.808271 
9 0.459769 0.193004 0.468188 0.185282 0.687722 0.795567 0.679303 0.803290 
9 0.459759 0.185310 0.468198 0.192976 0.250752 0.803336 0.242313 0.795670 
9 0.037144 0.194505 0.037147 0.179001 0.893371 0.179391 0.893368 0.194895 
20 0.830007 0.618056 0.888535 0.618056 0.888535 0.747674 0.830007 0.747674
18 0.530355 0.213624 0.646320 0.213624 0.646320 0.337618 0.530355 0.337618
18 0.404672 0.375537 0.518612 0.375537 0.518612 0.501356 0.404672 0.501356
18 0.302877 0.646363 0.418931 0.646363 0.418931 0.769974 0.302877 0.769974
20 0.827527 0.035525 0.881325 0.035525 0.881325 0.135948 0.827527 0.135948
