13 0.464857 0.171436 0.479246 0.171436 0.479246 0.199605 0.464857 0.199605 0.464857 0.171436
13 0.904088 0.401702 0.918476 0.401702 0.918476 0.429871 0.904088 0.429871 0.904088 0.401702
13 0.067806 0.533068 0.082194 0.533068 0.082194 0.561237 0.067806 0.561237 0.067806 0.533068
13 0.398361 0.533301 0.412750 0.533301 0.412750 0.561470 0.398361 0.561470 0.398361 0.533301
13 0.837678 0.764699 0.852066 0.764699 0.852066 0.792868 0.837678 0.792868 0.837678 0.764699
13 0.506139 0.764783 0.520528 0.764783 0.520528 0.792952 0.506139 0.792952 0.506139 0.764783
9 0.076517 0.553537 0.073483 0.540767 0.470534 0.179135 0.473569 0.191905 
9 0.468667 0.183136 0.475436 0.187904 0.408940 0.549770 0.402171 0.545002 
9 0.074999 0.554194 0.075001 0.540110 0.405557 0.540343 0.405554 0.554428 
9 0.514853 0.785250 0.511814 0.772484 0.909763 0.409404 0.912802 0.422170 
9 0.907896 0.413412 0.914669 0.418161 0.848258 0.781158 0.841485 0.776409 
9 0.513334 0.785909 0.513333 0.771825 0.844871 0.771741 0.844872 0.785826 
22 0.016359 0.486928 0.058601 0.486928 0.058601 0.618418 0.016359 0.618418
22 0.392739 0.569233 0.442662 0.569233 0.442662 0.695985 0.392739 0.695985
22 0.428594 0.717549 0.496506 0.717549 0.496506 0.846090 0.428594 0.846090
22 0.469973 0.034001 0.525526 0.034001 0.525526 0.163074 0.469973 0.163074
22 0.914833 0.256340 0.972242 0.256340 0.972242 0.384967 0.914833 0.384967
22 0.836869 0.793093 0.895345 0.793093 0.895345 0.938376 0.836869 0.938376
0 0.584699 0.675940 0.620421 0.675940 0.620421 0.794835 0.584699 0.794835
0 0.144352 0.447058 0.181290 0.447058 0.181290 0.566139 0.144352 0.566139
2 0.223439 0.466078 0.254455 0.466078 0.254455 0.625736 0.223439 0.625736
2 0.662846 0.696470 0.692520 0.696470 0.692520 0.851827 0.662846 0.851827
