13 0.296786 0.154714 0.313214 0.154714 0.313214 0.173449 0.296786 0.173449 0.296786 0.154714
13 0.296161 0.435632 0.312589 0.435632 0.312589 0.454368 0.296161 0.454368 0.296161 0.435632
13 0.296161 0.881347 0.312589 0.881347 0.312589 0.900082 0.296161 0.900082 0.296161 0.881347
13 0.888453 0.225553 0.904880 0.225553 0.904880 0.244288 0.888453 0.244288 0.888453 0.225553
9 0.300893 0.164077 0.309107 0.164086 0.308482 0.890719 0.300268 0.890710 
9 0.304571 0.168740 0.305429 0.159423 0.897095 0.230262 0.896238 0.239579 
9 0.305595 0.449473 0.303155 0.440527 0.895447 0.230448 0.897886 0.239393 
9 0.307236 0.894075 0.301514 0.887354 0.893806 0.231560 0.899527 0.238281 
0 0.703430 0.203719 0.739549 0.203719 0.739549 0.303713 0.703430 0.303713
0 0.691744 0.296888 0.758403 0.296888 0.758403 0.406717 0.691744 0.406717
1 0.143737 0.154567 0.176591 0.154567 0.176591 0.484778 0.143737 0.484778
1 0.131417 0.573770 0.180698 0.573770 0.180698 0.896956 0.131417 0.896956
8 0.140779 0.151485 0.179217 0.151485 0.179217 0.224695 0.140779 0.224695
8 0.140050 0.828121 0.179217 0.828121 0.179217 0.902702 0.140050 0.902702
19 0.491774 0.081945 0.684944 0.081945 0.684944 0.179514 0.491774 0.179514
19 0.191507 0.599078 0.285917 0.599078 0.285917 0.695512 0.191507 0.695512
19 0.111596 0.479659 0.206900 0.479659 0.206900 0.574766 0.111596 0.574766
19 0.612749 0.567899 0.669412 0.567899 0.669412 0.644142 0.612749 0.644142
