13 0.198101 0.762728 0.215232 0.762728 0.215232 0.796483 0.198101 0.796483 0.198101 0.762728
13 0.096141 0.225769 0.113271 0.225769 0.113271 0.259525 0.096141 0.259525 0.096141 0.225769
13 0.481961 0.503898 0.499092 0.503898 0.499092 0.537653 0.481961 0.537653 0.481961 0.503898
13 0.870908 0.786793 0.888039 0.786793 0.888039 0.820548 0.870908 0.820548 0.870908 0.786793
13 0.766435 0.246280 0.783565 0.246280 0.783565 0.280036 0.766435 0.280036 0.766435 0.246280
9 0.103229 0.250568 0.106183 0.234726 0.880951 0.795749 0.877996 0.811591 
9 0.208460 0.787268 0.204873 0.771942 0.773207 0.255495 0.776793 0.270821 
22 0.012076 0.157642 0.077932 0.157642 0.077932 0.310730 0.012076 0.310730
22 0.121061 0.731001 0.177123 0.731001 0.177123 0.890088 0.121061 0.890088
22 0.800628 0.146340 0.859530 0.146340 0.859530 0.301743 0.800628 0.301743
22 0.903348 0.760009 0.964272 0.760009 0.964272 0.917723 0.903348 0.917723
22 0.463074 0.567975 0.526895 0.567975 0.526895 0.717723 0.463074 0.717723
5 0.261932 0.285035 0.332586 0.285035 0.332586 0.475082 0.261932 0.475082
5 0.649020 0.563858 0.719666 0.563858 0.719666 0.755333 0.649020 0.755333
2 0.606538 0.303205 0.657297 0.303205 0.657297 0.474522 0.606538 0.474522
2 0.322891 0.562825 0.374691 0.562825 0.374691 0.732869 0.322891 0.732869
