13 0.237145 0.901378 0.255163 0.901378 0.255163 0.921479 0.237145 0.921479 0.237145 0.901378
13 0.892017 0.902521 0.910035 0.902521 0.910035 0.922622 0.892017 0.922622 0.892017 0.902521
13 0.891846 0.659156 0.909864 0.659156 0.909864 0.679257 0.891846 0.679257 0.891846 0.659156
13 0.673042 0.658521 0.691060 0.658521 0.691060 0.678622 0.673042 0.678622 0.673042 0.658521
13 0.673042 0.415664 0.691060 0.415664 0.691060 0.435765 0.673042 0.435765 0.673042 0.415664
13 0.455094 0.412807 0.473112 0.412807 0.473112 0.432907 0.455094 0.432907 0.455094 0.412807
13 0.453170 0.172093 0.471188 0.172093 0.471188 0.192193 0.453170 0.192193 0.453170 0.172093
13 0.236504 0.172093 0.254522 0.172093 0.254522 0.192193 0.236504 0.192193 0.236504 0.172093
9 0.457675 0.182188 0.466684 0.182098 0.468607 0.422812 0.459598 0.422902 
9 0.245513 0.187168 0.245513 0.177118 0.462179 0.177118 0.462179 0.187168 
9 0.464050 0.427882 0.464155 0.417832 0.682104 0.420690 0.681998 0.430739 
9 0.677547 0.420689 0.686556 0.420689 0.686556 0.673597 0.677547 0.673597 
9 0.682040 0.673597 0.682063 0.663546 0.900866 0.664181 0.900843 0.674231 
9 0.896350 0.669210 0.905359 0.669202 0.905530 0.912567 0.896521 0.912575 
9 0.246147 0.916454 0.246161 0.906403 0.901033 0.907546 0.901019 0.917597 
9 0.241008 0.182148 0.250017 0.182138 0.250658 0.911424 0.241649 0.911433 
19 0.269442 0.029972 0.437852 0.029972 0.437852 0.121096 0.269442 0.121096
19 0.018599 0.501901 0.184895 0.501901 0.184895 0.588539 0.018599 0.588539
2 0.336269 0.137589 0.372219 0.137589 0.372219 0.223915 0.336269 0.223915
2 0.425367 0.281902 0.501381 0.281902 0.501381 0.323350 0.425367 0.323350
2 0.553355 0.381784 0.591853 0.381784 0.591853 0.469435 0.553355 0.469435
2 0.644864 0.526297 0.719270 0.526297 0.719270 0.565915 0.644864 0.565915
2 0.771911 0.624679 0.810205 0.624679 0.810205 0.710439 0.771911 0.710439
2 0.863820 0.770056 0.938417 0.770056 0.938417 0.810337 0.863820 0.810337
5 0.205277 0.511527 0.285964 0.511527 0.285964 0.578384 0.205277 0.578384
5 0.542849 0.867214 0.602982 0.867214 0.602982 0.954216 0.542849 0.954216
