13 0.081108 0.741868 0.101361 0.741868 0.101361 0.780145 0.081108 0.780145 0.081108 0.741868
13 0.272373 0.740295 0.292627 0.740295 0.292627 0.778573 0.272373 0.778573 0.272373 0.740295
13 0.273207 0.227979 0.293460 0.227979 0.293460 0.266256 0.273207 0.266256 0.273207 0.227979
13 0.793510 0.225573 0.813763 0.225573 0.813763 0.263850 0.793510 0.263850 0.793510 0.225573
13 0.900218 0.741000 0.920471 0.741000 0.920471 0.779278 0.900218 0.779278 0.900218 0.741000
9 0.278270 0.247088 0.288397 0.247147 0.287563 0.759463 0.277437 0.759405 
9 0.283346 0.256687 0.283321 0.237548 0.803624 0.235142 0.803649 0.254281 
9 0.798921 0.248198 0.808352 0.241224 0.915060 0.756652 0.905630 0.763626 
9 0.091237 0.770576 0.091232 0.751437 0.910342 0.750569 0.910348 0.769708 
9 0.279198 0.241596 0.287469 0.252639 0.095370 0.766528 0.087099 0.755485 
12 0.269253 0.638891 0.348394 0.638891 0.348394 0.783991 0.269253 0.783991
19 0.457482 0.087413 0.646216 0.087413 0.646216 0.223180 0.457482 0.223180
19 0.295864 0.423202 0.451084 0.423202 0.451084 0.562807 0.295864 0.562807
22 0.772417 0.084194 0.834120 0.084194 0.834120 0.219103 0.772417 0.219103
22 0.049838 0.781708 0.123487 0.781708 0.123487 0.923273 0.049838 0.923273
22 0.885516 0.781459 0.956410 0.781459 0.956410 0.920383 0.885516 0.920383
22 0.252832 0.080733 0.326104 0.080733 0.326104 0.219340 0.252832 0.219340
