13 0.221186 0.773265 0.234814 0.773265 0.234814 0.801735 0.221186 0.801735 0.221186 0.773265
13 0.511134 0.488436 0.524763 0.488436 0.524763 0.516906 0.511134 0.516906 0.511134 0.488436
13 0.800090 0.203523 0.813719 0.203523 0.813719 0.231993 0.800090 0.231993 0.800090 0.203523
13 0.801134 0.773158 0.814763 0.773158 0.814763 0.801628 0.801134 0.801628 0.801134 0.773158
13 0.221519 0.203027 0.235148 0.203027 0.235148 0.231497 0.221519 0.231497 0.221519 0.203027
9 0.229452 0.793939 0.226548 0.781061 0.805453 0.211319 0.808357 0.224197 
9 0.226882 0.223701 0.229785 0.210823 0.809400 0.780954 0.806497 0.793832 
9 0.228000 0.794617 0.228000 0.780383 0.807948 0.780276 0.807949 0.794511 
9 0.803498 0.217785 0.810312 0.217731 0.811356 0.787366 0.804542 0.787420 
9 0.224926 0.217253 0.231740 0.217271 0.231407 0.787509 0.224593 0.787491 
9 0.228332 0.224379 0.228335 0.210144 0.806906 0.210640 0.806903 0.224875 
12 0.215867 0.664182 0.286192 0.664182 0.286192 0.807949 0.215867 0.807949
22 0.496553 0.326294 0.555005 0.326294 0.555005 0.461580 0.496553 0.461580
22 0.164168 0.100625 0.219648 0.100625 0.219648 0.239499 0.164168 0.239499
22 0.817123 0.101260 0.871009 0.101260 0.871009 0.236579 0.817123 0.236579
22 0.811062 0.777121 0.873834 0.777121 0.873834 0.919192 0.811062 0.919192
22 0.152424 0.779013 0.214317 0.779013 0.214317 0.916773 0.152424 0.916773
