13 0.328260 0.749815 0.343615 0.749815 0.343615 0.771613 0.328260 0.771613 0.328260 0.749815
13 0.488927 0.189402 0.504282 0.189402 0.504282 0.211200 0.488927 0.211200 0.488927 0.189402
13 0.880226 0.749101 0.895581 0.749101 0.895581 0.770899 0.880226 0.770899 0.880226 0.749101
13 0.318935 0.417672 0.334290 0.417672 0.334290 0.439471 0.318935 0.439471 0.318935 0.417672
9 0.335941 0.766164 0.335934 0.755265 0.887900 0.754550 0.887907 0.765450 
9 0.493880 0.204140 0.499329 0.196462 0.890628 0.756161 0.885179 0.763839 
3 0.558086 0.427317 0.545413 0.535131 0.508767 0.631262 0.452119 0.705293 0.381608 0.749200 0.304875 0.758227 0.230235 0.731394 0.165776 0.671609 0.118484 0.585352 0.093483 0.481969 0.093483 0.372664 0.118484 0.269281 0.165776 0.183024 0.230235 0.123240 0.304875 0.096407 0.381608 0.105433 0.452119 0.149341 0.508767 0.223371 0.545413 0.319502 0.558086 0.427317
19 0.511822 0.776375 0.733332 0.776375 0.733332 0.890907 0.511822 0.890907
22 0.224517 0.379881 0.296971 0.379881 0.296971 0.498347 0.224517 0.498347
19 0.694113 0.362541 0.783330 0.362541 0.783330 0.470995 0.694113 0.470995
