13 0.119203 0.835197 0.143227 0.835197 0.143227 0.860041 0.119203 0.860041 0.119203 0.835197
13 0.856575 0.835333 0.880599 0.835333 0.880599 0.860177 0.856575 0.860177 0.856575 0.835333
13 0.228319 0.060231 0.252344 0.060231 0.252344 0.085075 0.228319 0.085075 0.228319 0.060231
9 0.131214 0.853830 0.131217 0.841408 0.868588 0.841544 0.868586 0.853966 
9 0.235729 0.076643 0.244934 0.068663 0.873190 0.843765 0.863984 0.851745 
9 0.234388 0.071758 0.246275 0.073548 0.137159 0.848514 0.125272 0.846724 
18 0.224484 0.195781 0.337092 0.195781 0.337092 0.297259 0.224484 0.297259
7 0.685933 0.731258 0.784681 0.731258 0.784681 0.813225 0.685933 0.813225
18 0.740689 0.534048 0.887443 0.534048 0.887443 0.638300 0.740689 0.638300
18 0.157234 0.706622 0.611098 0.706622 0.611098 0.833716 0.157234 0.833716
1 0.648649 0.580745 0.789790 0.580745 0.789790 0.810559 0.648649 0.810559
