13 0.341492 0.133327 0.371795 0.133327 0.371795 0.167810 0.341492 0.167810 0.341492 0.133327
13 0.644689 0.133327 0.674992 0.133327 0.674992 0.167810 0.644689 0.167810 0.644689 0.133327
13 0.367486 0.196759 0.397789 0.196759 0.397789 0.231241 0.367486 0.231241 0.367486 0.196759
13 0.618695 0.196759 0.648998 0.196759 0.648998 0.231241 0.618695 0.231241 0.618695 0.196759
13 0.132722 0.340367 0.163025 0.340367 0.163025 0.374850 0.132722 0.374850 0.132722 0.340367
13 0.854479 0.339293 0.884782 0.339293 0.884782 0.373775 0.854479 0.373775 0.854479 0.339293
13 0.195138 0.367134 0.225441 0.367134 0.225441 0.401616 0.195138 0.401616 0.195138 0.367134
13 0.792063 0.367541 0.822366 0.367541 0.822366 0.402024 0.792063 0.402024 0.792063 0.367541
13 0.195242 0.616873 0.225545 0.616873 0.225545 0.651356 0.195242 0.651356 0.195242 0.616873
13 0.792063 0.616726 0.822366 0.616726 0.822366 0.651209 0.792063 0.651209 0.792063 0.616726
13 0.133200 0.639009 0.163503 0.639009 0.163503 0.673491 0.133200 0.673491 0.133200 0.639009
13 0.853765 0.639009 0.884068 0.639009 0.884068 0.673491 0.853765 0.673491 0.853765 0.639009
13 0.368914 0.787134 0.399217 0.787134 0.399217 0.821616 0.368914 0.821616 0.368914 0.787134
13 0.617873 0.786706 0.648176 0.786706 0.648176 0.821189 0.617873 0.821189 0.617873 0.786706
13 0.341206 0.846151 0.371509 0.846151 0.371509 0.880634 0.341206 0.880634 0.341206 0.846151
13 0.645688 0.845543 0.675991 0.845543 0.675991 0.880025 0.645688 0.880025 0.645688 0.845543
9 0.866360 0.362978 0.881511 0.363019 0.880892 0.662348 0.865741 0.662308 
9 0.637930 0.810517 0.628120 0.797378 0.803552 0.627759 0.813363 0.640898 
9 0.356371 0.872014 0.356345 0.854772 0.660826 0.854163 0.660852 0.871405 
9 0.356643 0.159189 0.356643 0.141947 0.659840 0.141947 0.659840 0.159189 
9 0.382637 0.222621 0.382637 0.205379 0.633846 0.205379 0.633846 0.222621 
9 0.202714 0.384379 0.217865 0.384371 0.217970 0.634110 0.202818 0.634119 
9 0.152851 0.364108 0.142896 0.351110 0.351666 0.144069 0.361621 0.157067 
9 0.143363 0.662737 0.153341 0.649763 0.361347 0.856906 0.351369 0.869880 
9 0.654878 0.157082 0.664803 0.144055 0.880136 0.356485 0.870211 0.369512 
9 0.140298 0.357624 0.155450 0.357593 0.155927 0.656234 0.140776 0.656266 
9 0.384077 0.812996 0.384054 0.795754 0.633013 0.795327 0.633036 0.812568 
9 0.205449 0.640646 0.215338 0.627583 0.389011 0.797844 0.379121 0.810906 
9 0.628888 0.220518 0.638805 0.207482 0.812173 0.378265 0.802256 0.391300 
9 0.215258 0.390883 0.205321 0.377867 0.377669 0.207492 0.387606 0.220508 
9 0.799751 0.383472 0.814903 0.383384 0.816033 0.635571 0.800882 0.635659 
9 0.867827 0.655021 0.877568 0.668227 0.666336 0.869959 0.656595 0.856752 
