13 0.023478 0.169296 0.057520 0.169296 0.057520 0.213740 0.023478 0.213740 0.023478 0.169296
13 0.867508 0.170069 0.901551 0.170069 0.901551 0.214514 0.867508 0.214514 0.867508 0.170069
13 0.625152 0.668403 0.659195 0.668403 0.659195 0.712847 0.625152 0.712847 0.625152 0.668403
13 0.866392 0.869236 0.900434 0.869236 0.900434 0.913681 0.866392 0.913681 0.866392 0.869236
9 0.031002 0.195161 0.040152 0.176423 0.887988 0.882089 0.878838 0.900827 
9 0.034859 0.195082 0.034901 0.172860 0.881779 0.175592 0.881737 0.197814 
9 0.874642 0.185798 0.891664 0.185787 0.891924 0.891453 0.874902 0.891464 
9 0.875274 0.178920 0.889637 0.190844 0.644782 0.693576 0.630419 0.681652 
19 0.425532 0.072222 0.489362 0.072222 0.489362 0.166667 0.425532 0.166667
12 0.795745 0.161111 0.902128 0.161111 0.902128 0.305556 0.795745 0.305556
19 0.685106 0.366667 0.744681 0.366667 0.744681 0.461111 0.685106 0.461111
19 0.251064 0.466667 0.353191 0.466667 0.353191 0.588889 0.251064 0.588889
19 0.889362 0.500000 0.953191 0.500000 0.953191 0.611111 0.889362 0.611111
12 0.565957 0.544444 0.689362 0.544444 0.689362 0.700000 0.565957 0.700000
19 0.693617 0.794444 0.757447 0.794444 0.757447 0.911111 0.693617 0.911111
