13 0.117768 0.756364 0.135197 0.756364 0.135197 0.779221 0.117768 0.779221 0.117768 0.756364
13 0.118163 0.170390 0.135592 0.170390 0.135592 0.193247 0.118163 0.193247 0.118163 0.170390
13 0.573604 0.169905 0.591033 0.169905 0.591033 0.192762 0.573604 0.192762 0.573604 0.169905
13 0.571720 0.757143 0.589149 0.757143 0.589149 0.780000 0.571720 0.780000 0.571720 0.757143
13 0.840561 0.392857 0.857990 0.392857 0.857990 0.415714 0.840561 0.415714 0.840561 0.392857
9 0.126477 0.773506 0.126488 0.762078 0.580440 0.762857 0.580429 0.774286 
9 0.846144 0.400312 0.852406 0.408260 0.583566 0.772545 0.577304 0.764597 
9 0.122520 0.181813 0.131235 0.181823 0.130840 0.767797 0.122125 0.767787 
9 0.126881 0.187532 0.126874 0.176104 0.582315 0.175619 0.582322 0.187048 
9 0.579978 0.186153 0.584659 0.176513 0.851616 0.399466 0.846935 0.409106 
12 0.111118 0.159901 0.202033 0.159901 0.202033 0.279088 0.111118 0.279088
12 0.110887 0.666913 0.202284 0.666913 0.202284 0.787349 0.110887 0.787349
18 0.262821 0.192825 0.599049 0.192825 0.599049 0.320792 0.262821 0.320792
18 0.273269 0.608550 0.615265 0.608550 0.615265 0.742408 0.273269 0.742408
22 0.034830 0.769577 0.111590 0.769577 0.111590 0.882054 0.034830 0.882054
22 0.035058 0.059662 0.110452 0.059662 0.110452 0.170815 0.035058 0.170815
22 0.554671 0.770898 0.634947 0.770898 0.634947 0.883083 0.554671 0.883083
18 0.729206 0.376193 0.802608 0.376193 0.802608 0.488135 0.729206 0.488135
22 0.562241 0.056907 0.635410 0.056907 0.635410 0.168100 0.562241 0.168100
22 0.869749 0.346998 0.947516 0.346998 0.947516 0.459432 0.869749 0.459432
