13 0.088574 0.755993 0.110431 0.755993 0.110431 0.781150 0.088574 0.781150 0.088574 0.755993
13 0.826805 0.898191 0.848663 0.898191 0.848663 0.923348 0.826805 0.923348 0.826805 0.898191
13 0.825770 0.410615 0.847628 0.410615 0.847628 0.435772 0.825770 0.435772 0.825770 0.410615
13 0.826941 0.062379 0.848798 0.062379 0.848798 0.087537 0.826941 0.087537 0.826941 0.062379
9 0.101563 0.774397 0.097442 0.762746 0.834639 0.417368 0.838759 0.429018 
9 0.832405 0.074957 0.843334 0.074959 0.843199 0.910770 0.832270 0.910768 
9 0.098601 0.774774 0.100404 0.762368 0.838636 0.904566 0.836832 0.916972 
18 0.287113 0.665213 0.449693 0.665213 0.449693 0.797229 0.287113 0.797229
18 0.588703 0.299556 0.801237 0.299556 0.801237 0.432219 0.588703 0.432219
16 0.733664 0.757046 0.804143 0.757046 0.804143 0.873799 0.733664 0.873799
