13 0.093220 0.778202 0.120901 0.778202 0.120901 0.809330 0.093220 0.809330 0.093220 0.778202
13 0.736159 0.814436 0.763841 0.814436 0.763841 0.845564 0.736159 0.845564 0.736159 0.814436
13 0.681591 0.487293 0.709272 0.487293 0.709272 0.518421 0.681591 0.518421 0.681591 0.487293
13 0.909216 0.372105 0.936897 0.372105 0.936897 0.403233 0.909216 0.403233 0.909216 0.372105
13 0.615139 0.082098 0.642821 0.082098 0.642821 0.113227 0.615139 0.113227 0.615139 0.082098
9 0.109861 0.800883 0.104260 0.786650 0.920256 0.380553 0.925857 0.394786 
9 0.622176 0.099084 0.635784 0.096241 0.756804 0.828578 0.743196 0.831422 
9 0.106714 0.801539 0.107407 0.785994 0.750346 0.822228 0.749654 0.837772 
9 0.623689 0.092646 0.634271 0.102679 0.112351 0.798783 0.101770 0.788750 
0 0.315280 0.677993 0.368713 0.677993 0.368713 0.819435 0.315280 0.819435
0 0.281768 0.546619 0.369638 0.546619 0.369638 0.678777 0.281768 0.678777
