13 0.210870 0.072607 0.230870 0.072607 0.230870 0.092311 0.210870 0.092311 0.210870 0.072607
13 0.704921 0.070672 0.724921 0.070672 0.724921 0.090377 0.704921 0.090377 0.704921 0.070672
13 0.452174 0.070465 0.472174 0.070465 0.472174 0.090169 0.452174 0.090169 0.452174 0.070465
13 0.476087 0.375669 0.496087 0.375669 0.496087 0.395374 0.476087 0.395374 0.476087 0.375669
13 0.094565 0.877918 0.114565 0.877918 0.114565 0.897623 0.094565 0.897623 0.094565 0.877918
13 0.511957 0.876847 0.531957 0.876847 0.531957 0.896552 0.511957 0.896552 0.511957 0.876847
13 0.914571 0.877788 0.934571 0.877788 0.934571 0.897493 0.914571 0.897493 0.914571 0.877788
9 0.223054 0.085243 0.223032 0.075391 0.717598 0.074320 0.717620 0.084172 
9 0.713616 0.076281 0.721602 0.082211 0.103123 0.890735 0.095137 0.884806 
9 0.098030 0.892696 0.098057 0.882844 0.926317 0.884986 0.926291 0.894838 
9 0.219252 0.083529 0.226835 0.077105 0.933357 0.886701 0.925774 0.893124 
9 0.457187 0.080675 0.467161 0.079959 0.526943 0.888483 0.516970 0.889199 
2 0.330664 0.031161 0.379572 0.031161 0.379572 0.134282 0.330664 0.134282
2 0.557670 0.031228 0.605459 0.031228 0.605459 0.134605 0.557670 0.134605
19 0.489850 0.152937 0.583012 0.152937 0.583012 0.233655 0.489850 0.233655
19 0.244496 0.227719 0.340976 0.227719 0.340976 0.308810 0.244496 0.308810
19 0.727915 0.569741 0.794056 0.569741 0.794056 0.650561 0.727915 0.650561
7 0.416100 0.623887 0.501125 0.623887 0.501125 0.673541 0.416100 0.673541
5 0.284428 0.834921 0.359667 0.834921 0.359667 0.940184 0.284428 0.940184
5 0.662387 0.833986 0.738735 0.833986 0.738735 0.940383 0.662387 0.940383
19 0.048390 0.504154 0.294290 0.504154 0.294290 0.597904 0.048390 0.597904
1 0.150000 0.576355 0.497500 0.576355 0.497500 0.674877 0.150000 0.674877
