13 0.310181 0.052029 0.333436 0.052029 0.333436 0.076951 0.310181 0.076951 0.310181 0.052029
13 0.666564 0.052029 0.689819 0.052029 0.689819 0.076951 0.666564 0.076951 0.666564 0.052029
13 0.129943 0.385341 0.153199 0.385341 0.153199 0.410263 0.129943 0.410263 0.129943 0.385341
13 0.488372 0.384682 0.511628 0.384682 0.511628 0.409604 0.488372 0.409604 0.488372 0.384682
13 0.846275 0.384682 0.869531 0.384682 0.869531 0.409604 0.846275 0.409604 0.846275 0.384682
13 0.310181 0.717335 0.333436 0.717335 0.333436 0.742257 0.310181 0.742257 0.310181 0.717335
13 0.667177 0.716770 0.690433 0.716770 0.690433 0.741692 0.667177 0.741692 0.667177 0.716770
9 0.316778 0.061366 0.326839 0.067614 0.146602 0.400926 0.136541 0.394678 
9 0.321809 0.070720 0.321809 0.058259 0.678191 0.058259 0.678191 0.070720 
9 0.673160 0.067612 0.683223 0.061368 0.862934 0.394021 0.852871 0.400265 
9 0.852869 0.394025 0.862936 0.400261 0.683839 0.732348 0.673772 0.726113 
9 0.321817 0.736026 0.321800 0.723565 0.678797 0.723000 0.678814 0.735461 
9 0.136546 0.400935 0.146597 0.394669 0.326834 0.726663 0.316783 0.732929 
9 0.141576 0.404033 0.141566 0.391572 0.857898 0.390912 0.857908 0.403373 
9 0.316770 0.067598 0.326848 0.061382 0.683844 0.726123 0.673766 0.732339 
9 0.673149 0.061388 0.683234 0.067592 0.326851 0.732898 0.316766 0.726694 
19 0.428104 0.757299 0.578171 0.757299 0.578171 0.865181 0.428104 0.865181
1 0.119186 0.766355 0.412791 0.766355 0.412791 0.841121 0.119186 0.841121
1 0.590116 0.766355 0.892442 0.766355 0.892442 0.841121 0.590116 0.841121
8 0.119039 0.762026 0.221242 0.762026 0.221242 0.843204 0.119039 0.843204
8 0.778118 0.766008 0.881389 0.766008 0.881389 0.843871 0.778118 0.843871
