13 0.062183 0.130861 0.104288 0.130861 0.104288 0.175805 0.062183 0.175805 0.062183 0.130861
13 0.788694 0.345028 0.830799 0.345028 0.830799 0.389972 0.788694 0.389972 0.788694 0.345028
13 0.637329 0.571539 0.679435 0.571539 0.679435 0.616482 0.637329 0.616482 0.637329 0.571539
13 0.486075 0.799403 0.528180 0.799403 0.528180 0.844347 0.486075 0.844347 0.486075 0.799403
9 0.079520 0.156822 0.085182 0.135178 0.811939 0.351824 0.806277 0.373467 
9 0.069858 0.159035 0.087281 0.146421 0.510180 0.811940 0.492757 0.824555 
9 0.073704 0.160520 0.085955 0.142245 0.662326 0.582462 0.650075 0.600737 
9 0.799926 0.356767 0.817030 0.369870 0.511149 0.824799 0.494046 0.811696 
19 0.478947 0.140449 0.610526 0.140449 0.610526 0.258427 0.478947 0.258427
19 0.421053 0.314607 0.494737 0.314607 0.494737 0.410112 0.421053 0.410112
8 0.831579 0.398876 0.894737 0.398876 0.894737 0.471910 0.831579 0.471910
12 0.568421 0.449438 0.721053 0.449438 0.721053 0.606742 0.568421 0.606742
19 0.152632 0.494382 0.284211 0.494382 0.284211 0.617978 0.152632 0.617978
19 0.663158 0.578652 0.778947 0.578652 0.778947 0.696629 0.663158 0.696629
8 0.552632 0.814607 0.615789 0.814607 0.615789 0.887640 0.552632 0.887640
