13 0.336874 0.218848 0.357334 0.218848 0.357334 0.249152 0.336874 0.249152 0.336874 0.218848
13 0.131814 0.489811 0.152274 0.489811 0.152274 0.520114 0.131814 0.520114 0.131814 0.489811
13 0.828970 0.490395 0.849431 0.490395 0.849431 0.520698 0.828970 0.520698 0.828970 0.490395
13 0.337260 0.761991 0.357721 0.761991 0.357721 0.792294 0.337260 0.792294 0.337260 0.761991
9 0.145450 0.510615 0.138639 0.499309 0.343699 0.228347 0.350510 0.239653 
9 0.345318 0.241099 0.348890 0.226901 0.840986 0.498447 0.837415 0.512645 
9 0.142041 0.512538 0.142047 0.497387 0.839203 0.497970 0.839198 0.513122 
9 0.138634 0.510609 0.145455 0.499316 0.350901 0.771496 0.344080 0.782789 
9 0.349278 0.784241 0.345703 0.770045 0.837413 0.498448 0.840988 0.512644 
4 0.182419 0.398990 0.246295 0.398990 0.246295 0.513237 0.182419 0.513237
4 0.175855 0.497764 0.234633 0.497764 0.234633 0.596913 0.175855 0.596913
2 0.204682 0.580402 0.282472 0.580402 0.282472 0.701038 0.204682 0.701038
2 0.204275 0.304962 0.282728 0.304962 0.282728 0.427572 0.204275 0.427572
22 0.300655 0.064897 0.396980 0.064897 0.396980 0.200936 0.300655 0.200936
22 0.860213 0.441076 0.938888 0.441076 0.938888 0.576891 0.860213 0.576891
22 0.297691 0.809379 0.378986 0.809379 0.378986 0.944817 0.297691 0.944817
22 0.062783 0.426588 0.120400 0.426588 0.120400 0.564904 0.062783 0.564904
5 0.551012 0.282476 0.633556 0.282476 0.633556 0.452847 0.551012 0.452847
5 0.551033 0.556005 0.631794 0.556005 0.631794 0.725131 0.551033 0.725131
0 0.290536 0.663579 0.416548 0.663579 0.416548 0.758135 0.290536 0.758135
0 0.291624 0.252646 0.417491 0.252646 0.417491 0.343388 0.291624 0.343388
