13 0.452792 0.142928 0.476047 0.142928 0.476047 0.166596 0.452792 0.166596 0.452792 0.142928
13 0.070481 0.533221 0.093737 0.533221 0.093737 0.556889 0.070481 0.556889 0.070481 0.533221
13 0.451855 0.533880 0.475111 0.533880 0.475111 0.557549 0.451855 0.557549 0.451855 0.533880
13 0.836687 0.533880 0.859943 0.533880 0.859943 0.557549 0.836687 0.557549 0.836687 0.533880
9 0.082104 0.550972 0.082114 0.539138 0.848320 0.539797 0.848310 0.551631 
9 0.458606 0.154747 0.470233 0.154776 0.469297 0.545729 0.457669 0.545700 
3 0.846458 0.542986 0.825678 0.669723 0.765591 0.782726 0.672707 0.869749 0.557092 0.921363 0.431275 0.931973 0.308890 0.900431 0.203199 0.830154 0.125656 0.728758 0.084663 0.607231 0.084663 0.478741 0.125656 0.357214 0.203199 0.255818 0.308890 0.185541 0.431275 0.153998 0.557092 0.164609 0.672707 0.216222 0.765591 0.303246 0.825678 0.416249 0.846458 0.542986
22 0.358769 0.420251 0.447595 0.420251 0.447595 0.525426 0.358769 0.525426
22 0.868451 0.479544 0.950043 0.479544 0.950043 0.586647 0.868451 0.586647
22 0.415850 0.021946 0.512211 0.021946 0.512211 0.129519 0.415850 0.129519
12 0.449704 0.417876 0.588447 0.417876 0.588447 0.555339 0.449704 0.555339
19 0.351477 0.567091 0.582923 0.567091 0.582923 0.668212 0.351477 0.668212
1 0.584302 0.582840 0.845930 0.582840 0.845930 0.656805 0.584302 0.656805
1 0.087209 0.582840 0.334302 0.582840 0.334302 0.668639 0.087209 0.668639
8 0.086569 0.593622 0.180686 0.593622 0.180686 0.653647 0.086569 0.653647
8 0.747270 0.593927 0.841814 0.593927 0.841814 0.655166 0.747270 0.655166
