13 0.066478 0.678328 0.086578 0.678328 0.086578 0.711386 0.066478 0.711386 0.066478 0.678328
13 0.707437 0.678796 0.727538 0.678796 0.727538 0.711854 0.707437 0.711854 0.707437 0.678796
13 0.939394 0.680157 0.959495 0.680157 0.959495 0.713215 0.939394 0.713215 0.939394 0.680157
13 0.388429 0.261294 0.408529 0.261294 0.408529 0.294352 0.388429 0.294352 0.388429 0.261294
13 0.539095 0.066768 0.559196 0.066768 0.559196 0.099826 0.539095 0.099826 0.539095 0.066768
9 0.076521 0.703122 0.076534 0.686593 0.949451 0.688421 0.949438 0.704950 
9 0.079635 0.701352 0.073421 0.688362 0.546038 0.076802 0.552253 0.089792 
9 0.395350 0.284290 0.401608 0.271356 0.720616 0.688858 0.714358 0.701791 
22 0.367286 0.084128 0.432454 0.084128 0.432454 0.227870 0.367286 0.227870
22 0.684408 0.725626 0.755982 0.725626 0.755982 0.876273 0.684408 0.876273
22 0.014765 0.731856 0.091789 0.731856 0.091789 0.877362 0.014765 0.877362
