13 0.878692 0.124708 0.896470 0.124708 0.896470 0.147500 0.878692 0.147500 0.878692 0.124708
13 0.317004 0.198890 0.334782 0.198890 0.334782 0.221682 0.317004 0.221682 0.317004 0.198890
13 0.614488 0.788085 0.632266 0.788085 0.632266 0.810877 0.614488 0.810877 0.614488 0.788085
13 0.072280 0.787565 0.090058 0.787565 0.090058 0.810357 0.072280 0.810357 0.072280 0.787565
9 0.326348 0.215954 0.325437 0.204618 0.887126 0.130436 0.888037 0.141772 
9 0.883623 0.133513 0.891539 0.138695 0.627335 0.802072 0.619418 0.796889 
9 0.081166 0.804659 0.081172 0.793263 0.623380 0.793783 0.623373 0.805179 
9 0.321971 0.207606 0.329815 0.212966 0.085091 0.801641 0.077247 0.796281 
9 0.322162 0.213382 0.329624 0.207189 0.627108 0.796384 0.619646 0.802577 
18 0.267329 0.351471 0.383694 0.351471 0.383694 0.452416 0.267329 0.452416
18 0.134075 0.676988 0.249222 0.676988 0.249222 0.777397 0.134075 0.777397
18 0.562590 0.570141 0.676045 0.570141 0.676045 0.670189 0.562590 0.670189
18 0.720369 0.172718 0.836241 0.172718 0.836241 0.273249 0.720369 0.273249
22 0.286054 0.092874 0.348164 0.092874 0.348164 0.196229 0.286054 0.196229
22 0.043742 0.809261 0.101845 0.809261 0.101845 0.914642 0.043742 0.914642
22 0.608752 0.817284 0.673396 0.817284 0.673396 0.923680 0.608752 0.923680
22 0.903719 0.061099 0.975220 0.061099 0.975220 0.181357 0.903719 0.181357
