13 0.488053 0.101055 0.507661 0.101055 0.507661 0.118004 0.488053 0.118004 0.488053 0.101055
13 0.299482 0.264421 0.319090 0.264421 0.319090 0.281371 0.299482 0.281371 0.299482 0.264421
13 0.111829 0.427169 0.131437 0.427169 0.131437 0.444118 0.111829 0.444118 0.111829 0.427169
13 0.487974 0.430469 0.507582 0.430469 0.507582 0.447418 0.487974 0.447418 0.487974 0.430469
13 0.865625 0.429644 0.885232 0.429644 0.885232 0.446593 0.865625 0.446593 0.865625 0.429644
13 0.677625 0.592020 0.697232 0.592020 0.697232 0.608970 0.677625 0.608970 0.677625 0.592020
13 0.800910 0.700065 0.820518 0.700065 0.820518 0.717014 0.800910 0.717014 0.800910 0.700065
13 0.487339 0.753902 0.506947 0.753902 0.506947 0.770851 0.487339 0.770851 0.487339 0.753902
13 0.364482 0.862813 0.384090 0.862813 0.384090 0.879762 0.364482 0.879762 0.364482 0.862813
13 0.613053 0.862813 0.632661 0.862813 0.632661 0.879762 0.613053 0.879762 0.613053 0.862813
13 0.488053 0.942639 0.507661 0.942639 0.507661 0.959588 0.488053 0.959588 0.488053 0.942639
9 0.492955 0.105292 0.502759 0.105292 0.502759 0.955351 0.492955 0.955351 
9 0.493207 0.110871 0.502507 0.108188 0.692078 0.599154 0.682779 0.601837 
9 0.377752 0.874283 0.370820 0.868291 0.871962 0.435123 0.878895 0.441115 
9 0.118157 0.438632 0.125108 0.432656 0.626333 0.868299 0.619381 0.874275 
9 0.494386 0.106538 0.501328 0.112522 0.125104 0.438636 0.118162 0.432652 
9 0.494379 0.112516 0.501335 0.106544 0.878906 0.435133 0.871951 0.441105 
9 0.305811 0.275885 0.312761 0.269907 0.814189 0.705551 0.807239 0.711528 
22 0.461931 0.021631 0.542892 0.021631 0.542892 0.096174 0.461931 0.096174
22 0.230987 0.197874 0.304896 0.197874 0.304896 0.270571 0.230987 0.270571
12 0.258537 0.262217 0.360665 0.262217 0.360665 0.353002 0.258537 0.353002
22 0.029772 0.393521 0.107258 0.393521 0.107258 0.468106 0.029772 0.468106
22 0.882637 0.393170 0.960088 0.393170 0.960088 0.467289 0.882637 0.467289
22 0.401649 0.414186 0.483592 0.414186 0.483592 0.488221 0.401649 0.488221
12 0.636372 0.519597 0.733359 0.519597 0.733359 0.605026 0.636372 0.605026
22 0.722156 0.557239 0.796791 0.557239 0.796791 0.628844 0.722156 0.628844
22 0.535489 0.724115 0.607706 0.724115 0.607706 0.794721 0.535489 0.794721
