13 0.140397 0.168005 0.168175 0.168005 0.168175 0.195124 0.140397 0.195124 0.140397 0.168005
13 0.808968 0.480854 0.836746 0.480854 0.836746 0.507973 0.808968 0.507973 0.808968 0.480854
13 0.138810 0.802704 0.166587 0.802704 0.166587 0.829823 0.138810 0.829823 0.138810 0.802704
9 0.147341 0.181548 0.161230 0.181581 0.159643 0.816280 0.145754 0.816247 
9 0.151284 0.187678 0.157287 0.175451 0.825859 0.488300 0.819856 0.500527 
9 0.155764 0.822347 0.149633 0.810180 0.819792 0.488330 0.825923 0.500497 
22 0.101319 0.042686 0.209608 0.042686 0.209608 0.153683 0.101319 0.153683
0 0.143802 0.207992 0.239288 0.207992 0.239288 0.279615 0.143802 0.279615
5 0.413305 0.262511 0.528575 0.262511 0.528575 0.399846 0.413305 0.399846
22 0.842213 0.434233 0.945335 0.434233 0.945335 0.548546 0.842213 0.548546
5 0.423803 0.586008 0.540109 0.586008 0.540109 0.725186 0.423803 0.725186
0 0.143663 0.717116 0.237860 0.717116 0.237860 0.786242 0.143663 0.786242
22 0.100889 0.835812 0.201111 0.835812 0.201111 0.946106 0.100889 0.946106
