13 0.049365 0.870733 0.076951 0.870733 0.076951 0.900696 0.049365 0.900696 0.049365 0.870733
13 0.894102 0.871876 0.921688 0.871876 0.921688 0.901838 0.894102 0.901838 0.894102 0.871876
13 0.805320 0.066222 0.832907 0.066222 0.832907 0.096184 0.805320 0.096184 0.805320 0.066222
9 0.067985 0.891065 0.058331 0.880364 0.814287 0.075853 0.823940 0.086553 
9 0.812266 0.082093 0.825961 0.080313 0.914742 0.885967 0.901047 0.887747 
9 0.063149 0.893205 0.063166 0.878224 0.907903 0.879367 0.907886 0.894348 
18 0.322782 0.185630 0.588305 0.185630 0.588305 0.318070 0.322782 0.318070
18 0.212536 0.727075 0.473844 0.727075 0.473844 0.854883 0.212536 0.854883
16 0.804337 0.721458 0.869204 0.721458 0.869204 0.851201 0.804337 0.851201
1 0.565517 0.164794 0.800000 0.164794 0.800000 0.303371 0.565517 0.303371
7 0.711436 0.169292 0.797738 0.169292 0.797738 0.266884 0.711436 0.266884
