13 0.482005 0.155640 0.509591 0.155640 0.509591 0.180408 0.482005 0.180408 0.482005 0.155640
13 0.156048 0.325508 0.183634 0.325508 0.183634 0.350276 0.156048 0.350276 0.156048 0.325508
13 0.808162 0.325268 0.835748 0.325268 0.835748 0.350036 0.808162 0.350036 0.808162 0.325268
13 0.157635 0.662729 0.185222 0.662729 0.185222 0.687497 0.157635 0.687497 0.157635 0.662729
13 0.806711 0.663936 0.834297 0.663936 0.834297 0.688704 0.806711 0.688704 0.806711 0.663936
13 0.483350 0.831206 0.510936 0.831206 0.510936 0.855974 0.483350 0.855974 0.483350 0.831206
9 0.174879 0.680475 0.167978 0.669752 0.818505 0.332290 0.825405 0.343013 
9 0.815058 0.337628 0.828851 0.337676 0.827401 0.676344 0.813608 0.676296 
9 0.500586 0.848955 0.493700 0.838225 0.817061 0.670955 0.823947 0.681685 
9 0.167986 0.680478 0.174871 0.669748 0.500586 0.838224 0.493700 0.848955 
9 0.162945 0.337918 0.176738 0.337866 0.178325 0.675087 0.164532 0.675139 
9 0.173303 0.343247 0.166379 0.332537 0.492336 0.162669 0.499260 0.173379 
9 0.492341 0.173382 0.499255 0.162666 0.825412 0.332294 0.818498 0.343010 
22 0.447740 0.043144 0.550695 0.043144 0.550695 0.146294 0.447740 0.146294
4 0.428586 0.177459 0.561768 0.177459 0.561768 0.241197 0.428586 0.241197
2 0.294980 0.193892 0.399352 0.193892 0.399352 0.301452 0.294980 0.301452
2 0.600983 0.195896 0.702913 0.195896 0.702913 0.302283 0.600983 0.302283
22 0.051405 0.252263 0.154651 0.252263 0.154651 0.354316 0.051405 0.354316
22 0.830495 0.246940 0.937188 0.246940 0.937188 0.351267 0.830495 0.351267
16 0.645584 0.286114 0.716481 0.286114 0.716481 0.377996 0.645584 0.377996
0 0.725692 0.292246 0.767755 0.292246 0.767755 0.379943 0.725692 0.379943
4 0.160294 0.302032 0.247810 0.302032 0.247810 0.408246 0.160294 0.408246
0 0.753345 0.362787 0.830342 0.362787 0.830342 0.407593 0.753345 0.407593
16 0.714304 0.389488 0.784070 0.389488 0.784070 0.479306 0.714304 0.479306
2 0.098020 0.485849 0.235474 0.485849 0.235474 0.543345 0.098020 0.543345
2 0.752797 0.484300 0.891131 0.484300 0.891131 0.542450 0.752797 0.542450
16 0.180170 0.517781 0.236443 0.517781 0.236443 0.608444 0.180170 0.608444
0 0.158929 0.603843 0.237913 0.603843 0.237913 0.663066 0.158929 0.663066
22 0.057968 0.616735 0.152872 0.616735 0.152872 0.718973 0.057968 0.718973
16 0.262629 0.618547 0.332892 0.618547 0.332892 0.710553 0.262629 0.710553
4 0.740096 0.604379 0.830295 0.604379 0.830295 0.708532 0.740096 0.708532
22 0.829002 0.614657 0.930806 0.614657 0.930806 0.716980 0.829002 0.716980
0 0.221751 0.629496 0.262774 0.629496 0.262774 0.719388 0.221751 0.719388
2 0.295730 0.712980 0.398986 0.712980 0.398986 0.818647 0.295730 0.818647
2 0.601194 0.710799 0.702195 0.710799 0.702195 0.817565 0.601194 0.817565
4 0.429111 0.772395 0.560079 0.772395 0.560079 0.837411 0.429111 0.837411
22 0.434034 0.855781 0.539868 0.855781 0.539868 0.959293 0.434034 0.959293
