13 0.069411 0.201919 0.089716 0.201919 0.089716 0.231223 0.069411 0.231223 0.069411 0.201919
13 0.838191 0.201994 0.858496 0.201994 0.858496 0.231298 0.838191 0.231298 0.838191 0.201994
13 0.069903 0.834292 0.090207 0.834292 0.090207 0.863596 0.069903 0.863596 0.069903 0.834292
13 0.838487 0.835688 0.858792 0.835688 0.858792 0.864992 0.838487 0.864992 0.838487 0.835688
9 0.079563 0.223897 0.079564 0.209245 0.848344 0.209320 0.848343 0.223972 
9 0.843268 0.216651 0.853420 0.216641 0.853716 0.850335 0.843563 0.850345 
9 0.080049 0.856270 0.080062 0.841618 0.848646 0.843014 0.848633 0.857666 
9 0.074487 0.216580 0.084640 0.216563 0.085131 0.848936 0.074979 0.848952 
9 0.077046 0.222933 0.082081 0.210209 0.851156 0.843978 0.846122 0.856702 
5 0.426613 0.140356 0.499327 0.140356 0.499327 0.292796 0.426613 0.292796
2 0.027052 0.492877 0.131238 0.492877 0.131238 0.566730 0.027052 0.566730
2 0.793640 0.493068 0.897941 0.493068 0.897941 0.565379 0.793640 0.565379
5 0.424905 0.768770 0.501724 0.768770 0.501724 0.925064 0.424905 0.925064
19 0.436243 0.345119 0.644505 0.345119 0.644505 0.508500 0.436243 0.508500
19 0.413596 0.022687 0.510324 0.022687 0.510324 0.139060 0.413596 0.139060
19 0.903655 0.471312 0.961920 0.471312 0.961920 0.589448 0.903655 0.589448
