13 0.045729 0.562023 0.067527 0.562023 0.067527 0.595779 0.045729 0.595779 0.045729 0.562023
13 0.076344 0.730673 0.098142 0.730673 0.098142 0.764429 0.076344 0.764429 0.076344 0.730673
13 0.402894 0.743516 0.424692 0.743516 0.424692 0.777272 0.402894 0.777272 0.402894 0.743516
13 0.469574 0.523360 0.491373 0.523360 0.491373 0.557116 0.469574 0.557116 0.469574 0.523360
13 0.535936 0.303562 0.557734 0.303562 0.557734 0.337317 0.535936 0.337317 0.535936 0.303562
13 0.604244 0.073704 0.626042 0.073704 0.626042 0.107460 0.604244 0.107460 0.604244 0.073704
13 0.843123 0.141980 0.864921 0.141980 0.864921 0.175735 0.843123 0.175735 0.843123 0.141980
13 0.872865 0.310395 0.894663 0.310395 0.894663 0.344150 0.872865 0.344150 0.872865 0.310395
9 0.089001 0.755539 0.085485 0.739563 0.882006 0.319285 0.885521 0.335261 
9 0.058383 0.586890 0.054873 0.570912 0.852267 0.150868 0.855777 0.166846 
9 0.610202 0.087021 0.620083 0.094143 0.418734 0.763955 0.408853 0.756833 
1 0.291553 0.594937 0.435967 0.594937 0.435967 0.767932 0.291553 0.767932
7 0.402175 0.596370 0.433223 0.596370 0.433223 0.641307 0.402175 0.641307
18 0.394002 0.204414 0.539329 0.204414 0.539329 0.331252 0.394002 0.331252
18 0.057807 0.771670 0.358796 0.771670 0.358796 0.916044 0.057807 0.916044
20 0.871258 0.104225 0.934277 0.104225 0.934277 0.242214 0.871258 0.242214
20 0.903177 0.273551 0.960909 0.273551 0.960909 0.413661 0.903177 0.413661
