13 0.488101 0.048404 0.505232 0.048404 0.505232 0.078033 0.488101 0.078033 0.488101 0.048404
13 0.370435 0.261622 0.387565 0.261622 0.387565 0.291252 0.370435 0.291252 0.370435 0.261622
13 0.085768 0.779151 0.102899 0.779151 0.102899 0.808780 0.085768 0.808780 0.085768 0.779151
13 0.913859 0.781162 0.930990 0.781162 0.930990 0.810792 0.913859 0.810792 0.913859 0.781162
9 0.376928 0.282920 0.381072 0.269954 0.924496 0.789494 0.920352 0.802460 
9 0.094327 0.801373 0.094339 0.786558 0.922430 0.788570 0.922418 0.803384 
9 0.493565 0.058110 0.499768 0.068327 0.097435 0.799074 0.091232 0.788857 
22 0.321640 0.145408 0.377484 0.145408 0.377484 0.267127 0.321640 0.267127
16 0.425833 0.189930 0.471500 0.189930 0.471500 0.310542 0.425833 0.310542
19 0.183748 0.397707 0.237328 0.397707 0.237328 0.518635 0.183748 0.518635
19 0.481821 0.824589 0.535260 0.824589 0.535260 0.941561 0.481821 0.941561
22 0.027975 0.818174 0.086115 0.818174 0.086115 0.943834 0.027975 0.943834
22 0.908089 0.817878 0.968989 0.817878 0.968989 0.940146 0.908089 0.940146
19 0.639318 0.392828 0.691502 0.392828 0.691502 0.513255 0.639318 0.513255
