13 0.495620 0.914583 0.528140 0.914583 0.528140 0.947236 0.495620 0.947236 0.495620 0.914583
13 0.081751 0.449388 0.114272 0.449388 0.114272 0.482041 0.081751 0.482041 0.081751 0.449388
13 0.557376 0.049959 0.589897 0.049959 0.589897 0.082612 0.557376 0.082612 0.557376 0.049959
13 0.900579 0.381596 0.933099 0.381596 0.933099 0.414249 0.900579 0.414249 0.900579 0.381596
13 0.900407 0.622959 0.932927 0.622959 0.932927 0.655612 0.900407 0.655612 0.900407 0.622959
9 0.103227 0.471976 0.092795 0.459452 0.568420 0.060024 0.578852 0.072548 
9 0.567999 0.072168 0.579274 0.060404 0.922476 0.392040 0.911201 0.403804 
9 0.908709 0.397916 0.924969 0.397928 0.924797 0.639292 0.908537 0.639280 
9 0.516620 0.937542 0.507141 0.924276 0.911927 0.632653 0.921406 0.645918 
9 0.091948 0.471153 0.104075 0.460276 0.517943 0.925471 0.505817 0.936347 
19 0.234561 0.136466 0.324889 0.136466 0.324889 0.266782 0.234561 0.266782
18 0.192028 0.394613 0.328269 0.394613 0.328269 0.528726 0.192028 0.528726
19 0.197848 0.704038 0.282648 0.704038 0.282648 0.806255 0.197848 0.806255
18 0.467465 0.167718 0.659861 0.167718 0.659861 0.307054 0.467465 0.307054
