13 0.053186 0.073794 0.083721 0.073794 0.083721 0.107692 0.053186 0.107692 0.053186 0.073794
13 0.714114 0.074479 0.744649 0.074479 0.744649 0.108378 0.714114 0.108378 0.714114 0.074479
13 0.714114 0.805908 0.744649 0.805908 0.744649 0.839806 0.714114 0.839806 0.714114 0.805908
13 0.053247 0.805908 0.083781 0.805908 0.083781 0.839806 0.053247 0.839806 0.053247 0.805908
9 0.068514 0.831332 0.068514 0.814383 0.729381 0.814383 0.729381 0.831332 
9 0.721748 0.082954 0.737015 0.082954 0.737015 0.831332 0.721748 0.831332 
9 0.068446 0.099217 0.068461 0.082268 0.729389 0.082954 0.729374 0.099903 
9 0.060820 0.090744 0.076087 0.090742 0.076147 0.822856 0.060880 0.822858 
12 0.629518 0.066064 0.746829 0.066064 0.746829 0.196417 0.629518 0.196417
12 0.046382 0.065496 0.164915 0.065496 0.164915 0.197408 0.046382 0.197408
12 0.048378 0.712487 0.165786 0.712487 0.165786 0.844124 0.048378 0.844124
12 0.629339 0.713495 0.745435 0.713495 0.745435 0.843321 0.629339 0.843321
19 0.764312 0.393660 0.978738 0.393660 0.978738 0.510654 0.764312 0.510654
19 0.285552 0.856235 0.503982 0.856235 0.503982 0.970320 0.285552 0.970320
