13 0.510074 0.039156 0.527278 0.039156 0.527278 0.065046 0.510074 0.065046 0.510074 0.039156
13 0.066176 0.196960 0.083380 0.196960 0.083380 0.222850 0.066176 0.222850 0.066176 0.196960
13 0.478090 0.287055 0.495294 0.287055 0.495294 0.312945 0.478090 0.312945 0.478090 0.287055
13 0.935885 0.384769 0.953089 0.384769 0.953089 0.410659 0.935885 0.410659 0.935885 0.384769
13 0.932462 0.600116 0.949667 0.600116 0.949667 0.626006 0.932462 0.626006 0.932462 0.600116
13 0.430561 0.651545 0.447766 0.651545 0.447766 0.677435 0.430561 0.677435 0.430561 0.651545
13 0.065542 0.691545 0.082747 0.691545 0.082747 0.717435 0.065542 0.717435 0.065542 0.691545
13 0.396721 0.916198 0.413925 0.916198 0.413925 0.942088 0.396721 0.942088 0.396721 0.916198
9 0.074167 0.216312 0.075389 0.203498 0.945098 0.391307 0.943876 0.404121 
9 0.074445 0.710946 0.073844 0.698033 0.940764 0.606605 0.941365 0.619518 
9 0.514454 0.050865 0.522898 0.053337 0.409545 0.930379 0.401101 0.927907 
20 0.534155 0.029880 0.574554 0.029880 0.574554 0.126549 0.534155 0.126549
16 0.408587 0.308467 0.459540 0.308467 0.459540 0.415104 0.408587 0.415104
16 0.462417 0.531235 0.512428 0.531235 0.512428 0.637220 0.462417 0.637220
