13 0.077990 0.789349 0.095343 0.789349 0.095343 0.820118 0.077990 0.820118 0.077990 0.789349
13 0.671323 0.789349 0.688677 0.789349 0.688677 0.820118 0.671323 0.820118 0.671323 0.789349
13 0.879393 0.156836 0.896747 0.156836 0.896747 0.187605 0.879393 0.187605 0.879393 0.156836
13 0.287157 0.157692 0.304510 0.157692 0.304510 0.188462 0.287157 0.188462 0.287157 0.157692
9 0.086667 0.812426 0.086667 0.797041 0.680000 0.797041 0.680000 0.812426 
9 0.884323 0.168345 0.891818 0.176096 0.683748 0.808609 0.676252 0.800858 
9 0.295837 0.180769 0.295830 0.165385 0.888067 0.164528 0.888074 0.179913 
9 0.292092 0.169182 0.299575 0.176972 0.090408 0.808628 0.082925 0.800839 
22 0.228344 0.051185 0.286697 0.051185 0.286697 0.178318 0.228344 0.178318
22 0.906467 0.050602 0.963997 0.050602 0.963997 0.179859 0.906467 0.179859
5 0.354213 0.720118 0.413168 0.720118 0.413168 0.876400 0.354213 0.876400
22 0.015831 0.817372 0.072363 0.817372 0.072363 0.943983 0.015831 0.943983
22 0.670931 0.816710 0.727881 0.816710 0.727881 0.946029 0.670931 0.946029
5 0.559199 0.087626 0.619913 0.087626 0.619913 0.246680 0.559199 0.246680
2 0.740206 0.458011 0.829844 0.458011 0.829844 0.519752 0.740206 0.519752
2 0.139345 0.445910 0.229351 0.445910 0.229351 0.514442 0.139345 0.514442
