13 0.106002 0.684495 0.128665 0.684495 0.128665 0.706842 0.106002 0.706842 0.106002 0.684495
13 0.483174 0.899301 0.505837 0.899301 0.505837 0.921647 0.483174 0.921647 0.483174 0.899301
13 0.857954 0.685508 0.880617 0.685508 0.880617 0.707854 0.857954 0.707854 0.857954 0.685508
13 0.858873 0.257188 0.881536 0.257188 0.881536 0.279535 0.858873 0.279535 0.858873 0.257188
13 0.482383 0.043064 0.505046 0.043064 0.505046 0.065410 0.482383 0.065410 0.482383 0.043064
13 0.107036 0.257188 0.129699 0.257188 0.129699 0.279535 0.107036 0.279535 0.107036 0.257188
9 0.865297 0.265570 0.875112 0.271153 0.499413 0.913265 0.489598 0.907682 
9 0.118367 0.273948 0.118367 0.262775 0.870204 0.262775 0.870204 0.273948 
9 0.112702 0.268348 0.124033 0.268375 0.122999 0.695682 0.111668 0.695655 
9 0.113461 0.271156 0.123273 0.265567 0.499412 0.907680 0.489599 0.913268 
9 0.114500 0.700506 0.120167 0.690831 0.497339 0.905636 0.491672 0.915311 
9 0.497343 0.915309 0.491668 0.905638 0.866449 0.691845 0.872123 0.701516 
9 0.864538 0.268350 0.875870 0.268373 0.874951 0.696693 0.863620 0.696669 
9 0.490883 0.059077 0.496545 0.049398 0.873035 0.263522 0.867373 0.273201 
9 0.121205 0.273197 0.115530 0.263526 0.490877 0.049402 0.496552 0.059073 
5 0.450822 0.210145 0.533429 0.210145 0.533429 0.329066 0.450822 0.329066
5 0.250950 0.539740 0.372599 0.539740 0.372599 0.642280 0.250950 0.642280
5 0.624300 0.539772 0.742960 0.539772 0.742960 0.642314 0.624300 0.642314
