13 0.122510 0.176653 0.157293 0.176653 0.157293 0.204723 0.122510 0.204723 0.122510 0.176653
13 0.122715 0.782688 0.157497 0.782688 0.157497 0.810758 0.122715 0.810758 0.122715 0.782688
13 0.815136 0.783732 0.849919 0.783732 0.849919 0.811802 0.815136 0.811802 0.815136 0.783732
9 0.140090 0.803741 0.140122 0.789705 0.832544 0.790749 0.832511 0.804784 
9 0.133504 0.195441 0.146299 0.185935 0.838925 0.793013 0.826130 0.802520 
9 0.131206 0.190690 0.148597 0.190686 0.148801 0.796721 0.131410 0.796725 
12 0.118163 0.701537 0.254627 0.701537 0.254627 0.812792 0.118163 0.812792
18 0.456658 0.599558 0.598478 0.599558 0.598478 0.777734 0.456658 0.777734
18 0.153258 0.366829 0.324091 0.366829 0.324091 0.475331 0.153258 0.475331
22 0.073262 0.814027 0.185612 0.814027 0.185612 0.915623 0.073262 0.915623
22 0.788777 0.815951 0.911032 0.815951 0.911032 0.919401 0.788777 0.919401
22 0.082581 0.059742 0.206917 0.059742 0.206917 0.162645 0.082581 0.162645
