13 0.468252 0.160359 0.492132 0.160359 0.492132 0.187204 0.468252 0.187204 0.468252 0.160359
13 0.132958 0.658577 0.156838 0.658577 0.156838 0.685423 0.132958 0.685423 0.132958 0.658577
13 0.726355 0.685401 0.750236 0.685401 0.750236 0.712246 0.726355 0.712246 0.726355 0.685401
9 0.475431 0.169732 0.484953 0.177831 0.149659 0.676049 0.140137 0.667951 
9 0.144658 0.678706 0.145138 0.665294 0.738535 0.692118 0.738055 0.705530 
3 0.768827 0.535209 0.751209 0.653895 0.700265 0.759720 0.621515 0.841215 0.523493 0.889550 0.416821 0.899487 0.313059 0.869948 0.223451 0.804135 0.157707 0.709180 0.122952 0.595372 0.122952 0.475045 0.157707 0.361237 0.223451 0.266282 0.313059 0.200469 0.416821 0.170931 0.523493 0.180867 0.621515 0.229202 0.700265 0.310698 0.751209 0.416522 0.768827 0.535209
22 0.456798 0.027673 0.543225 0.027673 0.543225 0.140152 0.456798 0.140152
22 0.036097 0.634580 0.114657 0.634580 0.114657 0.747997 0.036097 0.747997
22 0.753135 0.654418 0.830392 0.654418 0.830392 0.769373 0.753135 0.769373
18 0.769518 0.316416 0.953996 0.316416 0.953996 0.432538 0.769518 0.432538
