13 0.095873 0.813632 0.111683 0.813632 0.111683 0.846553 0.095873 0.846553 0.095873 0.813632
13 0.730095 0.814095 0.745905 0.814095 0.745905 0.847016 0.730095 0.847016 0.730095 0.814095
13 0.861703 0.187787 0.877513 0.187787 0.877513 0.220709 0.861703 0.220709 0.861703 0.187787
13 0.227809 0.188400 0.243619 0.188400 0.243619 0.221322 0.227809 0.221322 0.227809 0.188400
13 0.479206 0.501132 0.495016 0.501132 0.495016 0.534053 0.479206 0.534053 0.479206 0.501132
9 0.103776 0.838323 0.103779 0.821862 0.738001 0.822325 0.737999 0.838786 
9 0.865987 0.200949 0.873229 0.207548 0.741621 0.833855 0.734379 0.827256 
9 0.235716 0.213092 0.235712 0.196631 0.869606 0.196018 0.869610 0.212479 
9 0.232096 0.201550 0.239333 0.208172 0.107396 0.833404 0.100159 0.826782 
9 0.105222 0.837754 0.102334 0.822431 0.868164 0.196587 0.871052 0.211910 
9 0.233685 0.211924 0.237743 0.197798 0.740029 0.823492 0.735971 0.837619 
22 0.465224 0.356784 0.514901 0.356784 0.514901 0.477028 0.465224 0.477028
22 0.735979 0.835911 0.790375 0.835911 0.790375 0.957078 0.735979 0.957078
22 0.043245 0.836101 0.097179 0.836101 0.097179 0.956816 0.043245 0.956816
22 0.183510 0.082863 0.235028 0.082863 0.235028 0.201833 0.183510 0.201833
22 0.877483 0.082339 0.929615 0.082339 0.929615 0.202442 0.877483 0.202442
