13 0.055725 0.772255 0.092423 0.772255 0.092423 0.809121 0.055725 0.809121 0.055725 0.772255
13 0.462922 0.768868 0.499620 0.768868 0.499620 0.805735 0.462922 0.805735 0.462922 0.768868
13 0.876538 0.771363 0.913235 0.771363 0.913235 0.808229 0.876538 0.808229 0.876538 0.771363
13 0.466197 0.055167 0.502894 0.055167 0.502894 0.092033 0.466197 0.092033 0.466197 0.055167
9 0.476592 0.069005 0.492499 0.078195 0.082027 0.795282 0.066121 0.786093 
9 0.074084 0.799904 0.074064 0.781471 0.894876 0.780579 0.894896 0.799013 
9 0.476594 0.078198 0.492497 0.069002 0.902838 0.785198 0.886935 0.794394 
9 0.475371 0.073558 0.493720 0.073642 0.490445 0.787344 0.472097 0.787259 
2 0.203869 0.383191 0.340768 0.383191 0.340768 0.490058 0.203869 0.490058
2 0.620576 0.380510 0.759307 0.380510 0.759307 0.488404 0.620576 0.488404
12 0.366362 0.664138 0.505858 0.664138 0.505858 0.806803 0.366362 0.806803
18 0.588558 0.617885 0.775616 0.617885 0.775616 0.754027 0.588558 0.754027
19 0.381013 0.425416 0.458793 0.425416 0.458793 0.544143 0.381013 0.544143
19 0.420251 0.808867 0.554367 0.808867 0.554367 0.932269 0.420251 0.932269
