13 0.028759 0.796013 0.049812 0.796013 0.049812 0.834290 0.028759 0.834290 0.028759 0.796013
13 0.266653 0.057085 0.287706 0.057085 0.287706 0.095363 0.266653 0.095363 0.266653 0.057085
13 0.940696 0.796821 0.961749 0.796821 0.961749 0.835098 0.940696 0.835098 0.940696 0.796821
9 0.039283 0.824721 0.039288 0.805582 0.951225 0.806390 0.951220 0.825529 
9 0.272637 0.071390 0.281722 0.081058 0.043828 0.819986 0.034744 0.810317 
9 0.274460 0.084416 0.279899 0.068031 0.953942 0.807767 0.948502 0.824152 
12 0.241209 0.052952 0.331826 0.052952 0.331826 0.224950 0.241209 0.224950
18 0.085152 0.661979 0.191895 0.661979 0.191895 0.796396 0.085152 0.796396
19 0.102111 0.360801 0.149196 0.360801 0.149196 0.463757 0.102111 0.463757
19 0.438087 0.841725 0.491434 0.841725 0.491434 0.966663 0.438087 0.966663
19 0.576758 0.270000 0.655593 0.270000 0.655593 0.402037 0.576758 0.402037
