13 0.041118 0.777399 0.060031 0.777399 0.060031 0.811734 0.041118 0.811734 0.041118 0.777399
13 0.192210 0.722227 0.211123 0.722227 0.211123 0.756561 0.192210 0.756561 0.192210 0.722227
13 0.765852 0.516615 0.784765 0.516615 0.784765 0.550950 0.765852 0.550950 0.765852 0.516615
13 0.924602 0.461093 0.943514 0.461093 0.943514 0.495428 0.924602 0.495428 0.924602 0.461093
13 0.460544 0.237378 0.479456 0.237378 0.479456 0.271713 0.460544 0.271713 0.460544 0.237378
9 0.051490 0.802988 0.049660 0.786145 0.933143 0.469839 0.934973 0.486682 
9 0.205002 0.745478 0.198331 0.733310 0.466665 0.248462 0.473335 0.260629 
9 0.467873 0.262211 0.472127 0.246880 0.777436 0.526116 0.773181 0.541448 
22 0.434530 0.069068 0.498158 0.069068 0.498158 0.221919 0.434530 0.221919
22 0.743866 0.566416 0.810729 0.566416 0.810729 0.722331 0.743866 0.722331
22 0.164636 0.773419 0.238192 0.773419 0.238192 0.924036 0.164636 0.924036
