13 0.498568 0.162523 0.518128 0.162523 0.518128 0.184144 0.498568 0.184144 0.498568 0.162523
13 0.147545 0.837501 0.167104 0.837501 0.167104 0.859122 0.147545 0.859122 0.147545 0.837501
13 0.500583 0.837761 0.520143 0.837761 0.520143 0.859382 0.500583 0.859382 0.500583 0.837761
13 0.852914 0.837761 0.872474 0.837761 0.872474 0.859382 0.852914 0.859382 0.852914 0.837761
9 0.504118 0.176046 0.512578 0.170621 0.866924 0.845859 0.858464 0.851284 
9 0.157323 0.853717 0.157326 0.842906 0.862696 0.843166 0.862693 0.853977 
9 0.504108 0.170639 0.512587 0.176027 0.161564 0.851006 0.153085 0.845618 
9 0.503458 0.173351 0.513238 0.173316 0.515253 0.848554 0.505473 0.848589 
18 0.376726 0.418625 0.503620 0.418625 0.503620 0.514301 0.376726 0.514301
18 0.222186 0.730668 0.348837 0.730668 0.348837 0.825989 0.222186 0.825989
18 0.656809 0.730290 0.783921 0.730290 0.783921 0.825342 0.656809 0.825342
19 0.304209 0.867984 0.356654 0.867984 0.356654 0.945455 0.304209 0.945455
22 0.472027 0.864158 0.548047 0.864158 0.548047 0.964767 0.472027 0.964767
22 0.875417 0.826892 0.947126 0.826892 0.947126 0.930199 0.875417 0.930199
22 0.051157 0.834996 0.131496 0.834996 0.131496 0.938000 0.051157 0.938000
22 0.462267 0.044430 0.564444 0.044430 0.564444 0.146044 0.462267 0.146044
12 0.404228 0.731101 0.520945 0.731101 0.520945 0.859047 0.404228 0.859047
