13 0.287975 0.189745 0.303692 0.189745 0.303692 0.216864 0.287975 0.216864 0.287975 0.189745
13 0.697350 0.189745 0.713067 0.189745 0.713067 0.216864 0.697350 0.216864 0.697350 0.189745
13 0.492141 0.322648 0.507859 0.322648 0.507859 0.349766 0.492141 0.349766 0.492141 0.322648
13 0.094641 0.477102 0.110359 0.477102 0.110359 0.504220 0.094641 0.504220 0.094641 0.477102
13 0.889334 0.475854 0.905052 0.475854 0.905052 0.502973 0.889334 0.502973 0.889334 0.475854
13 0.492141 0.798814 0.507859 0.798814 0.507859 0.825933 0.492141 0.825933 0.492141 0.798814
9 0.496071 0.329427 0.503929 0.329427 0.503929 0.819153 0.496071 0.819153 
9 0.501381 0.342554 0.498619 0.329860 0.703828 0.196957 0.706589 0.209652 
9 0.702640 0.208435 0.707777 0.198174 0.899761 0.484282 0.894625 0.494544 
9 0.501675 0.818506 0.498325 0.806240 0.895518 0.483280 0.898868 0.495546 
9 0.701811 0.199897 0.708605 0.206712 0.503397 0.815781 0.496603 0.808966 
9 0.292432 0.206699 0.299235 0.199910 0.503401 0.808979 0.496599 0.815768 
9 0.294446 0.209648 0.297220 0.196961 0.501387 0.329864 0.498613 0.342550 
9 0.105064 0.495798 0.099936 0.485524 0.293269 0.198168 0.298398 0.208441 
9 0.100831 0.496799 0.104169 0.484523 0.501669 0.806235 0.498331 0.818511 
22 0.275710 0.065211 0.316735 0.065211 0.316735 0.178507 0.275710 0.178507
22 0.673867 0.063553 0.745307 0.063553 0.745307 0.177870 0.673867 0.177870
22 0.465490 0.190283 0.525954 0.190283 0.525954 0.302159 0.465490 0.302159
2 0.169998 0.277219 0.233521 0.277219 0.233521 0.395369 0.169998 0.395369
2 0.768128 0.278329 0.829371 0.278329 0.829371 0.395590 0.768128 0.395590
22 0.030786 0.430447 0.091860 0.430447 0.091860 0.546224 0.030786 0.546224
22 0.900109 0.429824 0.964039 0.429824 0.964039 0.547592 0.900109 0.547592
5 0.259385 0.570312 0.318516 0.570312 0.318516 0.709849 0.259385 0.709849
5 0.682824 0.571662 0.741047 0.571662 0.741047 0.708907 0.682824 0.708907
22 0.462877 0.825652 0.528043 0.825652 0.528043 0.939593 0.462877 0.939593
