13 0.220392 0.167694 0.244634 0.167694 0.244634 0.194449 0.220392 0.194449 0.220392 0.167694
13 0.949019 0.167847 0.973261 0.167847 0.973261 0.194602 0.949019 0.194602 0.949019 0.167847
13 0.332438 0.832336 0.356681 0.832336 0.356681 0.859092 0.332438 0.859092 0.332438 0.832336
13 0.841182 0.831622 0.865424 0.831622 0.865424 0.858378 0.841182 0.858378 0.841182 0.831622
9 0.226555 0.182295 0.238471 0.179848 0.350518 0.844491 0.338601 0.846938 
9 0.232512 0.187760 0.232514 0.174382 0.961141 0.174536 0.961139 0.187913 
9 0.955174 0.180044 0.967105 0.182405 0.859269 0.846181 0.847338 0.843819 
9 0.344567 0.852403 0.344552 0.839025 0.853295 0.838311 0.853311 0.851689 
5 0.224427 0.466273 0.348349 0.466273 0.348349 0.558788 0.224427 0.558788
5 0.845305 0.466549 0.969514 0.466549 0.969514 0.557274 0.845305 0.557274
19 0.561703 0.861692 0.624847 0.861692 0.624847 0.943380 0.561703 0.943380
19 0.458078 0.043000 0.736677 0.043000 0.736677 0.155669 0.458078 0.155669
19 0.012567 0.378284 0.236620 0.378284 0.236620 0.481389 0.012567 0.481389
