13 0.330435 0.186881 0.351768 0.186881 0.351768 0.215658 0.330435 0.215658 0.330435 0.186881
13 0.748279 0.187199 0.769612 0.187199 0.769612 0.215976 0.748279 0.215976 0.748279 0.187199
13 0.063486 0.741167 0.084819 0.741167 0.084819 0.769944 0.063486 0.769944 0.063486 0.741167
13 0.902469 0.741167 0.923802 0.741167 0.923802 0.769944 0.902469 0.769944 0.902469 0.741167
9 0.074153 0.762750 0.074153 0.748361 0.913136 0.748361 0.913136 0.762750 
9 0.753952 0.204116 0.763938 0.199059 0.918129 0.753027 0.908143 0.758084 
9 0.341099 0.208464 0.341105 0.194076 0.758948 0.194393 0.758942 0.208782 
9 0.336629 0.197351 0.345574 0.205189 0.078625 0.759475 0.069680 0.751636 
22 0.297676 0.055442 0.378596 0.055442 0.378596 0.172696 0.297676 0.172696
22 0.720679 0.053348 0.809596 0.053348 0.809596 0.178292 0.720679 0.178292
22 0.027209 0.778559 0.110260 0.778559 0.110260 0.900477 0.027209 0.900477
22 0.882682 0.777303 0.963528 0.777303 0.963528 0.900393 0.882682 0.900393
