13 0.038824 0.524511 0.061812 0.524511 0.061812 0.559445 0.038824 0.559445 0.038824 0.524511
13 0.250567 0.068247 0.273556 0.068247 0.273556 0.103182 0.250567 0.103182 0.250567 0.068247
13 0.900294 0.784574 0.923283 0.784574 0.923283 0.819508 0.900294 0.819508 0.900294 0.784574
9 0.257365 0.080681 0.266758 0.090748 0.055015 0.547012 0.045621 0.536945 
9 0.258687 0.092783 0.265436 0.078645 0.915163 0.794972 0.908414 0.809110 
9 0.049198 0.550544 0.051438 0.533412 0.912908 0.793475 0.910669 0.810607 
12 0.219398 0.066754 0.318592 0.066754 0.318592 0.224409 0.219398 0.224409
19 0.551445 0.293086 0.605320 0.293086 0.605320 0.390080 0.551445 0.390080
19 0.078136 0.208982 0.133356 0.208982 0.133356 0.328302 0.078136 0.328302
19 0.368581 0.685132 0.454576 0.685132 0.454576 0.805150 0.368581 0.805150
