13 0.262762 0.824158 0.292066 0.824158 0.292066 0.860032 0.262762 0.860032 0.262762 0.824158
13 0.317854 0.447063 0.347158 0.447063 0.347158 0.482937 0.317854 0.482937 0.317854 0.447063
13 0.492963 0.496137 0.522267 0.496137 0.522267 0.532011 0.492963 0.532011 0.492963 0.496137
13 0.670756 0.546671 0.700061 0.546671 0.700061 0.582546 0.670756 0.582546 0.670756 0.546671
13 0.725535 0.176120 0.754839 0.176120 0.754839 0.211994 0.725535 0.211994 0.725535 0.176120
9 0.734671 0.188154 0.745702 0.199960 0.282930 0.847998 0.271899 0.836192 
9 0.280972 0.849935 0.273856 0.834255 0.681851 0.556768 0.688966 0.572448 
9 0.732978 0.192460 0.747396 0.195654 0.692617 0.566205 0.678200 0.563011 
9 0.325294 0.463421 0.339717 0.466579 0.284626 0.843674 0.270203 0.840516 
9 0.336001 0.472882 0.329011 0.457118 0.736692 0.186175 0.743682 0.201939 
9 0.330860 0.473739 0.334152 0.456261 0.687054 0.555869 0.683763 0.573348 
1 0.263736 0.605381 0.410256 0.605381 0.410256 0.659193 0.263736 0.659193
1 0.582418 0.179372 0.684982 0.179372 0.684982 0.278027 0.582418 0.278027
1 0.695971 0.242152 0.805861 0.242152 0.805861 0.349776 0.695971 0.349776
1 0.575092 0.560538 0.652015 0.560538 0.652015 0.713004 0.575092 0.713004
7 0.377164 0.623549 0.412638 0.623549 0.412638 0.659627 0.377164 0.659627
7 0.615429 0.561264 0.650347 0.561264 0.650347 0.596430 0.615429 0.596430
7 0.694856 0.238270 0.725838 0.238270 0.725838 0.279068 0.694856 0.279068
7 0.647694 0.239002 0.684990 0.239002 0.684990 0.274689 0.647694 0.274689
18 0.638598 0.653502 0.812858 0.653502 0.812858 0.762585 0.638598 0.762585
22 0.697264 0.521343 0.767263 0.521343 0.767263 0.620432 0.697264 0.620432
19 0.117678 0.573436 0.265046 0.573436 0.265046 0.676033 0.117678 0.676033
22 0.263510 0.363702 0.337698 0.363702 0.337698 0.463033 0.263510 0.463033
22 0.558776 0.424223 0.627762 0.424223 0.627762 0.519476 0.558776 0.519476
22 0.190731 0.836838 0.267439 0.836838 0.267439 0.934135 0.190731 0.934135
19 0.461555 0.245094 0.516204 0.245094 0.516204 0.338101 0.461555 0.338101
22 0.710238 0.072989 0.783374 0.072989 0.783374 0.171924 0.710238 0.171924
19 0.717818 0.370387 0.772082 0.370387 0.772082 0.463607 0.717818 0.463607
18 0.553213 0.070335 0.674008 0.070335 0.674008 0.177213 0.553213 0.177213
18 0.799546 0.254861 0.914507 0.254861 0.914507 0.362103 0.799546 0.362103
