13 0.872500 0.802926 0.889098 0.802926 0.889098 0.821359 0.872500 0.821359 0.872500 0.802926
13 0.488265 0.802847 0.504862 0.802847 0.504862 0.821280 0.488265 0.821280 0.488265 0.802847
13 0.101667 0.802847 0.118264 0.802847 0.118264 0.821280 0.101667 0.821280 0.101667 0.802847
13 0.486547 0.556498 0.503144 0.556498 0.503144 0.574931 0.486547 0.574931 0.486547 0.556498
13 0.295252 0.434593 0.311850 0.434593 0.311850 0.453026 0.295252 0.453026 0.295252 0.434593
13 0.680548 0.433900 0.697146 0.433900 0.697146 0.452333 0.680548 0.452333 0.680548 0.433900
13 0.486547 0.065069 0.503144 0.065069 0.503144 0.083502 0.486547 0.083502 0.486547 0.065069
9 0.109965 0.816672 0.109966 0.807455 0.880799 0.807535 0.880799 0.816751 
9 0.491257 0.076601 0.498433 0.071971 0.884387 0.809828 0.877211 0.814458 
9 0.491255 0.071976 0.498436 0.076596 0.113556 0.814374 0.106375 0.809753 
9 0.490696 0.074298 0.498995 0.074274 0.500713 0.812052 0.492414 0.812075 
9 0.112031 0.816060 0.107900 0.808067 0.686782 0.439120 0.690913 0.447114 
9 0.301484 0.447805 0.305618 0.439814 0.882866 0.808147 0.878732 0.816139 
22 0.425589 0.005449 0.482235 0.005449 0.482235 0.086890 0.425589 0.086890
19 0.678674 0.250745 0.810873 0.250745 0.810873 0.333438 0.678674 0.333438
19 0.432673 0.269986 0.482803 0.269986 0.482803 0.351280 0.432673 0.351280
12 0.293892 0.368538 0.401980 0.368538 0.401980 0.488030 0.293892 0.488030
12 0.585139 0.368829 0.694843 0.368829 0.694843 0.486960 0.585139 0.486960
7 0.531224 0.433735 0.587793 0.433735 0.587793 0.510282 0.531224 0.510282
22 0.375748 0.530435 0.434235 0.530435 0.434235 0.609830 0.375748 0.609830
12 0.412319 0.720412 0.508958 0.720412 0.508958 0.828714 0.412319 0.828714
22 0.028723 0.801877 0.086643 0.801877 0.086643 0.884665 0.028723 0.884665
22 0.900178 0.800257 0.955199 0.800257 0.955199 0.883204 0.900178 0.883204
19 0.457127 0.844435 0.535613 0.844435 0.535613 0.926703 0.457127 0.926703
1 0.085062 0.859447 0.460581 0.859447 0.460581 0.923963 0.085062 0.923963
1 0.541494 0.864055 0.894191 0.864055 0.894191 0.921659 0.541494 0.921659
1 0.531120 0.285714 0.686722 0.285714 0.686722 0.509217 0.531120 0.509217
8 0.826569 0.865908 0.897801 0.865908 0.897801 0.918387 0.826569 0.918387
8 0.088114 0.865701 0.159851 0.865701 0.159851 0.919765 0.088114 0.919765
