13 0.109841 0.205421 0.139253 0.205421 0.139253 0.237809 0.109841 0.237809 0.109841 0.205421
13 0.348637 0.385983 0.378049 0.385983 0.378049 0.418371 0.348637 0.418371 0.348637 0.385983
13 0.110768 0.771858 0.140179 0.771858 0.140179 0.804246 0.110768 0.804246 0.110768 0.771858
13 0.865976 0.772897 0.895388 0.772897 0.895388 0.805285 0.865976 0.805285 0.865976 0.772897
9 0.117194 0.221629 0.131900 0.221600 0.132826 0.788037 0.118121 0.788067 
9 0.120406 0.228306 0.128688 0.214924 0.884823 0.782400 0.876541 0.795782 
9 0.125464 0.796149 0.125483 0.779955 0.880691 0.780994 0.880673 0.797188 
9 0.357260 0.397629 0.369427 0.406725 0.131557 0.792600 0.119390 0.783504 
22 0.071159 0.056592 0.172852 0.056592 0.172852 0.188431 0.071159 0.188431
19 0.239635 0.169353 0.318718 0.169353 0.318718 0.292927 0.239635 0.292927
22 0.358369 0.252946 0.474516 0.252946 0.474516 0.385565 0.358369 0.385565
12 0.301245 0.388174 0.442547 0.388174 0.442547 0.548870 0.301245 0.548870
19 0.635456 0.476799 0.715283 0.476799 0.715283 0.597219 0.635456 0.597219
12 0.101780 0.666122 0.231766 0.666122 0.231766 0.808220 0.101780 0.808220
22 0.053683 0.806745 0.175941 0.806745 0.175941 0.942529 0.053683 0.942529
22 0.834440 0.809575 0.947153 0.809575 0.947153 0.942771 0.834440 0.942771
