13 0.090270 0.202568 0.100003 0.202568 0.100003 0.218861 0.090270 0.218861 0.090270 0.202568
13 0.090270 0.792568 0.100003 0.792568 0.100003 0.808861 0.090270 0.808861 0.090270 0.792568
13 0.483188 0.793486 0.492921 0.793486 0.492921 0.809779 0.483188 0.809779 0.483188 0.793486
13 0.876107 0.792568 0.885839 0.792568 0.885839 0.808861 0.876107 0.808861 0.876107 0.792568
13 0.876107 0.202568 0.885839 0.202568 0.885839 0.218861 0.876107 0.218861 0.876107 0.202568
9 0.095137 0.804788 0.095137 0.796641 0.880973 0.796641 0.880973 0.804788 
9 0.878540 0.206641 0.883406 0.206641 0.883406 0.804788 0.878540 0.804788 
9 0.489681 0.804663 0.486429 0.798602 0.879347 0.207684 0.882599 0.213744 
9 0.093511 0.213744 0.096762 0.207684 0.489681 0.798602 0.486429 0.804663 
9 0.092703 0.206641 0.097570 0.206641 0.097570 0.804788 0.092703 0.804788 
12 0.836044 0.722577 0.891776 0.722577 0.891776 0.818621 0.836044 0.818621
12 0.083934 0.722777 0.140118 0.722777 0.140118 0.818866 0.083934 0.818866
19 0.612618 0.820567 0.759790 0.820567 0.759790 0.912312 0.612618 0.912312
22 0.049976 0.816195 0.096943 0.816195 0.096943 0.908986 0.049976 0.908986
22 0.048283 0.099166 0.097276 0.099166 0.097276 0.189664 0.048283 0.189664
22 0.463801 0.815416 0.507990 0.815416 0.507990 0.906326 0.463801 0.906326
19 0.198844 0.819766 0.368681 0.819766 0.368681 0.913338 0.198844 0.913338
22 0.884020 0.815170 0.934237 0.815170 0.934237 0.907296 0.884020 0.907296
22 0.885522 0.097208 0.932047 0.097208 0.932047 0.188101 0.885522 0.188101
19 0.891219 0.468180 0.968276 0.468180 0.968276 0.553659 0.891219 0.553659
