13 0.320233 0.197293 0.336138 0.197293 0.336138 0.214135 0.320233 0.214135 0.320233 0.197293
13 0.319075 0.794436 0.334979 0.794436 0.334979 0.811278 0.319075 0.811278 0.319075 0.794436
13 0.540696 0.814436 0.556601 0.814436 0.556601 0.831278 0.540696 0.831278 0.540696 0.814436
13 0.765021 0.468722 0.780925 0.468722 0.780925 0.485564 0.765021 0.485564 0.765021 0.468722
13 0.453052 0.494436 0.468956 0.494436 0.468956 0.511278 0.453052 0.511278 0.453052 0.494436
9 0.326689 0.807052 0.327365 0.798662 0.548986 0.818662 0.548311 0.827052 
9 0.769696 0.474758 0.776250 0.479527 0.551926 0.825242 0.545372 0.820473 
9 0.326200 0.209362 0.330171 0.202066 0.774958 0.473495 0.770988 0.480791 
9 0.324209 0.205706 0.332161 0.205723 0.331003 0.802866 0.323051 0.802848 
3 0.771454 0.503387 0.754489 0.611049 0.705431 0.707043 0.629597 0.780968 0.535204 0.824813 0.432482 0.833827 0.332562 0.807032 0.246272 0.747333 0.182963 0.661198 0.149495 0.557962 0.149495 0.448812 0.182963 0.345576 0.246272 0.259442 0.332562 0.199742 0.432482 0.172947 0.535204 0.181961 0.629597 0.225806 0.705431 0.299731 0.754489 0.395726 0.771454 0.503387
22 0.249947 0.818640 0.347379 0.818640 0.347379 0.913021 0.249947 0.913021
22 0.791222 0.418449 0.862320 0.418449 0.862320 0.511595 0.791222 0.511595
22 0.476728 0.507746 0.551365 0.507746 0.551365 0.601044 0.476728 0.601044
22 0.256779 0.099326 0.333752 0.099326 0.333752 0.194056 0.256779 0.194056
18 0.341923 0.292772 0.463002 0.292772 0.463002 0.386877 0.341923 0.386877
22 0.527467 0.833172 0.605539 0.833172 0.605539 0.928926 0.527467 0.928926
18 0.341357 0.692288 0.463081 0.692288 0.463081 0.786952 0.341357 0.786952
