13 0.059581 0.068397 0.086071 0.068397 0.086071 0.096175 0.059581 0.096175 0.059581 0.068397
13 0.830290 0.068216 0.856781 0.068216 0.856781 0.095994 0.830290 0.095994 0.830290 0.068216
13 0.445994 0.066683 0.472484 0.066683 0.472484 0.094460 0.445994 0.094460 0.445994 0.066683
13 0.057836 0.472878 0.084326 0.472878 0.084326 0.500656 0.057836 0.500656 0.057836 0.472878
13 0.060125 0.877540 0.086615 0.877540 0.086615 0.905317 0.060125 0.905317 0.060125 0.877540
13 0.446735 0.879791 0.473225 0.879791 0.473225 0.907569 0.446735 0.907569 0.446735 0.879791
13 0.829690 0.877254 0.856180 0.877254 0.856180 0.905032 0.829690 0.905032 0.829690 0.877254
13 0.828240 0.493730 0.854731 0.493730 0.854731 0.521508 0.828240 0.521508 0.828240 0.493730
13 0.444949 0.471386 0.471439 0.471386 0.471439 0.499164 0.444949 0.499164 0.444949 0.471386
9 0.066204 0.082291 0.079449 0.082281 0.079992 0.891424 0.066747 0.891433 
9 0.073372 0.898373 0.073367 0.884484 0.842932 0.884198 0.842937 0.898087 
9 0.836913 0.082100 0.850158 0.082111 0.849557 0.891148 0.836312 0.891137 
9 0.072828 0.089230 0.072825 0.075341 0.843534 0.075161 0.843537 0.089050 
3 0.842515 0.484987 0.821573 0.616585 0.761017 0.733922 0.667409 0.824283 0.550893 0.877876 0.424095 0.888893 0.300756 0.856141 0.194242 0.783169 0.116094 0.677884 0.074782 0.551696 0.074782 0.418278 0.116094 0.292090 0.194242 0.186805 0.300756 0.113833 0.424095 0.081081 0.550893 0.092098 0.667409 0.145691 0.761017 0.236052 0.821573 0.353389 0.842515 0.484987
12 0.759361 0.061221 0.862364 0.061221 0.862364 0.170770 0.759361 0.170770
12 0.054737 0.061815 0.157396 0.061815 0.157396 0.171868 0.054737 0.171868
12 0.055399 0.802136 0.157447 0.802136 0.157447 0.911989 0.055399 0.911989
12 0.759618 0.801440 0.861924 0.801440 0.861924 0.911059 0.759618 0.911059
19 0.864616 0.433473 0.967080 0.433473 0.967080 0.532437 0.864616 0.532437
