13 0.069642 0.657204 0.084997 0.657204 0.084997 0.674225 0.069642 0.674225 0.069642 0.657204
13 0.239745 0.561285 0.255100 0.561285 0.255100 0.578307 0.239745 0.578307 0.239745 0.561285
13 0.729436 0.638836 0.744791 0.638836 0.744791 0.655858 0.729436 0.655858 0.729436 0.638836
13 0.878276 0.792204 0.893631 0.792204 0.893631 0.809225 0.878276 0.809225 0.878276 0.792204
13 0.509259 0.408632 0.524614 0.408632 0.524614 0.425653 0.509259 0.425653 0.509259 0.408632
13 0.708817 0.298428 0.724172 0.298428 0.724172 0.315449 0.708817 0.315449 0.708817 0.298428
13 0.884719 0.197918 0.900074 0.197918 0.900074 0.214939 0.884719 0.214939 0.884719 0.197918
13 0.347133 0.241966 0.362489 0.241966 0.362489 0.258987 0.347133 0.258987 0.347133 0.241966
13 0.209462 0.099347 0.224817 0.099347 0.224817 0.116368 0.209462 0.116368 0.209462 0.099347
9 0.079059 0.669508 0.075580 0.661921 0.890657 0.202635 0.894136 0.210222 
9 0.214518 0.110966 0.219760 0.104748 0.888575 0.797605 0.883333 0.803823 
3 0.775733 0.495761 0.761209 0.592242 0.719211 0.678269 0.654290 0.744518 0.573481 0.783810 0.485542 0.791887 0.400001 0.767875 0.326129 0.714375 0.271930 0.637184 0.243278 0.544668 0.243278 0.446853 0.271930 0.354337 0.326129 0.277146 0.400001 0.223646 0.485542 0.199634 0.573481 0.207711 0.654290 0.247003 0.719211 0.313252 0.761209 0.399279 0.775733 0.495761
18 0.375623 0.803274 0.526975 0.803274 0.526975 0.895573 0.375623 0.895573
22 0.178522 0.607285 0.249658 0.607285 0.249658 0.698572 0.178522 0.698572
22 0.326587 0.127417 0.399493 0.127417 0.399493 0.218475 0.326587 0.218475
22 0.696501 0.177070 0.772042 0.177070 0.772042 0.270959 0.696501 0.270959
16 0.485141 0.450956 0.535184 0.450956 0.535184 0.535278 0.485141 0.535278
22 0.703519 0.695068 0.777550 0.695068 0.777550 0.788048 0.703519 0.788048
18 0.517027 0.080735 0.636208 0.080735 0.636208 0.176641 0.517027 0.176641
