13 0.601332 0.172311 0.629110 0.172311 0.629110 0.213978 0.601332 0.213978 0.601332 0.172311
13 0.119801 0.778558 0.147579 0.778558 0.147579 0.820224 0.119801 0.820224 0.119801 0.778558
13 0.841793 0.783712 0.869571 0.783712 0.869571 0.825379 0.841793 0.825379 0.841793 0.783712
13 0.479402 0.783200 0.507180 0.783200 0.507180 0.824866 0.479402 0.824866 0.479402 0.783200
9 0.131824 0.813521 0.131842 0.792688 0.855691 0.794129 0.855673 0.814962 
9 0.133221 0.812917 0.124255 0.797006 0.608262 0.183332 0.617228 0.199243 
9 0.610467 0.194697 0.622451 0.184166 0.863216 0.800624 0.851232 0.811155 
9 0.607333 0.184571 0.620633 0.190577 0.497465 0.804251 0.484165 0.798245 
22 0.579861 0.052083 0.652778 0.052083 0.652778 0.171875 0.579861 0.171875
18 0.437500 0.406250 0.548611 0.406250 0.548611 0.520833 0.437500 0.520833
18 0.680556 0.671875 0.795139 0.671875 0.795139 0.786458 0.680556 0.786458
18 0.204861 0.687500 0.315972 0.687500 0.315972 0.796875 0.204861 0.796875
22 0.048611 0.734375 0.118056 0.734375 0.118056 0.854167 0.048611 0.854167
2 0.309028 0.744792 0.343750 0.744792 0.343750 0.859375 0.309028 0.859375
2 0.631944 0.744792 0.666667 0.744792 0.666667 0.859375 0.631944 0.859375
22 0.861111 0.734375 0.930556 0.734375 0.930556 0.854167 0.861111 0.854167
22 0.437500 0.822917 0.524306 0.822917 0.524306 0.942708 0.437500 0.942708
