13 0.933044 0.112487 0.953094 0.112487 0.953094 0.135676 0.933044 0.135676 0.933044 0.112487
13 0.112595 0.270604 0.132645 0.270604 0.132645 0.293792 0.112595 0.293792 0.112595 0.270604
13 0.508362 0.476977 0.528413 0.476977 0.528413 0.500166 0.508362 0.500166 0.508362 0.476977
13 0.918193 0.694120 0.938243 0.694120 0.938243 0.717308 0.918193 0.717308 0.918193 0.694120
13 0.064994 0.858296 0.085044 0.858296 0.085044 0.881484 0.064994 0.881484 0.064994 0.858296
9 0.075842 0.875609 0.074196 0.864172 0.927395 0.699996 0.929041 0.711433 
9 0.120546 0.287475 0.124694 0.276920 0.930292 0.700437 0.926144 0.710992 
9 0.123444 0.287916 0.121796 0.276480 0.942245 0.118363 0.943893 0.129800 
9 0.078008 0.874544 0.072030 0.865237 0.940080 0.119428 0.946059 0.128735 
22 0.892560 0.005281 0.967179 0.005281 0.967179 0.102757 0.892560 0.102757
10 0.476043 0.165030 0.569685 0.165030 0.569685 0.250649 0.476043 0.250649
22 0.081101 0.160279 0.160354 0.160279 0.160354 0.259428 0.081101 0.259428
22 0.479041 0.513597 0.557628 0.513597 0.557628 0.612382 0.479041 0.612382
22 0.876608 0.722484 0.959382 0.722484 0.959382 0.821994 0.876608 0.821994
10 0.436087 0.752684 0.530473 0.752684 0.530473 0.837847 0.436087 0.837847
22 0.035462 0.877461 0.121373 0.877461 0.121373 0.977239 0.035462 0.977239
