13 0.189657 0.278103 0.214579 0.278103 0.214579 0.306272 0.189657 0.306272 0.189657 0.278103
13 0.812868 0.277262 0.837790 0.277262 0.837790 0.305431 0.812868 0.305431 0.812868 0.277262
13 0.499970 0.487999 0.524892 0.487999 0.524892 0.516168 0.499970 0.516168 0.499970 0.487999
13 0.189834 0.694569 0.214756 0.694569 0.214756 0.722738 0.189834 0.722738 0.189834 0.694569
13 0.812868 0.694569 0.837790 0.694569 0.837790 0.722738 0.812868 0.722738 0.812868 0.694569
9 0.205471 0.714712 0.199119 0.702595 0.822153 0.285288 0.828506 0.297405 
9 0.198947 0.298250 0.205289 0.286125 0.828500 0.702592 0.822158 0.714716 
9 0.202295 0.715696 0.202295 0.701612 0.825329 0.701612 0.825329 0.715696 
9 0.202125 0.299230 0.202110 0.285145 0.825322 0.284304 0.825337 0.298388 
9 0.195887 0.292191 0.208348 0.292184 0.208525 0.708650 0.196064 0.708657 
9 0.819099 0.284304 0.831560 0.284304 0.831560 0.715696 0.819099 0.715696 
3 0.877884 0.499286 0.858047 0.633656 0.800683 0.753465 0.712009 0.845730 0.601635 0.900452 0.481521 0.911702 0.364684 0.878260 0.263784 0.803750 0.189755 0.696247 0.150621 0.567400 0.150621 0.431172 0.189755 0.302326 0.263784 0.194823 0.364684 0.120313 0.481521 0.086871 0.601635 0.098121 0.712009 0.152843 0.800683 0.245108 0.858047 0.364916 0.877884 0.499286
22 0.059181 0.221083 0.169523 0.221083 0.169523 0.339801 0.059181 0.339801
22 0.861148 0.222433 0.961053 0.222433 0.961053 0.340447 0.861148 0.340447
16 0.351155 0.297745 0.409502 0.297745 0.409502 0.399584 0.351155 0.399584
16 0.593696 0.297786 0.659022 0.297786 0.659022 0.401872 0.593696 0.401872
16 0.211395 0.342437 0.275120 0.342437 0.275120 0.448712 0.211395 0.448712
16 0.742998 0.340200 0.804426 0.340200 0.804426 0.446362 0.742998 0.446362
22 0.462984 0.346264 0.556740 0.346264 0.556740 0.460244 0.462984 0.460244
16 0.214686 0.549058 0.278265 0.549058 0.278265 0.655254 0.214686 0.655254
16 0.743559 0.559106 0.807258 0.559106 0.807258 0.664661 0.743559 0.664661
16 0.342424 0.599370 0.408962 0.599370 0.408962 0.699520 0.342424 0.699520
16 0.605708 0.597892 0.669738 0.597892 0.669738 0.703008 0.605708 0.703008
22 0.085006 0.701411 0.186841 0.701411 0.186841 0.823405 0.085006 0.823405
22 0.828467 0.703124 0.918732 0.703124 0.918732 0.819404 0.828467 0.819404
