13 0.847036 0.344243 0.875107 0.344243 0.875107 0.366343 0.847036 0.366343 0.847036 0.344243
13 0.089494 0.450265 0.117564 0.450265 0.117564 0.472364 0.089494 0.472364 0.089494 0.450265
13 0.092251 0.568230 0.120321 0.568230 0.120321 0.590329 0.092251 0.590329 0.092251 0.568230
13 0.842206 0.672924 0.870276 0.672924 0.870276 0.695023 0.842206 0.695023 0.842206 0.672924
9 0.104758 0.466754 0.102301 0.455875 0.859843 0.349853 0.862300 0.360732 
9 0.105060 0.584719 0.107511 0.573839 0.857466 0.678533 0.855015 0.689413 
3 0.916109 0.516398 0.893894 0.621204 0.829659 0.714653 0.730364 0.786618 0.606769 0.829300 0.472267 0.838074 0.341434 0.811990 0.228448 0.753874 0.145552 0.670024 0.101730 0.569526 0.101730 0.463271 0.145552 0.362773 0.228448 0.278923 0.341434 0.220807 0.472267 0.194722 0.606769 0.203497 0.730364 0.246179 0.829659 0.318144 0.893894 0.411592 0.916109 0.516398
18 0.408913 0.090170 0.602024 0.090170 0.602024 0.175559 0.408913 0.175559
19 0.356045 0.280700 0.627015 0.280700 0.627015 0.363798 0.356045 0.363798
19 0.330539 0.674295 0.654726 0.674295 0.654726 0.759248 0.330539 0.759248
18 0.408780 0.852511 0.600158 0.852511 0.600158 0.936541 0.408780 0.936541
