13 0.210397 0.824576 0.234206 0.824576 0.234206 0.866461 0.210397 0.866461 0.210397 0.824576
13 0.673262 0.823175 0.697071 0.823175 0.697071 0.865060 0.673262 0.865060 0.673262 0.823175
13 0.897910 0.145234 0.921720 0.145234 0.921720 0.187119 0.897910 0.187119 0.897910 0.145234
13 0.428523 0.120385 0.452332 0.120385 0.452332 0.162270 0.428523 0.162270 0.428523 0.120385
13 0.555615 0.477006 0.579424 0.477006 0.579424 0.518890 0.555615 0.518890 0.555615 0.477006
9 0.435201 0.136317 0.445654 0.146338 0.227528 0.850528 0.217075 0.840508 
9 0.222312 0.855989 0.222291 0.835047 0.685156 0.833646 0.685177 0.854589 
9 0.904672 0.160903 0.914957 0.171450 0.690309 0.849391 0.680024 0.838844 
9 0.440248 0.151794 0.440606 0.130861 0.909994 0.155710 0.909636 0.176643 
9 0.225217 0.854648 0.219387 0.836389 0.906900 0.157047 0.912730 0.175306 
9 0.435352 0.146797 0.445503 0.135857 0.690242 0.838648 0.680091 0.849588 
5 0.473032 0.306518 0.567093 0.306518 0.567093 0.441761 0.473032 0.441761
5 0.577689 0.603152 0.675444 0.603152 0.675444 0.753629 0.577689 0.753629
2 0.367653 0.574775 0.434448 0.574775 0.434448 0.743130 0.367653 0.743130
2 0.683368 0.257700 0.751567 0.257700 0.751567 0.432629 0.683368 0.432629
1 0.235119 0.361257 0.440476 0.361257 0.440476 0.581152 0.235119 0.581152
7 0.408709 0.524028 0.441579 0.524028 0.441579 0.585573 0.408709 0.585573
19 0.047879 0.317355 0.242868 0.317355 0.242868 0.468311 0.047879 0.468311
19 0.504364 0.190764 0.641671 0.190764 0.641671 0.325746 0.504364 0.325746
