13 0.282214 0.133629 0.304072 0.133629 0.304072 0.155135 0.282214 0.155135 0.282214 0.133629
13 0.691928 0.134191 0.713786 0.134191 0.713786 0.155697 0.691928 0.155697 0.691928 0.134191
13 0.080881 0.474266 0.102738 0.474266 0.102738 0.495771 0.080881 0.495771 0.080881 0.474266
13 0.494785 0.475202 0.516643 0.475202 0.516643 0.496708 0.494785 0.496708 0.494785 0.475202
13 0.894281 0.473054 0.916139 0.473054 0.916139 0.494560 0.894281 0.494560 0.894281 0.473054
13 0.284785 0.816963 0.306643 0.816963 0.306643 0.838468 0.284785 0.838468 0.284785 0.816963
13 0.691928 0.816214 0.713786 0.816214 0.713786 0.837719 0.691928 0.837719 0.691928 0.816214
9 0.293135 0.149758 0.293150 0.139006 0.702865 0.139567 0.702850 0.150320 
9 0.698146 0.147667 0.707569 0.142220 0.909922 0.481084 0.900499 0.486530 
9 0.900483 0.481109 0.909937 0.486505 0.707584 0.829664 0.698131 0.824268 
9 0.295725 0.833092 0.295704 0.822339 0.702847 0.821590 0.702867 0.832343 
9 0.087094 0.487735 0.096525 0.482303 0.300430 0.824999 0.290998 0.830432 
9 0.288419 0.141679 0.297867 0.147085 0.096533 0.487721 0.087086 0.482316 
9 0.500964 0.488613 0.510464 0.483297 0.707607 0.824308 0.698107 0.829624 
3 0.903321 0.483413 0.881385 0.612748 0.817954 0.728067 0.719902 0.816875 0.597854 0.869547 0.465036 0.880375 0.335841 0.848186 0.224269 0.776468 0.142411 0.672993 0.099138 0.548974 0.099138 0.417851 0.142411 0.293832 0.224269 0.190357 0.335841 0.118639 0.465036 0.086450 0.597854 0.097278 0.719902 0.149950 0.817954 0.238758 0.881385 0.354077 0.903321 0.483413
2 0.475410 0.107527 0.524590 0.107527 0.524590 0.193548 0.475410 0.193548
2 0.759563 0.284946 0.836066 0.284946 0.836066 0.341398 0.759563 0.341398
2 0.155738 0.293011 0.234973 0.293011 0.234973 0.352151 0.155738 0.352151
2 0.767760 0.612903 0.844262 0.612903 0.844262 0.672043 0.767760 0.672043
2 0.161202 0.629032 0.240437 0.629032 0.240437 0.688172 0.161202 0.688172
19 0.434686 0.636143 0.589129 0.636143 0.589129 0.725370 0.434686 0.725370
0 0.243169 0.723118 0.396175 0.723118 0.396175 0.833333 0.243169 0.833333
2 0.467213 0.776882 0.516393 0.776882 0.516393 0.862903 0.467213 0.862903
0 0.120219 0.397849 0.193989 0.397849 0.193989 0.572581 0.120219 0.572581
0 0.800546 0.397849 0.874317 0.397849 0.874317 0.569892 0.800546 0.569892
0 0.601093 0.720430 0.754098 0.720430 0.754098 0.827957 0.601093 0.827957
0 0.240437 0.134409 0.398907 0.134409 0.398907 0.250000 0.240437 0.250000
0 0.598361 0.134409 0.748634 0.134409 0.748634 0.247312 0.598361 0.247312
