13 0.700229 0.109391 0.715071 0.109391 0.715071 0.124895 0.700229 0.124895 0.700229 0.109391
13 0.384196 0.355998 0.399038 0.355998 0.399038 0.371502 0.384196 0.371502 0.384196 0.355998
13 0.090940 0.575105 0.105782 0.575105 0.105782 0.590609 0.090940 0.590609 0.090940 0.575105
13 0.419974 0.730529 0.434816 0.730529 0.434816 0.746033 0.419974 0.746033 0.419974 0.730529
13 0.720448 0.868819 0.735290 0.868819 0.735290 0.884323 0.720448 0.884323 0.720448 0.868819
13 0.711142 0.532873 0.725984 0.532873 0.725984 0.548377 0.711142 0.548377 0.711142 0.532873
9 0.705687 0.117871 0.713106 0.117685 0.730531 0.878960 0.723112 0.879145 
9 0.728343 0.875517 0.725300 0.882588 0.095938 0.587072 0.098980 0.580002 
9 0.099644 0.586669 0.095274 0.580404 0.707211 0.114645 0.711582 0.120911 
3 0.718557 0.538929 0.707286 0.609482 0.674695 0.672390 0.624315 0.720835 0.561607 0.749567 0.493364 0.755474 0.426983 0.737915 0.369657 0.698792 0.327598 0.642346 0.305364 0.574694 0.305364 0.503165 0.327598 0.435512 0.369657 0.379066 0.426983 0.339944 0.493364 0.322384 0.561607 0.328291 0.624315 0.357024 0.674695 0.405469 0.707286 0.468376 0.718557 0.538929
22 0.719472 0.044926 0.774084 0.044926 0.774084 0.121090 0.719472 0.121090
22 0.026367 0.575109 0.089108 0.575109 0.089108 0.651784 0.026367 0.651784
22 0.695763 0.890019 0.754339 0.890019 0.754339 0.967380 0.695763 0.967380
1 0.751391 0.525194 0.810761 0.525194 0.810761 0.897287 0.751391 0.897287
8 0.759598 0.524855 0.808907 0.524855 0.808907 0.609246 0.759598 0.609246
8 0.757743 0.809159 0.809738 0.809159 0.809738 0.891579 0.757743 0.891579
1 0.044527 0.294574 0.389610 0.294574 0.389610 0.558140 0.044527 0.558140
1 0.345083 0.054264 0.703154 0.054264 0.703154 0.331395 0.345083 0.331395
8 0.630554 0.052883 0.698633 0.052883 0.698633 0.114434 0.630554 0.114434
8 0.307978 0.294574 0.369202 0.294574 0.369202 0.352713 0.307978 0.352713
8 0.044492 0.495768 0.108934 0.495768 0.108934 0.551410 0.044492 0.551410
19 0.115358 0.342583 0.242757 0.342583 0.242757 0.446278 0.115358 0.446278
19 0.412663 0.112956 0.549095 0.112956 0.549095 0.217077 0.412663 0.217077
19 0.796394 0.668453 0.977093 0.668453 0.977093 0.745475 0.796394 0.745475
8 0.345083 0.273256 0.400742 0.273256 0.400742 0.329457 0.345083 0.329457
