13 0.383356 0.083344 0.402358 0.083344 0.402358 0.111513 0.383356 0.111513 0.383356 0.083344
13 0.319593 0.087428 0.338595 0.087428 0.338595 0.115597 0.319593 0.115597 0.319593 0.087428
13 0.285866 0.254487 0.304868 0.254487 0.304868 0.282656 0.285866 0.282656 0.285866 0.254487
13 0.487959 0.255389 0.506961 0.255389 0.506961 0.283558 0.487959 0.283558 0.487959 0.255389
13 0.883115 0.256273 0.902117 0.256273 0.902117 0.284442 0.883115 0.284442 0.883115 0.256273
13 0.052729 0.256840 0.071731 0.256840 0.071731 0.285009 0.052729 0.285009 0.052729 0.256840
13 0.052275 0.498998 0.071277 0.498998 0.071277 0.527167 0.052275 0.527167 0.052275 0.498998
13 0.236059 0.497915 0.255061 0.497915 0.255061 0.526085 0.236059 0.526085 0.236059 0.497915
13 0.633742 0.497915 0.652744 0.497915 0.652744 0.526085 0.633742 0.526085 0.633742 0.497915
13 0.882845 0.497848 0.901847 0.497848 0.901847 0.526017 0.882845 0.526017 0.882845 0.497848
13 0.052275 0.742106 0.071277 0.742106 0.071277 0.770275 0.052275 0.770275 0.052275 0.742106
13 0.186338 0.739566 0.205340 0.739566 0.205340 0.767735 0.186338 0.767735 0.186338 0.739566
13 0.776781 0.740201 0.795783 0.740201 0.795783 0.768370 0.776781 0.768370 0.776781 0.740201
13 0.882391 0.741404 0.901393 0.741404 0.901393 0.769573 0.882391 0.769573 0.882391 0.741404
13 0.154896 0.895088 0.173899 0.895088 0.173899 0.923257 0.154896 0.923257 0.154896 0.895088
13 0.871880 0.899566 0.890883 0.899566 0.890883 0.927735 0.871880 0.927735 0.871880 0.899566
9 0.062232 0.277967 0.062228 0.263882 0.892614 0.263315 0.892618 0.277399 
9 0.324546 0.099475 0.333641 0.103550 0.168945 0.911211 0.159850 0.907135 
9 0.389304 0.102102 0.396411 0.092755 0.884935 0.908977 0.877828 0.918325 
9 0.061780 0.520125 0.061772 0.506040 0.892342 0.504891 0.892351 0.518975 
9 0.061779 0.763233 0.061773 0.749148 0.891889 0.748446 0.891895 0.762531 
22 0.210052 0.114703 0.282237 0.114703 0.282237 0.239545 0.210052 0.239545
22 0.165486 0.354940 0.231813 0.354940 0.231813 0.483777 0.165486 0.483777
22 0.120601 0.597534 0.180312 0.597534 0.180312 0.726127 0.120601 0.726127
22 0.638807 0.355751 0.710732 0.355751 0.710732 0.482679 0.638807 0.482679
22 0.787307 0.596812 0.848037 0.596812 0.848037 0.723735 0.787307 0.723735
22 0.496423 0.108636 0.560470 0.108636 0.560470 0.237274 0.496423 0.237274
10 0.343855 0.223334 0.432035 0.223334 0.432035 0.311483 0.343855 0.311483
10 0.343461 0.462767 0.432622 0.462767 0.432622 0.553249 0.343461 0.553249
10 0.343348 0.705492 0.432301 0.705492 0.432301 0.795063 0.343348 0.795063
2 0.186155 0.599839 0.258315 0.599839 0.258315 0.664507 0.186155 0.664507
2 0.234197 0.357049 0.307160 0.357049 0.307160 0.421319 0.234197 0.421319
