13 0.207919 0.879625 0.229366 0.879625 0.229366 0.913667 0.207919 0.913667 0.207919 0.879625
13 0.908125 0.880579 0.929573 0.880579 0.929573 0.914621 0.908125 0.914621 0.908125 0.880579
13 0.390519 0.383758 0.411967 0.383758 0.411967 0.417800 0.390519 0.417800 0.390519 0.383758
13 0.076356 0.079883 0.097804 0.079883 0.097804 0.113926 0.076356 0.113926 0.076356 0.079883
9 0.081892 0.099055 0.092268 0.094755 0.223830 0.894496 0.213454 0.898796 
9 0.218638 0.905157 0.218647 0.888135 0.918854 0.889089 0.918844 0.906111 
9 0.084300 0.104182 0.089861 0.089628 0.921629 0.890323 0.916068 0.904877 
9 0.396613 0.396485 0.405872 0.405074 0.223272 0.900941 0.214013 0.892351 
12 0.367347 0.390015 0.455446 0.390015 0.455446 0.532173 0.367347 0.532173
1 0.410188 0.340426 0.662198 0.340426 0.662198 0.591489 0.410188 0.591489
1 0.694370 0.612766 0.946381 0.612766 0.946381 0.863830 0.694370 0.863830
8 0.407587 0.335992 0.461531 0.335992 0.461531 0.405988 0.407587 0.405988
8 0.893295 0.797369 0.947061 0.797369 0.947061 0.860464 0.893295 0.860464
18 0.649813 0.758051 0.760583 0.758051 0.760583 0.882625 0.649813 0.882625
18 0.136857 0.256273 0.242965 0.256273 0.242965 0.382769 0.136857 0.382769
19 0.317032 0.637768 0.366774 0.637768 0.366774 0.733103 0.317032 0.733103
19 0.655452 0.524549 0.706052 0.524549 0.706052 0.635673 0.655452 0.635673
19 0.082474 0.468188 0.134211 0.468188 0.134211 0.584651 0.082474 0.584651
