13 0.114155 0.658273 0.145902 0.658273 0.145902 0.699089 0.114155 0.699089 0.114155 0.658273
13 0.388932 0.169090 0.420678 0.169090 0.420678 0.209906 0.388932 0.209906 0.388932 0.169090
13 0.868148 0.369524 0.899894 0.369524 0.899894 0.410340 0.868148 0.410340 0.868148 0.369524
13 0.717118 0.755856 0.748864 0.755856 0.748864 0.796672 0.717118 0.796672 0.717118 0.755856
9 0.129037 0.688806 0.131020 0.668557 0.733983 0.766140 0.732000 0.786388 
9 0.876930 0.385349 0.891112 0.394515 0.740083 0.780846 0.725900 0.771681 
9 0.402350 0.199202 0.407260 0.179795 0.886476 0.380228 0.881566 0.399636 
9 0.398371 0.183524 0.411239 0.195472 0.136463 0.684656 0.123594 0.672707 
18 0.213430 0.478976 0.556143 0.478976 0.556143 0.690907 0.213430 0.690907
18 0.533375 0.388987 0.859751 0.388987 0.859751 0.523063 0.533375 0.523063
18 0.478217 0.613528 0.786200 0.613528 0.786200 0.740924 0.478217 0.740924
22 0.697159 0.792694 0.779921 0.792694 0.779921 0.907663 0.697159 0.907663
22 0.906770 0.290299 0.982062 0.290299 0.982062 0.402014 0.906770 0.402014
22 0.362856 0.050714 0.446672 0.050714 0.446672 0.163048 0.362856 0.163048
18 0.370148 0.210273 0.450641 0.210273 0.450641 0.330367 0.370148 0.330367
22 0.013757 0.657848 0.112851 0.657848 0.112851 0.772124 0.013757 0.772124
