13 0.075130 0.756029 0.082965 0.756029 0.082965 0.773383 0.075130 0.773383 0.075130 0.756029
13 0.459832 0.756948 0.467668 0.756948 0.467668 0.774302 0.459832 0.774302 0.459832 0.756948
13 0.196082 0.189853 0.203918 0.189853 0.203918 0.207206 0.196082 0.207206 0.196082 0.189853
13 0.565130 0.506029 0.572965 0.506029 0.572965 0.523383 0.565130 0.523383 0.565130 0.506029
13 0.926082 0.812752 0.933918 0.812752 0.933918 0.830105 0.926082 0.830105 0.926082 0.812752
13 0.906082 0.189853 0.913918 0.189853 0.913918 0.207206 0.906082 0.207206 0.906082 0.189853
9 0.079046 0.769044 0.079050 0.760367 0.463752 0.761287 0.463748 0.769963 
9 0.198636 0.201642 0.201364 0.195417 0.465114 0.762512 0.462386 0.768738 
9 0.198229 0.196674 0.201771 0.200385 0.080818 0.766561 0.077277 0.762850 
9 0.569804 0.518708 0.568291 0.510704 0.909243 0.194528 0.910757 0.202531 
9 0.568346 0.518756 0.569749 0.510655 0.930702 0.817378 0.929298 0.825479 
9 0.908046 0.198837 0.911954 0.198222 0.931954 0.821121 0.928046 0.821736 
1 0.196866 0.240781 0.273262 0.240781 0.273262 0.331887 0.196866 0.331887
7 0.196852 0.233984 0.213572 0.233984 0.213572 0.271832 0.196852 0.271832
18 0.247543 0.173468 0.416871 0.173468 0.416871 0.288088 0.247543 0.288088
22 0.915109 0.837966 0.952077 0.837966 0.952077 0.933967 0.915109 0.933967
22 0.034827 0.724937 0.072908 0.724937 0.072908 0.823040 0.034827 0.823040
22 0.887672 0.078281 0.936366 0.078281 0.936366 0.175602 0.887672 0.175602
22 0.184461 0.077972 0.220290 0.077972 0.220290 0.173162 0.184461 0.173162
22 0.469936 0.725913 0.502572 0.725913 0.502572 0.824422 0.469936 0.824422
22 0.524806 0.463488 0.562118 0.463488 0.562118 0.562564 0.524806 0.562564
18 0.615537 0.464276 0.673934 0.464276 0.673934 0.554969 0.615537 0.554969
18 0.099502 0.642231 0.146821 0.642231 0.146821 0.750556 0.099502 0.750556
18 0.847938 0.245876 0.907481 0.245876 0.907481 0.341196 0.847938 0.341196
