13 0.302496 0.595618 0.333868 0.595618 0.333868 0.627239 0.302496 0.627239 0.302496 0.595618
13 0.646246 0.698475 0.677618 0.698475 0.677618 0.730096 0.646246 0.730096 0.646246 0.698475
13 0.826419 0.752009 0.857792 0.752009 0.857792 0.783630 0.826419 0.783630 0.826419 0.752009
13 0.225043 0.282536 0.256416 0.282536 0.256416 0.314156 0.225043 0.314156 0.225043 0.282536
13 0.183694 0.116138 0.215066 0.116138 0.215066 0.147758 0.183694 0.147758 0.183694 0.116138
9 0.315955 0.619008 0.320409 0.603849 0.844332 0.760240 0.839878 0.775399 
9 0.191771 0.133863 0.206990 0.130033 0.325791 0.609513 0.310572 0.613344 
22 0.088002 0.273990 0.193846 0.273990 0.193846 0.402463 0.088002 0.402463
22 0.192798 0.625982 0.298050 0.625982 0.298050 0.757682 0.192798 0.757682
22 0.545533 0.756922 0.650944 0.756922 0.650944 0.889339 0.545533 0.889339
