13 0.304527 0.437454 0.319508 0.437454 0.319508 0.457404 0.304527 0.457404 0.304527 0.437454
13 0.307621 0.747619 0.322602 0.747619 0.322602 0.767569 0.307621 0.767569 0.307621 0.747619
13 0.480145 0.236828 0.495126 0.236828 0.495126 0.256778 0.480145 0.256778 0.480145 0.236828
13 0.835142 0.747485 0.850123 0.747485 0.850123 0.767435 0.835142 0.767435 0.835142 0.747485
9 0.315113 0.762582 0.315111 0.752606 0.842632 0.752473 0.842633 0.762448 
9 0.484887 0.250191 0.490384 0.243415 0.845381 0.754072 0.839884 0.760849 
3 0.542341 0.446173 0.529714 0.546936 0.493203 0.636780 0.436764 0.705968 0.366512 0.747004 0.290062 0.755440 0.215696 0.730362 0.151475 0.674488 0.104357 0.593872 0.079448 0.497251 0.079448 0.395095 0.104357 0.298474 0.151475 0.217858 0.215696 0.161984 0.290062 0.136907 0.366512 0.145343 0.436764 0.186378 0.493203 0.255567 0.529714 0.345410 0.542341 0.446173
22 0.261908 0.771493 0.334544 0.771493 0.334544 0.876512 0.261908 0.876512
22 0.490668 0.131907 0.558917 0.131907 0.558917 0.237988 0.490668 0.237988
22 0.858665 0.727440 0.927239 0.727440 0.927239 0.838463 0.858665 0.838463
19 0.676417 0.403352 0.764739 0.403352 0.764739 0.503456 0.676417 0.503456
22 0.219633 0.394322 0.291883 0.394322 0.291883 0.503206 0.219633 0.503206
19 0.486776 0.769638 0.703496 0.769638 0.703496 0.875151 0.486776 0.875151
