13 0.494831 0.147015 0.513970 0.147015 0.513970 0.169176 0.494831 0.169176 0.494831 0.147015
13 0.126569 0.826063 0.145708 0.826063 0.145708 0.848223 0.126569 0.848223 0.126569 0.826063
13 0.354292 0.826063 0.373431 0.826063 0.373431 0.848223 0.354292 0.848223 0.354292 0.826063
13 0.864193 0.826063 0.883332 0.826063 0.883332 0.848223 0.864193 0.848223 0.864193 0.826063
9 0.500352 0.161048 0.508449 0.155143 0.877811 0.834190 0.869714 0.840095 
9 0.136139 0.842683 0.136139 0.831603 0.873762 0.831603 0.873762 0.842683 
9 0.500348 0.155149 0.508452 0.161041 0.140191 0.840089 0.132087 0.834197 
9 0.499747 0.156804 0.509053 0.159386 0.368514 0.838434 0.359208 0.835852 
19 0.451137 0.483812 0.668003 0.483812 0.668003 0.586492 0.451137 0.586492
19 0.704628 0.411062 0.858953 0.411062 0.858953 0.510364 0.704628 0.510364
19 0.135480 0.411627 0.292038 0.411627 0.292038 0.509999 0.135480 0.509999
22 0.468429 0.030604 0.534765 0.030604 0.534765 0.135312 0.468429 0.135312
22 0.045651 0.824241 0.120230 0.824241 0.120230 0.927234 0.045651 0.927234
22 0.322453 0.856712 0.387742 0.856712 0.387742 0.959855 0.322453 0.959855
22 0.878638 0.823406 0.952449 0.823406 0.952449 0.927041 0.878638 0.927041
