13 0.208077 0.668890 0.224304 0.668890 0.224304 0.684157 0.208077 0.684157 0.208077 0.668890
13 0.498825 0.164409 0.515052 0.164409 0.515052 0.179677 0.498825 0.179677 0.498825 0.164409
13 0.498825 0.492366 0.515052 0.492366 0.515052 0.507634 0.498825 0.507634 0.498825 0.492366
13 0.499505 0.668890 0.515733 0.668890 0.515733 0.684157 0.499505 0.684157 0.499505 0.668890
13 0.500458 0.818787 0.516685 0.818787 0.516685 0.834054 0.500458 0.834054 0.500458 0.818787
13 0.791886 0.668250 0.808114 0.668250 0.808114 0.683517 0.791886 0.683517 0.791886 0.668250
9 0.216195 0.680340 0.216186 0.672707 0.799995 0.672066 0.800005 0.679700 
9 0.502882 0.172052 0.510996 0.172034 0.512628 0.826412 0.504515 0.826430 
3 0.854634 0.497561 0.835797 0.603764 0.781329 0.698458 0.697132 0.771382 0.592329 0.814633 0.478278 0.823524 0.367338 0.797093 0.271532 0.738202 0.201240 0.653234 0.164081 0.551397 0.164081 0.443726 0.201240 0.341889 0.271532 0.256921 0.367338 0.198030 0.478278 0.171599 0.592329 0.180490 0.697132 0.223741 0.781329 0.296665 0.835797 0.391359 0.854634 0.497561
12 0.429148 0.603013 0.519557 0.603013 0.519557 0.688690 0.429148 0.688690
22 0.538746 0.456891 0.615708 0.456891 0.615708 0.538475 0.538746 0.538475
22 0.516289 0.688087 0.592748 0.688087 0.592748 0.766817 0.516289 0.766817
19 0.525875 0.304173 0.582581 0.304173 0.582581 0.380603 0.525875 0.380603
22 0.470555 0.075556 0.547955 0.075556 0.547955 0.155494 0.470555 0.155494
22 0.820317 0.636557 0.892542 0.636557 0.892542 0.718515 0.820317 0.718515
22 0.110277 0.636729 0.189502 0.636729 0.189502 0.718525 0.110277 0.718525
22 0.474177 0.844790 0.548968 0.844790 0.548968 0.926159 0.474177 0.926159
