13 0.476876 0.076474 0.500267 0.076474 0.500267 0.099662 0.476876 0.099662 0.476876 0.076474
13 0.476876 0.286701 0.500267 0.286701 0.500267 0.309890 0.476876 0.309890 0.476876 0.286701
13 0.029447 0.397497 0.052839 0.397497 0.052839 0.420685 0.029447 0.420685 0.029447 0.397497
13 0.923369 0.398013 0.946761 0.398013 0.946761 0.421202 0.923369 0.421202 0.923369 0.398013
13 0.254018 0.445792 0.277410 0.445792 0.277410 0.468981 0.254018 0.468981 0.254018 0.445792
13 0.699733 0.445792 0.723124 0.445792 0.723124 0.468981 0.699733 0.468981 0.699733 0.445792
13 0.479733 0.492951 0.503124 0.492951 0.503124 0.516140 0.479733 0.516140 0.479733 0.492951
13 0.339733 0.707156 0.363124 0.707156 0.363124 0.730344 0.339733 0.730344 0.339733 0.707156
13 0.614678 0.707811 0.638070 0.707811 0.638070 0.731000 0.614678 0.731000 0.614678 0.707811
13 0.201930 0.918039 0.225322 0.918039 0.225322 0.941227 0.201930 0.941227 0.201930 0.918039
13 0.751821 0.918039 0.775212 0.918039 0.775212 0.941227 0.751821 0.941227 0.751821 0.918039
9 0.213626 0.935430 0.213626 0.923836 0.763516 0.923836 0.763516 0.935430 
9 0.929507 0.407806 0.940623 0.411409 0.769075 0.931435 0.757958 0.927831 
9 0.492663 0.510212 0.490195 0.498879 0.933831 0.403941 0.936299 0.415274 
9 0.705862 0.455611 0.716995 0.459162 0.631940 0.721181 0.620807 0.717630 
9 0.351415 0.724547 0.351443 0.712953 0.626388 0.713609 0.626360 0.725203 
9 0.260153 0.459179 0.271276 0.455594 0.356990 0.716958 0.345867 0.720542 
9 0.269132 0.462091 0.262297 0.452682 0.485154 0.293591 0.491989 0.303000 
9 0.485154 0.303000 0.491989 0.293591 0.714846 0.452682 0.708011 0.462091 
9 0.485134 0.092758 0.492009 0.083378 0.938502 0.404917 0.931628 0.414298 
9 0.044572 0.413787 0.037714 0.404395 0.485143 0.083372 0.492000 0.092764 
9 0.035587 0.410900 0.046699 0.407282 0.219182 0.927824 0.208070 0.931442 
19 0.727215 0.340169 0.793848 0.340169 0.793848 0.430341 0.727215 0.430341
19 0.517308 0.381432 0.582829 0.381432 0.582829 0.472083 0.517308 0.472083
22 0.435458 0.541451 0.529887 0.541451 0.529887 0.641792 0.435458 0.641792
19 0.680580 0.574341 0.754909 0.574341 0.754909 0.654861 0.680580 0.654861
