13 0.129468 0.504823 0.148159 0.504823 0.148159 0.536319 0.129468 0.536319 0.129468 0.504823
13 0.319298 0.504823 0.337990 0.504823 0.337990 0.536319 0.319298 0.536319 0.319298 0.504823
13 0.682664 0.505340 0.701355 0.505340 0.701355 0.536836 0.682664 0.536836 0.682664 0.505340
13 0.197729 0.505494 0.216420 0.505494 0.216420 0.536990 0.197729 0.536990 0.197729 0.505494
13 0.441502 0.505919 0.460193 0.505919 0.460193 0.537415 0.441502 0.537415 0.441502 0.505919
9 0.138811 0.528445 0.138816 0.512697 0.692012 0.513214 0.692007 0.528962 
3 0.446814 0.522885 0.440308 0.588587 0.421494 0.647169 0.392410 0.692282 0.356209 0.719039 0.316814 0.724540 0.278493 0.708188 0.245400 0.671756 0.221120 0.619191 0.208284 0.556190 0.208284 0.489580 0.221120 0.426579 0.245400 0.374014 0.278493 0.337581 0.316814 0.321230 0.356209 0.326730 0.392410 0.353487 0.421494 0.398601 0.440308 0.457183 0.446814 0.522885
3 0.931832 0.516611 0.918817 0.648035 0.881182 0.765217 0.823006 0.855459 0.750593 0.908982 0.671790 0.919985 0.595136 0.887276 0.528939 0.814400 0.480371 0.709254 0.454696 0.583231 0.454696 0.449990 0.480371 0.323968 0.528939 0.218822 0.595136 0.145946 0.671790 0.113237 0.750593 0.124240 0.823006 0.177762 0.881182 0.268004 0.918817 0.385187 0.931832 0.516611
3 0.203869 0.519145 0.200270 0.555491 0.189861 0.587899 0.173772 0.612856 0.153746 0.627658 0.131952 0.630701 0.110753 0.621655 0.092446 0.601501 0.079014 0.572422 0.071913 0.537569 0.071913 0.500720 0.079014 0.465868 0.092446 0.436789 0.110753 0.416634 0.131952 0.407588 0.153746 0.410631 0.173772 0.425433 0.189861 0.450390 0.200270 0.482798 0.203869 0.519145
1 0.121495 0.362205 0.154206 0.362205 0.154206 0.500000 0.121495 0.500000
7 0.127470 0.455260 0.150803 0.455260 0.150803 0.496075 0.127470 0.496075
22 0.664464 0.384802 0.719552 0.384802 0.719552 0.485945 0.664464 0.485945
22 0.303188 0.384023 0.356581 0.384023 0.356581 0.485438 0.303188 0.485438
22 0.114566 0.269963 0.172350 0.269963 0.172350 0.371328 0.114566 0.371328
