13 0.310113 0.143514 0.334282 0.143514 0.334282 0.165798 0.310113 0.165798 0.310113 0.143514
13 0.847256 0.560518 0.871425 0.560518 0.871425 0.582802 0.847256 0.582802 0.847256 0.560518
13 0.646691 0.633595 0.670860 0.633595 0.670860 0.655879 0.646691 0.655879 0.646691 0.633595
13 0.118868 0.821314 0.143037 0.821314 0.143037 0.843598 0.118868 0.843598 0.118868 0.821314
13 0.773630 0.820437 0.797799 0.820437 0.797799 0.842721 0.773630 0.842721 0.773630 0.820437
9 0.317089 0.157630 0.327307 0.151682 0.790824 0.828605 0.780605 0.834553 
9 0.853494 0.570252 0.865187 0.573068 0.791560 0.832987 0.779868 0.830171 
9 0.133140 0.837649 0.128765 0.827263 0.857153 0.566467 0.861528 0.576853 
9 0.316350 0.153253 0.328045 0.156058 0.136800 0.833859 0.125105 0.831054 
4 0.278415 0.207878 0.398886 0.207878 0.398886 0.287937 0.278415 0.287937
4 0.714718 0.723409 0.821904 0.723409 0.821904 0.789290 0.714718 0.789290
0 0.771573 0.583869 0.852316 0.583869 0.852316 0.655998 0.771573 0.655998
0 0.141226 0.726009 0.238380 0.726009 0.238380 0.814689 0.141226 0.814689
22 0.586309 0.682674 0.660758 0.682674 0.660758 0.785803 0.586309 0.785803
22 0.744282 0.852908 0.828963 0.852908 0.828963 0.955828 0.744282 0.955828
22 0.867043 0.462540 0.950480 0.462540 0.950480 0.562377 0.867043 0.562377
22 0.030901 0.837255 0.126333 0.837255 0.126333 0.938406 0.030901 0.938406
22 0.282420 0.027391 0.366865 0.027391 0.366865 0.129173 0.282420 0.129173
