13 0.901621 0.103835 0.924093 0.103835 0.924093 0.144444 0.901621 0.144444 0.901621 0.103835
13 0.086291 0.564616 0.108763 0.564616 0.108763 0.605225 0.086291 0.605225 0.086291 0.564616
13 0.174051 0.845503 0.196523 0.845503 0.196523 0.886113 0.174051 0.886113 0.174051 0.845503
9 0.099204 0.594610 0.095850 0.575231 0.911180 0.114450 0.914534 0.133829 
9 0.188048 0.874651 0.182527 0.856966 0.910097 0.115297 0.915617 0.132982 
9 0.092635 0.589912 0.102419 0.579929 0.190179 0.860817 0.180395 0.870800 
19 0.338245 0.157877 0.489599 0.157877 0.489599 0.322593 0.338245 0.322593
19 0.053067 0.732094 0.114694 0.732094 0.114694 0.860283 0.053067 0.860283
12 0.140287 0.675721 0.255037 0.675721 0.255037 0.885547 0.140287 0.885547
18 0.597209 0.510865 0.733587 0.510865 0.733587 0.681011 0.597209 0.681011
1 0.598315 0.279188 0.719101 0.279188 0.719101 0.492386 0.598315 0.492386
7 0.630260 0.272552 0.707598 0.272552 0.707598 0.365559 0.630260 0.365559
