13 0.400528 0.201162 0.415370 0.201162 0.415370 0.228843 0.400528 0.228843 0.400528 0.201162
13 0.181626 0.324668 0.196469 0.324668 0.196469 0.352350 0.181626 0.352350 0.181626 0.324668
13 0.344246 0.450223 0.359088 0.450223 0.359088 0.477905 0.344246 0.477905 0.344246 0.450223
13 0.287194 0.702834 0.302037 0.702834 0.302037 0.730515 0.287194 0.730515 0.287194 0.702834
13 0.885912 0.865041 0.900754 0.865041 0.900754 0.892723 0.885912 0.892723 0.885912 0.865041
9 0.190122 0.345133 0.187973 0.331885 0.406874 0.208378 0.409023 0.221626 
9 0.405754 0.220583 0.410143 0.209422 0.895528 0.873301 0.891139 0.884463 
9 0.294082 0.723523 0.295149 0.709826 0.893867 0.872033 0.892800 0.885731 
9 0.185756 0.341705 0.192339 0.335313 0.297907 0.713479 0.291324 0.719870 
9 0.187636 0.344909 0.190459 0.332109 0.894745 0.872482 0.891922 0.885282 
9 0.404529 0.212315 0.411368 0.217689 0.298035 0.719362 0.291196 0.713988 
22 0.123737 0.241494 0.173525 0.241494 0.173525 0.367512 0.123737 0.367512
22 0.241803 0.739272 0.300476 0.739272 0.300476 0.863714 0.241803 0.863714
22 0.390133 0.057155 0.444759 0.057155 0.444759 0.184837 0.390133 0.184837
22 0.915023 0.834189 0.970449 0.834189 0.970449 0.958056 0.915023 0.958056
19 0.598425 0.324254 0.791120 0.324254 0.791120 0.447625 0.598425 0.447625
19 0.040251 0.501833 0.223027 0.501833 0.223027 0.620541 0.040251 0.620541
19 0.257951 0.138023 0.299083 0.138023 0.299083 0.248791 0.257951 0.248791
2 0.339967 0.296585 0.419668 0.296585 0.419668 0.379830 0.339967 0.379830
2 0.283834 0.551071 0.362300 0.551071 0.362300 0.630828 0.283834 0.630828
12 0.328630 0.452710 0.401428 0.452710 0.401428 0.585983 0.328630 0.585983
