13 0.050724 0.803585 0.064661 0.803585 0.064661 0.827184 0.050724 0.827184 0.050724 0.803585
13 0.050984 0.378091 0.064921 0.378091 0.064921 0.401690 0.050984 0.401690 0.050984 0.378091
13 0.444435 0.378970 0.458372 0.378970 0.458372 0.402569 0.444435 0.402569 0.444435 0.378970
13 0.444175 0.804464 0.458112 0.804464 0.458112 0.828063 0.444175 0.828063 0.444175 0.804464
13 0.659537 0.802486 0.673474 0.802486 0.673474 0.826085 0.659537 0.826085 0.659537 0.802486
13 0.660148 0.136010 0.674086 0.136010 0.674086 0.159609 0.660148 0.159609 0.660148 0.136010
13 0.912470 0.135453 0.926407 0.135453 0.926407 0.159052 0.912470 0.159052 0.912470 0.135453
13 0.912916 0.802486 0.926853 0.802486 0.926853 0.826085 0.912916 0.826085 0.912916 0.802486
9 0.057688 0.821284 0.057697 0.809485 0.451148 0.810364 0.451139 0.822163 
9 0.447919 0.390763 0.454888 0.390775 0.454628 0.816270 0.447659 0.816258 
9 0.054468 0.389884 0.061437 0.389896 0.061177 0.815391 0.054208 0.815379 
9 0.057948 0.395790 0.057957 0.383990 0.451408 0.384870 0.451399 0.396669 
9 0.663633 0.147800 0.670601 0.147819 0.669990 0.814295 0.663021 0.814277 
9 0.667122 0.153709 0.667113 0.141910 0.919434 0.141353 0.919443 0.153152 
9 0.915954 0.147259 0.922923 0.147246 0.923368 0.814279 0.916400 0.814292 
9 0.666506 0.820185 0.666506 0.808386 0.919884 0.808386 0.919884 0.820185 
22 0.616131 0.027560 0.663159 0.027560 0.663159 0.130959 0.616131 0.130959
22 0.916107 0.029185 0.962994 0.029185 0.962994 0.127152 0.916107 0.127152
2 0.771301 0.082961 0.806731 0.082961 0.806731 0.209835 0.771301 0.209835
12 0.653425 0.124503 0.734868 0.124503 0.734868 0.259991 0.653425 0.259991
12 0.848010 0.125435 0.929713 0.125435 0.929713 0.258699 0.848010 0.258699
22 0.006124 0.267819 0.055832 0.267819 0.055832 0.368181 0.006124 0.368181
22 0.446741 0.267194 0.496608 0.267194 0.496608 0.368302 0.446741 0.368302
5 0.227980 0.323043 0.281593 0.323043 0.281593 0.452003 0.227980 0.452003
12 0.043693 0.365766 0.125967 0.365766 0.125967 0.505336 0.043693 0.505336
12 0.382496 0.366411 0.463149 0.366411 0.463149 0.504118 0.382496 0.504118
5 0.625081 0.431268 0.703754 0.431268 0.703754 0.522334 0.625081 0.522334
5 0.878611 0.431410 0.955829 0.431410 0.955829 0.521360 0.878611 0.521360
2 0.413416 0.565003 0.488608 0.565003 0.488608 0.626306 0.413416 0.626306
2 0.019359 0.565263 0.094754 0.565263 0.094754 0.626768 0.019359 0.626768
12 0.044196 0.695535 0.125318 0.695535 0.125318 0.834311 0.044196 0.834311
12 0.382966 0.695966 0.463291 0.695966 0.463291 0.835122 0.382966 0.835122
12 0.653226 0.695521 0.734870 0.695521 0.734870 0.832073 0.653226 0.832073
12 0.847730 0.696247 0.930724 0.696247 0.930724 0.833898 0.847730 0.833898
5 0.227917 0.749337 0.282089 0.749337 0.282089 0.879778 0.227917 0.879778
2 0.771067 0.748612 0.806808 0.748612 0.806808 0.876169 0.771067 0.876169
22 0.009444 0.834593 0.056606 0.834593 0.056606 0.935138 0.009444 0.935138
22 0.446944 0.833339 0.496211 0.833339 0.496211 0.937224 0.446944 0.937224
22 0.615271 0.833990 0.664173 0.833990 0.664173 0.936831 0.615271 0.936831
22 0.916013 0.834746 0.965310 0.834746 0.965310 0.936506 0.916013 0.936506
