13 0.120369 0.094872 0.158646 0.094872 0.158646 0.130270 0.120369 0.130270 0.120369 0.094872
13 0.558897 0.095396 0.597174 0.095396 0.597174 0.130794 0.558897 0.130794 0.558897 0.095396
13 0.120400 0.757177 0.158678 0.757177 0.158678 0.792575 0.120400 0.792575 0.120400 0.757177
13 0.558718 0.757433 0.596996 0.757433 0.596996 0.792831 0.558718 0.792831 0.558718 0.757433
9 0.139495 0.121420 0.139520 0.103721 0.578048 0.104246 0.578023 0.121945 
9 0.568466 0.113093 0.587605 0.113097 0.587427 0.775134 0.568288 0.775130 
9 0.139533 0.783726 0.139545 0.766027 0.577863 0.766283 0.577851 0.783982 
9 0.129938 0.112571 0.149077 0.112570 0.149109 0.774876 0.129970 0.774877 
5 0.307392 0.034133 0.403619 0.034133 0.403619 0.185350 0.307392 0.185350
12 0.116100 0.089736 0.258484 0.089736 0.258484 0.220425 0.116100 0.220425
12 0.459623 0.090851 0.598636 0.090851 0.598636 0.219122 0.459623 0.219122
2 0.065530 0.402021 0.219684 0.402021 0.219684 0.466175 0.065530 0.466175
2 0.500278 0.402049 0.655384 0.402049 0.655384 0.465720 0.500278 0.465720
12 0.116908 0.664450 0.259098 0.664450 0.259098 0.795238 0.116908 0.795238
12 0.458272 0.664847 0.598650 0.664847 0.598650 0.795294 0.458272 0.795294
5 0.307116 0.701437 0.403757 0.701437 0.403757 0.851446 0.307116 0.851446
19 0.666662 0.381204 0.967297 0.381204 0.967297 0.499414 0.666662 0.499414
19 0.202746 0.855817 0.507460 0.855817 0.507460 0.970851 0.202746 0.970851
