13 0.940518 0.142198 0.969398 0.142198 0.969398 0.171079 0.940518 0.171079 0.940518 0.142198
13 0.174131 0.142702 0.203012 0.142702 0.203012 0.171583 0.174131 0.171583 0.174131 0.142702
13 0.479845 0.511274 0.508726 0.511274 0.508726 0.540155 0.479845 0.540155 0.479845 0.511274
13 0.027147 0.871909 0.056028 0.871909 0.056028 0.900790 0.027147 0.900790 0.027147 0.871909
13 0.775033 0.871575 0.803914 0.871575 0.803914 0.900455 0.775033 0.900455 0.775033 0.871575
9 0.046094 0.891990 0.037081 0.880708 0.950451 0.150998 0.959465 0.162280 
9 0.947917 0.155041 0.961999 0.158236 0.796515 0.887613 0.782432 0.884417 
9 0.041591 0.893569 0.041584 0.879129 0.789470 0.878795 0.789477 0.893235 
9 0.181494 0.155716 0.195649 0.158570 0.048665 0.887776 0.034509 0.884923 
9 0.183000 0.161736 0.194142 0.152550 0.795045 0.881422 0.783903 0.890608 
9 0.188576 0.164363 0.188567 0.149923 0.954953 0.149418 0.954963 0.163859 
19 0.468961 0.021350 0.600243 0.021350 0.600243 0.132993 0.468961 0.132993
19 0.579253 0.231538 0.709871 0.231538 0.709871 0.344566 0.579253 0.344566
19 0.269698 0.355514 0.343620 0.355514 0.343620 0.442177 0.269698 0.442177
12 0.427359 0.388196 0.568922 0.388196 0.568922 0.530959 0.427359 0.530959
