13 0.104659 0.705584 0.119725 0.705584 0.119725 0.727383 0.104659 0.727383 0.104659 0.705584
13 0.537131 0.703387 0.552197 0.703387 0.552197 0.725185 0.537131 0.725185 0.537131 0.703387
13 0.837470 0.941346 0.852536 0.941346 0.852536 0.963144 0.837470 0.963144 0.837470 0.941346
13 0.923753 0.705584 0.938819 0.705584 0.938819 0.727383 0.923753 0.727383 0.923753 0.705584
13 0.313416 0.529101 0.328482 0.529101 0.328482 0.550899 0.313416 0.550899 0.313416 0.529101
13 0.102348 0.291958 0.117414 0.291958 0.117414 0.313756 0.102348 0.313756 0.102348 0.291958
13 0.533179 0.291958 0.548244 0.291958 0.548244 0.313756 0.533179 0.313756 0.533179 0.291958
13 0.923297 0.291958 0.938363 0.291958 0.938363 0.313756 0.923297 0.313756 0.923297 0.291958
13 0.754954 0.054036 0.770019 0.054036 0.770019 0.075834 0.754954 0.075834 0.754954 0.054036
9 0.112192 0.721933 0.112192 0.711034 0.931286 0.711034 0.931286 0.721933 
9 0.319150 0.544788 0.322748 0.535212 0.846802 0.947457 0.843204 0.957033 
9 0.323196 0.544373 0.318701 0.535627 0.760239 0.060562 0.764734 0.069308 
9 0.109881 0.308307 0.109881 0.297408 0.930830 0.297408 0.930830 0.308307 
10 0.245023 0.266431 0.305099 0.266431 0.305099 0.336065 0.245023 0.336065
10 0.244874 0.678453 0.305507 0.678453 0.305507 0.750057 0.244874 0.750057
18 0.347854 0.626062 0.427405 0.626062 0.427405 0.709279 0.347854 0.709279
18 0.389472 0.308762 0.469473 0.308762 0.469473 0.392088 0.389472 0.392088
22 0.501778 0.730714 0.555783 0.730714 0.555783 0.816767 0.501778 0.816767
22 0.492527 0.202326 0.545426 0.202326 0.545426 0.287059 0.492527 0.287059
20 0.049870 0.251041 0.096807 0.251041 0.096807 0.347838 0.049870 0.347838
22 0.369629 0.489583 0.420829 0.489583 0.420829 0.571906 0.369629 0.571906
20 0.031126 0.682053 0.095250 0.682053 0.095250 0.760565 0.031126 0.760565
