13 0.175821 0.786051 0.189734 0.786051 0.189734 0.803949 0.175821 0.803949 0.175821 0.786051
13 0.788599 0.786970 0.802512 0.786970 0.802512 0.804867 0.788599 0.804867 0.788599 0.786970
13 0.450821 0.456766 0.464734 0.456766 0.464734 0.474663 0.450821 0.474663 0.450821 0.456766
13 0.684895 0.178988 0.698808 0.178988 0.698808 0.196885 0.684895 0.196885 0.684895 0.178988
13 0.166377 0.177990 0.180290 0.177990 0.180290 0.195887 0.166377 0.195887 0.166377 0.177990
9 0.182774 0.799474 0.182782 0.790526 0.795560 0.791444 0.795552 0.800393 
9 0.171227 0.190500 0.175439 0.183378 0.797662 0.792358 0.793449 0.799479 
9 0.185142 0.798281 0.180413 0.791719 0.689487 0.184655 0.694217 0.191218 
9 0.173328 0.191413 0.173339 0.182465 0.691857 0.183462 0.691847 0.192411 
0 0.225945 0.175818 0.261993 0.175818 0.261993 0.256943 0.225945 0.256943
0 0.225431 0.725476 0.261836 0.725476 0.261836 0.806947 0.225431 0.806947
19 0.449712 0.812694 0.525799 0.812694 0.525799 0.903402 0.449712 0.903402
19 0.265939 0.343973 0.318257 0.343973 0.318257 0.434073 0.265939 0.434073
19 0.264704 0.535433 0.317151 0.535433 0.317151 0.626284 0.264704 0.626284
22 0.699780 0.072527 0.768991 0.072527 0.768991 0.171316 0.699780 0.171316
22 0.123171 0.074089 0.184645 0.074089 0.184645 0.170109 0.123171 0.170109
22 0.437694 0.510284 0.494029 0.510284 0.494029 0.608158 0.437694 0.608158
22 0.798523 0.808880 0.880779 0.808880 0.880779 0.908126 0.798523 0.908126
19 0.413187 0.094648 0.464177 0.094648 0.464177 0.169382 0.413187 0.169382
22 0.115999 0.810651 0.183057 0.810651 0.183057 0.908135 0.115999 0.908135
