13 0.261673 0.622139 0.288252 0.622139 0.288252 0.657073 0.261673 0.657073 0.261673 0.622139
13 0.483761 0.872125 0.510339 0.872125 0.510339 0.907059 0.483761 0.907059 0.483761 0.872125
13 0.706820 0.620390 0.733398 0.620390 0.733398 0.655324 0.706820 0.655324 0.706820 0.620390
13 0.707928 0.158076 0.734506 0.158076 0.734506 0.193010 0.707928 0.193010 0.707928 0.158076
13 0.260302 0.157982 0.286880 0.157982 0.286880 0.192917 0.260302 0.192917 0.260302 0.157982
9 0.274982 0.648339 0.274943 0.630872 0.720089 0.629124 0.720129 0.646591 
9 0.501378 0.896218 0.492721 0.882966 0.715780 0.631231 0.724437 0.644483 
9 0.270641 0.646240 0.279284 0.632972 0.501372 0.882958 0.492728 0.896225 
9 0.266947 0.175484 0.280235 0.175416 0.281607 0.639572 0.268318 0.639640 
9 0.273590 0.184183 0.273592 0.166716 0.721218 0.166809 0.721216 0.184276 
9 0.714573 0.175515 0.727862 0.175570 0.726753 0.637885 0.713464 0.637830 
2 0.349654 0.713201 0.429177 0.713201 0.429177 0.830403 0.349654 0.830403
2 0.567702 0.713991 0.654797 0.713991 0.654797 0.814449 0.567702 0.814449
12 0.640792 0.155232 0.735010 0.155232 0.735010 0.278568 0.640792 0.278568
12 0.255996 0.154890 0.346569 0.154890 0.346569 0.277934 0.255996 0.277934
1 0.820598 0.157205 0.857143 0.157205 0.857143 0.484716 0.820598 0.484716
1 0.817276 0.572052 0.860465 0.572052 0.860465 0.912664 0.817276 0.912664
8 0.820385 0.158130 0.860611 0.158130 0.860611 0.245637 0.820385 0.245637
8 0.821479 0.830272 0.860181 0.830272 0.860181 0.913306 0.821479 0.913306
19 0.038274 0.339272 0.244810 0.339272 0.244810 0.452162 0.038274 0.452162
19 0.394165 0.047735 0.602745 0.047735 0.602745 0.155152 0.394165 0.155152
19 0.746234 0.481600 0.954495 0.481600 0.954495 0.588524 0.746234 0.588524
