13 0.031713 0.911018 0.049691 0.911018 0.049691 0.944491 0.031713 0.944491 0.031713 0.911018
13 0.600178 0.910282 0.618155 0.910282 0.618155 0.943755 0.600178 0.943755 0.600178 0.910282
13 0.913511 0.910282 0.931489 0.910282 0.931489 0.943755 0.913511 0.943755 0.913511 0.910282
13 0.600641 0.022256 0.618618 0.022256 0.618618 0.055729 0.600641 0.055729 0.600641 0.022256
9 0.040704 0.936122 0.040700 0.919386 0.922498 0.918650 0.922502 0.935387 
9 0.605872 0.043582 0.613388 0.034402 0.926258 0.922429 0.918742 0.931609 
9 0.605135 0.038984 0.614124 0.039001 0.613661 0.927027 0.604672 0.927011 
9 0.043591 0.934165 0.037813 0.921343 0.606741 0.032582 0.612518 0.045403 
12 0.597659 0.838803 0.655889 0.838803 0.655889 0.945658 0.597659 0.945658
19 0.782178 0.432616 0.891897 0.432616 0.891897 0.530066 0.782178 0.530066
19 0.483542 0.433017 0.596539 0.433017 0.596539 0.529391 0.483542 0.529391
18 0.145806 0.788602 0.218692 0.788602 0.218692 0.891066 0.145806 0.891066
