13 0.153282 0.070604 0.175200 0.070604 0.175200 0.093792 0.153282 0.093792 0.153282 0.070604
13 0.526255 0.259175 0.548173 0.259175 0.548173 0.282363 0.526255 0.282363 0.526255 0.259175
13 0.893546 0.435549 0.915463 0.435549 0.915463 0.458737 0.893546 0.458737 0.893546 0.435549
13 0.158688 0.454779 0.180605 0.454779 0.180605 0.477968 0.158688 0.477968 0.158688 0.454779
13 0.464717 0.789549 0.486635 0.789549 0.486635 0.812737 0.464717 0.812737 0.464717 0.789549
9 0.161927 0.087452 0.166556 0.076943 0.906819 0.441888 0.902190 0.452397 
9 0.531776 0.270063 0.542653 0.271476 0.481114 0.801849 0.470237 0.800437 
3 0.691021 0.526216 0.676713 0.616930 0.635340 0.697813 0.571384 0.760102 0.491777 0.797045 0.405146 0.804639 0.320877 0.782063 0.248103 0.731761 0.194711 0.659185 0.166485 0.572200 0.166485 0.480232 0.194711 0.393248 0.248103 0.320672 0.320877 0.270370 0.405146 0.247793 0.491777 0.255388 0.571384 0.292331 0.635340 0.354619 0.676713 0.435503 0.691021 0.526216
22 0.511515 0.138686 0.585842 0.138686 0.585842 0.236498 0.511515 0.236498
22 0.072683 0.407874 0.142529 0.407874 0.142529 0.506989 0.072683 0.506989
22 0.440854 0.820210 0.518718 0.820210 0.518718 0.920875 0.440854 0.920875
18 0.528707 0.413363 0.659769 0.413363 0.659769 0.512530 0.528707 0.512530
0 0.505331 0.278602 0.657824 0.278602 0.657824 0.413623 0.505331 0.413623
