13 0.827765 0.070199 0.844192 0.070199 0.844192 0.095515 0.827765 0.095515 0.827765 0.070199
13 0.565861 0.319947 0.582288 0.319947 0.582288 0.345263 0.565861 0.345263 0.565861 0.319947
13 0.828000 0.545754 0.844428 0.545754 0.844428 0.571071 0.828000 0.571071 0.828000 0.545754
13 0.655423 0.546303 0.671850 0.546303 0.671850 0.571619 0.655423 0.571619 0.655423 0.546303
13 0.039240 0.811985 0.055667 0.811985 0.055667 0.837301 0.039240 0.837301 0.039240 0.811985
13 0.656231 0.812811 0.672658 0.812811 0.672658 0.838128 0.656231 0.838128 0.656231 0.812811
13 0.828823 0.813056 0.845251 0.813056 0.845251 0.838373 0.828823 0.838373 0.828823 0.813056
9 0.049593 0.830045 0.045314 0.819241 0.833839 0.077455 0.838119 0.088259 
9 0.831872 0.082871 0.840086 0.082843 0.841144 0.825700 0.832930 0.825728 
9 0.047450 0.830972 0.047457 0.818314 0.837041 0.819385 0.837033 0.832043 
3 0.835323 0.556336 0.825996 0.642478 0.799025 0.719286 0.757333 0.778435 0.705437 0.813517 0.648963 0.820729 0.594028 0.799290 0.546588 0.751523 0.511781 0.682604 0.493381 0.600002 0.493381 0.512669 0.511781 0.430067 0.546588 0.361149 0.594028 0.313382 0.648963 0.291943 0.705437 0.299155 0.757333 0.334236 0.799025 0.393385 0.825996 0.470193 0.835323 0.556336
19 0.137069 0.519336 0.239641 0.519336 0.239641 0.628552 0.137069 0.628552
19 0.743070 0.850602 0.792701 0.850602 0.792701 0.956842 0.743070 0.956842
19 0.872873 0.424808 0.920673 0.424808 0.920673 0.509814 0.872873 0.509814
19 0.656489 0.031621 0.757530 0.031621 0.757530 0.144050 0.656489 0.144050
22 0.569405 0.486745 0.634494 0.486745 0.634494 0.603400 0.569405 0.603400
1 0.870637 0.053797 0.932238 0.053797 0.932238 0.389241 0.870637 0.389241
1 0.874743 0.518987 0.928131 0.518987 0.928131 0.841772 0.874743 0.841772
8 0.878627 0.060711 0.920370 0.060711 0.920370 0.168068 0.878627 0.168068
8 0.878790 0.735604 0.921064 0.735604 0.921064 0.841091 0.878790 0.841091
