13 0.665385 0.104385 0.684615 0.104385 0.684615 0.124187 0.665385 0.124187 0.665385 0.104385
13 0.120014 0.309464 0.139245 0.309464 0.139245 0.329266 0.120014 0.329266 0.120014 0.309464
13 0.864194 0.664385 0.883425 0.664385 0.883425 0.684187 0.864194 0.684187 0.864194 0.664385
13 0.318857 0.869385 0.338088 0.869385 0.338088 0.889187 0.318857 0.889187 0.318857 0.869385
9 0.330121 0.883936 0.326824 0.874635 0.872161 0.669635 0.875458 0.678936 
9 0.670485 0.115985 0.679515 0.112586 0.878325 0.672586 0.869294 0.675985 
9 0.670643 0.112193 0.679357 0.116378 0.332829 0.881378 0.324115 0.877193 
9 0.125114 0.321065 0.134145 0.317665 0.332987 0.877586 0.323957 0.880986 
9 0.131279 0.324015 0.127980 0.314715 0.673351 0.109636 0.676649 0.118936 
22 0.643700 0.006042 0.717777 0.006042 0.717777 0.092060 0.643700 0.092060
10 0.345051 0.183732 0.437433 0.183732 0.437433 0.262058 0.345051 0.262058
22 0.038405 0.248899 0.115136 0.248899 0.115136 0.337720 0.038405 0.337720
12 0.117174 0.284767 0.214017 0.284767 0.214017 0.382446 0.117174 0.382446
6 0.729665 0.307369 0.826056 0.307369 0.826056 0.470852 0.729665 0.470852
12 0.787506 0.606525 0.885034 0.606525 0.885034 0.704941 0.787506 0.704941
22 0.892635 0.633801 0.974384 0.633801 0.974384 0.722554 0.892635 0.722554
10 0.551138 0.742143 0.645280 0.742143 0.645280 0.820237 0.551138 0.820237
22 0.272582 0.892564 0.353696 0.892564 0.353696 0.978200 0.272582 0.978200
6 0.178115 0.502648 0.274036 0.502648 0.274036 0.664399 0.178115 0.664399
