13 0.492878 0.134491 0.513183 0.134491 0.513183 0.155379 0.492878 0.155379 0.492878 0.134491
13 0.789848 0.274128 0.810152 0.274128 0.810152 0.295015 0.789848 0.295015 0.789848 0.274128
13 0.139848 0.478128 0.160152 0.478128 0.160152 0.499015 0.139848 0.499015 0.139848 0.478128
13 0.505326 0.510679 0.525630 0.510679 0.525630 0.531567 0.505326 0.531567 0.505326 0.510679
13 0.846021 0.650509 0.866325 0.650509 0.866325 0.671396 0.846021 0.671396 0.846021 0.650509
13 0.316011 0.306296 0.336315 0.306296 0.336315 0.327184 0.316011 0.327184 0.316011 0.306296
13 0.817384 0.462526 0.837688 0.462526 0.837688 0.483414 0.817384 0.483414 0.817384 0.462526
9 0.500556 0.139587 0.507516 0.147191 0.150730 0.492823 0.143770 0.485219 
9 0.796511 0.285413 0.806551 0.283863 0.861681 0.661597 0.851642 0.663147 
9 0.322488 0.321412 0.329838 0.314208 0.518113 0.517521 0.510763 0.524725 
9 0.515207 0.526285 0.513669 0.515962 0.825726 0.466738 0.827265 0.477062 
3 0.880424 0.521183 0.860634 0.643182 0.803409 0.751960 0.714951 0.835730 0.604846 0.885414 0.485024 0.895628 0.368470 0.865265 0.267816 0.797615 0.193967 0.700010 0.154928 0.583026 0.154928 0.459340 0.193967 0.342356 0.267816 0.244750 0.368470 0.177101 0.485024 0.146738 0.604846 0.156952 0.714951 0.206636 0.803409 0.290406 0.860634 0.399184 0.880424 0.521183
19 0.453676 0.197668 0.518835 0.197668 0.518835 0.285305 0.453676 0.285305
19 0.245625 0.399825 0.310837 0.399825 0.310837 0.487439 0.245625 0.487439
19 0.729936 0.308892 0.788142 0.308892 0.788142 0.397631 0.729936 0.397631
19 0.763104 0.527793 0.821662 0.527793 0.821662 0.618511 0.763104 0.618511
22 0.842026 0.688853 0.912877 0.688853 0.912877 0.786812 0.842026 0.786812
22 0.777766 0.149512 0.844407 0.149512 0.844407 0.247315 0.777766 0.247315
22 0.517100 0.030389 0.588758 0.030389 0.588758 0.125727 0.517100 0.125727
22 0.051277 0.413823 0.132180 0.413823 0.132180 0.522659 0.051277 0.522659
12 0.320433 0.263345 0.426379 0.263345 0.426379 0.372109 0.320433 0.372109
12 0.745673 0.399847 0.838735 0.399847 0.838735 0.493764 0.745673 0.493764
2 0.650870 0.443605 0.700429 0.443605 0.700429 0.552016 0.650870 0.552016
2 0.375302 0.378941 0.460551 0.378941 0.460551 0.465710 0.375302 0.465710
