13 0.297319 0.719574 0.321200 0.719574 0.321200 0.752227 0.297319 0.752227 0.297319 0.719574
13 0.040859 0.373605 0.064740 0.373605 0.064740 0.406259 0.040859 0.406259 0.040859 0.373605
13 0.297683 0.023673 0.321564 0.023673 0.321564 0.056327 0.297683 0.056327 0.297683 0.023673
13 0.551170 0.373912 0.575050 0.373912 0.575050 0.406565 0.551170 0.406565 0.551170 0.373912
13 0.609308 0.374481 0.633188 0.374481 0.633188 0.407134 0.609308 0.407134 0.609308 0.374481
13 0.737014 0.200816 0.760894 0.200816 0.760894 0.233469 0.737014 0.233469 0.737014 0.200816
13 0.863583 0.376531 0.887463 0.376531 0.887463 0.409184 0.863583 0.409184 0.863583 0.376531
13 0.737014 0.548609 0.760894 0.548609 0.760894 0.581262 0.737014 0.581262 0.737014 0.548609
9 0.057013 0.395714 0.048585 0.384150 0.305409 0.034218 0.313838 0.045782 
9 0.305380 0.045742 0.313867 0.034258 0.567354 0.384496 0.558867 0.395980 
9 0.313472 0.741685 0.305047 0.730116 0.558897 0.384454 0.567323 0.396022 
9 0.048606 0.395743 0.056992 0.384121 0.313453 0.730089 0.305067 0.741712 
9 0.303653 0.039994 0.315594 0.040006 0.315230 0.735906 0.303289 0.735895 
9 0.742984 0.208980 0.754924 0.208980 0.754924 0.573098 0.742984 0.573098 
9 0.617032 0.396588 0.625464 0.385027 0.753170 0.559155 0.744738 0.570715 
9 0.625458 0.396596 0.617038 0.385019 0.744744 0.211355 0.753164 0.222931 
9 0.744700 0.222871 0.753207 0.211415 0.879777 0.387129 0.871270 0.398585 
9 0.753163 0.570724 0.744745 0.559146 0.871314 0.387068 0.879732 0.398646 
1 0.749254 0.269388 0.856716 0.269388 0.856716 0.408163 0.749254 0.408163
7 0.754105 0.360859 0.786090 0.360859 0.786090 0.400678 0.754105 0.400678
19 0.318285 0.336888 0.456074 0.336888 0.456074 0.453835 0.318285 0.453835
19 0.842816 0.187698 0.979403 0.187698 0.979403 0.307845 0.842816 0.307845
17 0.157274 0.807665 0.515260 0.807665 0.515260 0.946826 0.157274 0.946826
