13 0.049286 0.345905 0.069286 0.345905 0.069286 0.380839 0.049286 0.380839 0.049286 0.345905
13 0.303611 0.345905 0.323611 0.345905 0.323611 0.380839 0.303611 0.380839 0.303611 0.345905
13 0.930937 0.346813 0.950937 0.346813 0.950937 0.381748 0.930937 0.381748 0.930937 0.346813
13 0.301975 0.934514 0.321975 0.934514 0.321975 0.969448 0.301975 0.969448 0.301975 0.934514
9 0.308611 0.363330 0.318611 0.363414 0.316975 0.952023 0.306975 0.951939 
9 0.059283 0.372106 0.059289 0.354638 0.940940 0.355547 0.940935 0.373014 
9 0.314334 0.959682 0.309617 0.944280 0.938579 0.356580 0.943296 0.371982 
9 0.055285 0.368612 0.063286 0.358133 0.315976 0.946741 0.307975 0.957221 
8 0.044902 0.142033 0.118461 0.142033 0.118461 0.237679 0.044902 0.237679
19 0.326994 0.588171 0.379846 0.588171 0.379846 0.726864 0.326994 0.726864
19 0.070523 0.622744 0.160095 0.622744 0.160095 0.763149 0.070523 0.763149
19 0.631206 0.666693 0.720880 0.666693 0.720880 0.806002 0.631206 0.806002
12 0.299201 0.330697 0.411199 0.330697 0.411199 0.529915 0.299201 0.529915
8 0.886648 0.141039 0.960234 0.141039 0.960234 0.235656 0.886648 0.235656
1 0.550000 0.148472 0.967500 0.148472 0.967500 0.240175 0.550000 0.240175
1 0.047500 0.144105 0.450000 0.144105 0.450000 0.235808 0.047500 0.235808
19 0.450437 0.115714 0.540228 0.115714 0.540228 0.255610 0.450437 0.255610
