13 0.056178 0.847103 0.070489 0.847103 0.070489 0.880576 0.056178 0.880576 0.056178 0.847103
13 0.722844 0.846545 0.737156 0.846545 0.737156 0.880018 0.722844 0.880018 0.722844 0.846545
13 0.892844 0.143420 0.907156 0.143420 0.907156 0.176893 0.892844 0.176893 0.892844 0.143420
13 0.227130 0.143420 0.241441 0.143420 0.241441 0.176893 0.227130 0.176893 0.227130 0.143420
9 0.063335 0.872207 0.063332 0.855471 0.729999 0.854913 0.730001 0.871649 
9 0.896886 0.156037 0.903114 0.164275 0.733114 0.867400 0.726886 0.859162 
9 0.234286 0.168524 0.234286 0.151788 0.900000 0.151788 0.900000 0.168524 
9 0.231175 0.156022 0.237396 0.164290 0.066444 0.867973 0.060223 0.859705 
9 0.232430 0.167312 0.236141 0.153001 0.731855 0.856126 0.728145 0.870437 
22 0.176256 0.075762 0.217235 0.075762 0.217235 0.184099 0.176256 0.184099
22 0.738566 0.828597 0.781529 0.828597 0.781529 0.935490 0.738566 0.935490
22 0.909426 0.073683 0.949857 0.073683 0.949857 0.183379 0.909426 0.183379
19 0.100353 0.426108 0.132099 0.426108 0.132099 0.530555 0.100353 0.530555
22 0.006729 0.827745 0.048036 0.827745 0.048036 0.936864 0.006729 0.936864
18 0.684773 0.664095 0.751732 0.664095 0.751732 0.773083 0.684773 0.773083
18 0.574584 0.736553 0.641892 0.736553 0.641892 0.844292 0.574584 0.844292
