13 0.049602 0.803615 0.067223 0.803615 0.067223 0.834150 0.049602 0.834150 0.049602 0.803615
13 0.889305 0.800767 0.906927 0.800767 0.906927 0.831301 0.889305 0.831301 0.889305 0.800767
13 0.718248 0.525705 0.735869 0.525705 0.735869 0.556240 0.718248 0.556240 0.718248 0.525705
13 0.258856 0.419126 0.276477 0.419126 0.276477 0.449660 0.258856 0.449660 0.258856 0.419126
13 0.442023 0.081554 0.459644 0.081554 0.459644 0.112088 0.442023 0.112088 0.442023 0.081554
9 0.447626 0.091587 0.454040 0.102054 0.061620 0.824116 0.055206 0.813649 
9 0.267082 0.441959 0.268251 0.426827 0.727643 0.533406 0.726474 0.548539 
9 0.447837 0.102416 0.453830 0.091225 0.901112 0.810439 0.895119 0.821630 
18 0.245893 0.452472 0.301908 0.452472 0.301908 0.563775 0.245893 0.563775
18 0.665333 0.555847 0.735725 0.555847 0.735725 0.674242 0.665333 0.674242
18 0.409757 0.127643 0.469322 0.127643 0.469322 0.258366 0.409757 0.258366
