13 0.170088 0.433536 0.196578 0.433536 0.196578 0.490274 0.170088 0.490274 0.170088 0.433536
13 0.854507 0.431100 0.880997 0.431100 0.880997 0.487837 0.854507 0.487837 0.854507 0.431100
13 0.404943 0.433122 0.431433 0.433122 0.431433 0.489859 0.404943 0.489859 0.404943 0.433122
13 0.636755 0.432345 0.663245 0.432345 0.663245 0.489083 0.636755 0.489083 0.636755 0.432345
9 0.183344 0.476089 0.183322 0.447720 0.867741 0.445284 0.867763 0.473653 
22 0.139570 0.185837 0.222609 0.185837 0.222609 0.379227 0.139570 0.379227
22 0.378706 0.181391 0.461224 0.181391 0.461224 0.377755 0.378706 0.377755
22 0.609372 0.181637 0.696181 0.181637 0.696181 0.381045 0.609372 0.381045
22 0.824835 0.181295 0.910354 0.181295 0.910354 0.376475 0.824835 0.376475
8 0.166521 0.712770 0.240203 0.712770 0.240203 0.796165 0.166521 0.796165
8 0.809404 0.712486 0.880386 0.712486 0.880386 0.797985 0.809404 0.797985
2 0.257312 0.341319 0.306846 0.341319 0.306846 0.582331 0.257312 0.582331
2 0.522731 0.341839 0.570568 0.341839 0.570568 0.579644 0.522731 0.579644
2 0.733075 0.341933 0.780324 0.341933 0.780324 0.581157 0.733075 0.581157
19 0.408792 0.586347 0.641021 0.586347 0.641021 0.922674 0.408792 0.922674
1 0.168874 0.702128 0.400662 0.702128 0.400662 0.794326 0.168874 0.794326
1 0.655629 0.702128 0.877483 0.702128 0.877483 0.794326 0.655629 0.794326
