13 0.186080 0.534027 0.201175 0.534027 0.201175 0.551687 0.186080 0.551687 0.186080 0.534027
13 0.771865 0.602599 0.786959 0.602599 0.786959 0.620259 0.771865 0.620259 0.771865 0.602599
13 0.760835 0.387599 0.775930 0.387599 0.775930 0.405259 0.760835 0.405259 0.760835 0.387599
13 0.554544 0.180376 0.569639 0.180376 0.569639 0.198036 0.554544 0.198036 0.554544 0.180376
13 0.483262 0.517599 0.498356 0.517599 0.498356 0.535259 0.483262 0.535259 0.483262 0.517599
9 0.193252 0.547250 0.194003 0.538464 0.779787 0.607035 0.779036 0.615822 
9 0.764616 0.396693 0.772149 0.396164 0.783179 0.611164 0.775645 0.611693 
9 0.559633 0.192556 0.564550 0.185857 0.770841 0.393079 0.765924 0.399778 
9 0.196021 0.546271 0.191234 0.539444 0.559698 0.185793 0.564485 0.192620 
3 0.786007 0.523328 0.769904 0.636231 0.723339 0.736900 0.651360 0.814426 0.561765 0.860406 0.464264 0.869858 0.369422 0.841759 0.287518 0.779152 0.227426 0.688823 0.195659 0.580560 0.195659 0.466095 0.227426 0.357832 0.287518 0.267503 0.369422 0.204896 0.464264 0.176797 0.561765 0.186249 0.651360 0.232229 0.723339 0.309755 0.769904 0.410424 0.786007 0.523328
1 0.622642 0.536424 0.762264 0.536424 0.762264 0.642384 0.622642 0.642384
7 0.735025 0.563216 0.764851 0.563216 0.764851 0.596647 0.735025 0.596647
22 0.529491 0.077026 0.604676 0.077026 0.604676 0.172187 0.529491 0.172187
22 0.088667 0.503042 0.178445 0.503042 0.178445 0.601265 0.088667 0.601265
22 0.780680 0.586852 0.851014 0.586852 0.851014 0.685141 0.780680 0.685141
22 0.779323 0.308732 0.844171 0.308732 0.844171 0.406281 0.779323 0.406281
18 0.386173 0.630253 0.711447 0.630253 0.711447 0.739685 0.386173 0.739685
18 0.492945 0.242666 0.605850 0.242666 0.605850 0.338239 0.492945 0.338239
18 0.283145 0.444304 0.399010 0.444304 0.399010 0.540664 0.283145 0.540664
