13 0.156121 0.859067 0.165783 0.859067 0.165783 0.880064 0.156121 0.880064 0.156121 0.859067
13 0.709455 0.859067 0.719117 0.859067 0.719117 0.880064 0.709455 0.880064 0.709455 0.859067
13 0.835169 0.270040 0.844831 0.270040 0.844831 0.291037 0.835169 0.291037 0.835169 0.270040
13 0.282788 0.272110 0.292450 0.272110 0.292450 0.293107 0.282788 0.293107 0.282788 0.272110
13 0.495169 0.564035 0.504831 0.564035 0.504831 0.585033 0.495169 0.585033 0.495169 0.564035
9 0.161848 0.874441 0.160057 0.864690 0.839105 0.275663 0.840895 0.285414 
9 0.287623 0.287858 0.287615 0.277359 0.839996 0.275289 0.840004 0.285788 
9 0.837809 0.278330 0.842191 0.282747 0.716477 0.871774 0.712094 0.867356 
9 0.286327 0.287044 0.288911 0.278173 0.715578 0.865130 0.712994 0.874001 
9 0.285432 0.280380 0.289806 0.284838 0.163139 0.871794 0.158765 0.867336 
9 0.160952 0.874815 0.160952 0.864316 0.714286 0.864316 0.714286 0.874815 
18 0.211041 0.625066 0.299476 0.625066 0.299476 0.759457 0.211041 0.759457
18 0.385336 0.301722 0.480247 0.301722 0.480247 0.446816 0.385336 0.446816
19 0.807627 0.484979 0.979928 0.484979 0.979928 0.623823 0.807627 0.623823
19 0.033846 0.485645 0.202738 0.485645 0.202738 0.623754 0.033846 0.623754
18 0.323112 0.720419 0.413784 0.720419 0.413784 0.851849 0.323112 0.851849
18 0.654377 0.644111 0.740329 0.644111 0.740329 0.784179 0.654377 0.784179
