13 0.263237 0.857638 0.278303 0.857638 0.278303 0.881954 0.263237 0.881954 0.263237 0.857638
13 0.069117 0.442787 0.084183 0.442787 0.084183 0.467103 0.069117 0.467103 0.069117 0.442787
13 0.423096 0.114985 0.438162 0.114985 0.438162 0.139301 0.423096 0.139301 0.423096 0.114985
13 0.541468 0.400309 0.556534 0.400309 0.556534 0.424626 0.541468 0.424626 0.541468 0.400309
13 0.731069 0.830699 0.746135 0.830699 0.746135 0.855015 0.731069 0.855015 0.731069 0.830699
13 0.935983 0.229066 0.951049 0.229066 0.951049 0.253383 0.935983 0.253383 0.935983 0.229066
9 0.427072 0.125148 0.434187 0.129138 0.274328 0.871791 0.267212 0.867801 
9 0.078525 0.460218 0.074776 0.449672 0.428755 0.121870 0.432504 0.132416 
9 0.073645 0.458609 0.079656 0.451281 0.273776 0.866132 0.267764 0.873460 
9 0.545931 0.415990 0.552070 0.408945 0.741671 0.839335 0.735532 0.846380 
9 0.549979 0.418338 0.548022 0.406597 0.942538 0.235354 0.944494 0.247095 
9 0.940215 0.238296 0.946816 0.244153 0.741902 0.845786 0.735301 0.839929 
22 0.438795 0.050861 0.488369 0.050861 0.488369 0.154628 0.438795 0.154628
22 0.919105 0.113169 0.969896 0.113169 0.969896 0.218830 0.919105 0.218830
5 0.215408 0.226343 0.286497 0.226343 0.286497 0.355992 0.215408 0.355992
5 0.711988 0.261103 0.774614 0.261103 0.774614 0.392254 0.711988 0.392254
22 0.528450 0.284691 0.580452 0.284691 0.580452 0.386448 0.528450 0.386448
22 0.013139 0.398767 0.066150 0.398767 0.066150 0.502917 0.013139 0.502917
19 0.361864 0.463010 0.406570 0.463010 0.406570 0.562586 0.361864 0.562586
19 0.852806 0.524840 0.897627 0.524840 0.897627 0.626581 0.852806 0.626581
2 0.606898 0.578809 0.677743 0.578809 0.677743 0.671024 0.606898 0.671024
2 0.137477 0.610549 0.207375 0.610549 0.207375 0.706453 0.137477 0.706453
22 0.739279 0.832275 0.788158 0.832275 0.788158 0.935960 0.739279 0.935960
22 0.270076 0.862289 0.321026 0.862289 0.321026 0.967003 0.270076 0.967003
