13 0.499284 0.784070 0.514552 0.784070 0.514552 0.812951 0.499284 0.812951 0.499284 0.784070
13 0.941347 0.779840 0.956614 0.779840 0.956614 0.808721 0.941347 0.808721 0.941347 0.779840
13 0.500775 0.430111 0.516042 0.430111 0.516042 0.458991 0.500775 0.458991 0.500775 0.430111
13 0.024422 0.785481 0.039689 0.785481 0.039689 0.814361 0.024422 0.814361 0.024422 0.785481
13 0.362864 0.186146 0.378131 0.186146 0.378131 0.215027 0.362864 0.215027 0.362864 0.186146
13 0.671487 0.566900 0.686755 0.566900 0.686755 0.595781 0.671487 0.595781 0.671487 0.566900
9 0.032801 0.807141 0.032801 0.792701 0.950471 0.792701 0.950471 0.807141 
9 0.954192 0.793269 0.951223 0.806573 0.506179 0.451203 0.509148 0.437899 
9 0.509989 0.801360 0.502356 0.801303 0.503101 0.444522 0.510735 0.444580 
9 0.033164 0.806617 0.027964 0.796046 0.361188 0.209403 0.366388 0.219974 
3 0.694160 0.446985 0.684084 0.561208 0.654948 0.663053 0.609910 0.741484 0.553850 0.788001 0.492843 0.797564 0.433500 0.769136 0.382251 0.705799 0.344652 0.614414 0.324775 0.504886 0.324775 0.389084 0.344652 0.279556 0.382251 0.188171 0.433500 0.124833 0.492843 0.096405 0.553850 0.105968 0.609910 0.152486 0.654948 0.230917 0.684084 0.332762 0.694160 0.446985
1 0.507634 0.397112 0.711832 0.397112 0.711832 0.570397 0.507634 0.570397
1 0.751908 0.588448 0.967557 0.588448 0.967557 0.779783 0.751908 0.779783
8 0.509352 0.391433 0.546871 0.391433 0.546871 0.450724 0.509352 0.450724
8 0.929641 0.723850 0.967868 0.723850 0.967868 0.777916 0.929641 0.777916
19 0.165432 0.809924 0.344088 0.809924 0.344088 0.916799 0.165432 0.916799
19 0.705727 0.515938 0.758968 0.515938 0.758968 0.611051 0.705727 0.611051
19 0.463124 0.579265 0.500737 0.579265 0.500737 0.676921 0.463124 0.676921
19 0.064308 0.378966 0.210685 0.378966 0.210685 0.485189 0.064308 0.485189
19 0.679606 0.816837 0.741521 0.816837 0.741521 0.918244 0.679606 0.918244
