13 0.305056 0.090443 0.330373 0.090443 0.330373 0.113767 0.305056 0.113767 0.305056 0.090443
13 0.652485 0.090443 0.677801 0.090443 0.677801 0.113767 0.652485 0.113767 0.652485 0.090443
13 0.059587 0.315782 0.084903 0.315782 0.084903 0.339105 0.059587 0.339105 0.059587 0.315782
13 0.897258 0.315892 0.922574 0.315892 0.922574 0.339216 0.897258 0.339216 0.897258 0.315892
13 0.478770 0.475180 0.504087 0.475180 0.504087 0.498504 0.478770 0.498504 0.478770 0.475180
13 0.059430 0.633682 0.084746 0.633682 0.084746 0.657006 0.059430 0.657006 0.059430 0.633682
13 0.897501 0.636291 0.922817 0.636291 0.922817 0.659615 0.897501 0.659615 0.897501 0.636291
13 0.304675 0.861321 0.329992 0.861321 0.329992 0.884644 0.304675 0.884644 0.304675 0.861321
13 0.653056 0.860519 0.678373 0.860519 0.678373 0.883842 0.653056 0.883842 0.653056 0.860519
9 0.065916 0.327441 0.078574 0.327446 0.078417 0.645347 0.065759 0.645341 
9 0.076712 0.331574 0.067778 0.323313 0.313247 0.097975 0.322182 0.106236 
9 0.317714 0.107936 0.317714 0.096274 0.665143 0.096274 0.665143 0.107936 
9 0.903587 0.327558 0.916245 0.327550 0.916488 0.647949 0.903830 0.647957 
9 0.670180 0.876312 0.661249 0.868048 0.905693 0.643821 0.914624 0.652085 
9 0.317349 0.878813 0.317318 0.867152 0.665698 0.866350 0.665730 0.878011 
9 0.067596 0.649452 0.076580 0.641237 0.321825 0.868875 0.312841 0.877090 
9 0.074490 0.650739 0.069686 0.639950 0.489026 0.481448 0.493831 0.492237 
9 0.660668 0.106229 0.669618 0.097982 0.914391 0.323431 0.905441 0.331678 
19 0.273200 0.586558 0.374522 0.586558 0.374522 0.683125 0.273200 0.683125
