13 0.198290 0.891871 0.223058 0.891871 0.223058 0.917108 0.198290 0.917108 0.198290 0.891871
13 0.872448 0.891871 0.897215 0.891871 0.897215 0.917108 0.872448 0.917108 0.872448 0.891871
13 0.517867 0.263865 0.542635 0.263865 0.542635 0.289102 0.517867 0.289102 0.517867 0.263865
13 0.198290 0.077178 0.223058 0.077178 0.223058 0.102414 0.198290 0.102414 0.198290 0.077178
9 0.204482 0.083487 0.216866 0.083487 0.216866 0.910799 0.204482 0.910799 
9 0.207594 0.095269 0.213754 0.084323 0.533330 0.271010 0.527171 0.281957 
9 0.524884 0.279630 0.535618 0.273337 0.890199 0.901344 0.879464 0.907636 
9 0.210674 0.910799 0.210674 0.898181 0.884831 0.898181 0.884831 0.910799 
7 0.223632 0.135453 0.305831 0.135453 0.305831 0.232184 0.223632 0.232184
18 0.034489 0.167300 0.186146 0.167300 0.186146 0.272659 0.034489 0.272659
12 0.188050 0.776591 0.330209 0.776591 0.330209 0.923840 0.188050 0.923840
18 0.322864 0.282425 0.521280 0.282425 0.521280 0.388116 0.322864 0.388116
18 0.629439 0.777825 0.801428 0.777825 0.801428 0.883049 0.629439 0.883049
1 0.164087 0.132492 0.306502 0.132492 0.306502 0.274448 0.164087 0.274448
