13 0.130596 0.863675 0.153718 0.863675 0.153718 0.890611 0.130596 0.890611 0.130596 0.863675
13 0.338113 0.745008 0.361234 0.745008 0.361234 0.771944 0.338113 0.771944 0.338113 0.745008
13 0.112389 0.480818 0.135510 0.480818 0.135510 0.507754 0.112389 0.507754 0.112389 0.480818
13 0.224488 0.480598 0.247609 0.480598 0.247609 0.507534 0.224488 0.507534 0.224488 0.480598
13 0.338930 0.480818 0.362051 0.480818 0.362051 0.507754 0.338930 0.507754 0.338930 0.480818
13 0.794812 0.480818 0.817933 0.480818 0.817933 0.507754 0.794812 0.507754 0.794812 0.480818
13 0.338364 0.217301 0.361485 0.217301 0.361485 0.244237 0.338364 0.244237 0.338364 0.217301
13 0.129943 0.098151 0.153064 0.098151 0.153064 0.125087 0.129943 0.125087 0.129943 0.098151
9 0.144720 0.883178 0.139593 0.871107 0.803809 0.488250 0.808936 0.500321 
9 0.236046 0.500800 0.236050 0.487332 0.806374 0.487552 0.806371 0.501020 
9 0.344144 0.230765 0.355705 0.230773 0.355454 0.758480 0.343893 0.758472 
9 0.138943 0.117656 0.144064 0.105582 0.808933 0.488248 0.803812 0.500323 
9 0.345835 0.226010 0.354014 0.235529 0.128039 0.499045 0.119860 0.489526 
9 0.119853 0.499036 0.128046 0.489535 0.353770 0.753726 0.345576 0.763227 
22 0.312324 0.097592 0.389267 0.097592 0.389267 0.209812 0.312324 0.209812
22 0.028064 0.447157 0.106753 0.447157 0.106753 0.561288 0.028064 0.561288
22 0.833745 0.447381 0.909706 0.447381 0.909706 0.563852 0.833745 0.563852
22 0.362409 0.517227 0.438868 0.517227 0.438868 0.630103 0.362409 0.630103
22 0.316766 0.778441 0.389847 0.778441 0.389847 0.890262 0.316766 0.890262
