13 0.468524 0.918555 0.488932 0.918555 0.488932 0.942224 0.468524 0.942224 0.468524 0.918555
13 0.481422 0.502451 0.501830 0.502451 0.501830 0.526120 0.481422 0.526120 0.481422 0.502451
13 0.923862 0.504649 0.944270 0.504649 0.944270 0.528318 0.923862 0.528318 0.923862 0.504649
13 0.493155 0.092062 0.513563 0.092062 0.513563 0.115730 0.493155 0.115730 0.493155 0.092062
13 0.021816 0.502451 0.042224 0.502451 0.042224 0.526120 0.021816 0.526120 0.021816 0.502451
9 0.498260 0.103692 0.508458 0.104100 0.483827 0.930594 0.473629 0.930185 
9 0.032009 0.520203 0.032030 0.508369 0.934077 0.510566 0.934055 0.522401 
18 0.499095 0.358755 0.931746 0.358755 0.931746 0.487049 0.499095 0.487049
18 0.015443 0.535785 0.474013 0.535785 0.474013 0.663278 0.015443 0.663278
18 0.494915 0.542858 0.852751 0.542858 0.852751 0.659877 0.494915 0.659877
18 0.052136 0.360587 0.475511 0.360587 0.475511 0.487980 0.052136 0.487980
