13 0.293661 0.212955 0.314495 0.212955 0.314495 0.246569 0.293661 0.246569 0.293661 0.212955
13 0.668661 0.212717 0.689495 0.212717 0.689495 0.246331 0.668661 0.246331 0.668661 0.212717
13 0.200222 0.514393 0.221055 0.514393 0.221055 0.548007 0.200222 0.548007 0.200222 0.514393
13 0.761862 0.515119 0.782695 0.515119 0.782695 0.548732 0.761862 0.548732 0.761862 0.515119
13 0.105834 0.816982 0.126667 0.816982 0.126667 0.850596 0.105834 0.850596 0.105834 0.816982
13 0.855866 0.817479 0.876699 0.817479 0.876699 0.851092 0.855866 0.851092 0.855866 0.817479
9 0.304080 0.238165 0.304076 0.221359 0.679076 0.221120 0.679080 0.237927 
9 0.674419 0.233279 0.683738 0.225769 0.870942 0.830531 0.861623 0.838040 
9 0.116248 0.842192 0.116253 0.825385 0.866285 0.825882 0.866280 0.842689 
9 0.299423 0.225994 0.308733 0.233530 0.120906 0.837557 0.111595 0.830020 
9 0.210634 0.539603 0.210642 0.522797 0.772283 0.523522 0.772275 0.540329 
5 0.665518 0.309022 0.782172 0.309022 0.782172 0.452921 0.665518 0.452921
5 0.760503 0.609555 0.876422 0.609555 0.876422 0.748231 0.760503 0.748231
22 0.809536 0.447366 0.874418 0.447366 0.874418 0.592379 0.809536 0.592379
22 0.883109 0.769677 0.954772 0.769677 0.954772 0.919377 0.883109 0.919377
22 0.685245 0.057429 0.762663 0.057429 0.762663 0.204124 0.685245 0.204124
22 0.215332 0.055800 0.294592 0.055800 0.294592 0.200114 0.215332 0.200114
22 0.112147 0.446567 0.176154 0.446567 0.176154 0.595541 0.112147 0.595541
22 0.026438 0.774630 0.093604 0.774630 0.093604 0.923940 0.026438 0.923940
19 0.437547 0.357329 0.537490 0.357329 0.537490 0.499029 0.437547 0.499029
19 0.441543 0.659281 0.537145 0.659281 0.537145 0.798990 0.441543 0.798990
19 0.376609 0.061144 0.601308 0.061144 0.601308 0.199909 0.376609 0.199909
2 0.205270 0.327355 0.305755 0.327355 0.305755 0.429902 0.205270 0.429902
2 0.112484 0.633196 0.211601 0.633196 0.211601 0.728692 0.112484 0.728692
