13 0.104206 0.788483 0.113338 0.788483 0.113338 0.803353 0.104206 0.803353 0.104206 0.788483
13 0.486077 0.787803 0.495209 0.787803 0.495209 0.802673 0.486077 0.802673 0.486077 0.787803
13 0.869118 0.788483 0.878250 0.788483 0.878250 0.803353 0.869118 0.803353 0.869118 0.788483
13 0.486662 0.194198 0.495794 0.194198 0.495794 0.209068 0.486662 0.209068 0.486662 0.194198
9 0.108772 0.799636 0.108772 0.792201 0.873684 0.792201 0.873684 0.799636 
9 0.489652 0.204322 0.492804 0.198943 0.875260 0.793229 0.872108 0.798608 
9 0.488945 0.201627 0.493511 0.201639 0.492926 0.795244 0.488360 0.795232 
9 0.110348 0.798608 0.107196 0.793229 0.489652 0.198943 0.492804 0.204322 
12 0.481193 0.722411 0.534504 0.722411 0.534504 0.810427 0.481193 0.810427
19 0.684592 0.420924 0.816428 0.420924 0.816428 0.512066 0.684592 0.512066
22 0.465464 0.809363 0.510542 0.809363 0.510542 0.896086 0.465464 0.896086
22 0.062222 0.809910 0.107257 0.809910 0.107257 0.894417 0.062222 0.894417
22 0.866816 0.809991 0.914284 0.809991 0.914284 0.895033 0.866816 0.895033
19 0.230535 0.422942 0.285678 0.422942 0.285678 0.501814 0.230535 0.501814
19 0.268409 0.827218 0.304059 0.827218 0.304059 0.895251 0.268409 0.895251
19 0.659957 0.816471 0.717043 0.816471 0.717043 0.906079 0.659957 0.906079
22 0.471121 0.095734 0.521962 0.095734 0.521962 0.186483 0.471121 0.186483
