13 0.492832 0.498017 0.512488 0.498017 0.512488 0.519126 0.492832 0.519126 0.492832 0.498017
13 0.756129 0.215160 0.775785 0.215160 0.775785 0.236268 0.756129 0.236268 0.756129 0.215160
13 0.335917 0.138017 0.355573 0.138017 0.355573 0.159126 0.335917 0.159126 0.335917 0.138017
13 0.121378 0.497382 0.141034 0.497382 0.141034 0.518491 0.121378 0.518491 0.121378 0.497382
9 0.131198 0.513214 0.131213 0.502659 0.502667 0.503294 0.502652 0.513848 
9 0.762482 0.221984 0.769433 0.229445 0.506135 0.512302 0.499184 0.504841 
9 0.341294 0.150809 0.350195 0.146334 0.507110 0.506334 0.498209 0.510809 
3 0.874761 0.506332 0.854642 0.635808 0.796465 0.751252 0.706533 0.840156 0.594594 0.892885 0.472776 0.903725 0.354282 0.871501 0.251951 0.799705 0.176872 0.696118 0.137183 0.571965 0.137183 0.440700 0.176872 0.316546 0.251951 0.212959 0.354282 0.141164 0.472776 0.108940 0.594594 0.119780 0.706533 0.172509 0.796465 0.261413 0.854642 0.376857 0.874761 0.506332
18 0.494907 0.534717 0.596498 0.534717 0.596498 0.648479 0.494907 0.648479
18 0.281791 0.368945 0.431985 0.368945 0.431985 0.482641 0.281791 0.482641
18 0.469213 0.288419 0.615908 0.288419 0.615908 0.401626 0.469213 0.401626
