13 0.209725 0.809296 0.227307 0.809296 0.227307 0.832023 0.209725 0.832023 0.209725 0.809296
13 0.763936 0.810974 0.781518 0.810974 0.781518 0.833701 0.763936 0.833701 0.763936 0.810974
13 0.938111 0.811494 0.955694 0.811494 0.955694 0.834221 0.938111 0.834221 0.938111 0.811494
13 0.688111 0.451494 0.705694 0.451494 0.705694 0.474221 0.688111 0.474221 0.688111 0.451494
13 0.840766 0.338351 0.858349 0.338351 0.858349 0.361078 0.840766 0.361078 0.840766 0.338351
13 0.361563 0.070351 0.379145 0.070351 0.379145 0.093078 0.361563 0.093078 0.361563 0.070351
13 0.313726 0.299113 0.331308 0.299113 0.331308 0.321840 0.313726 0.321840 0.313726 0.299113
13 0.053156 0.068636 0.070738 0.068636 0.070738 0.091364 0.053156 0.091364 0.053156 0.068636
13 0.099616 0.288636 0.117198 0.288636 0.117198 0.311364 0.099616 0.311364 0.099616 0.288636
9 0.057707 0.081498 0.066187 0.078502 0.222756 0.819162 0.214276 0.822157 
9 0.366106 0.080256 0.374602 0.083173 0.222764 0.822118 0.214268 0.819201 
9 0.220714 0.825580 0.216318 0.815739 0.847360 0.344794 0.851755 0.354635 
9 0.218506 0.826341 0.218526 0.814978 0.946913 0.817175 0.946892 0.828539 
22 0.025074 0.244785 0.082113 0.244785 0.082113 0.340577 0.025074 0.340577
22 0.345842 0.279460 0.407162 0.279460 0.407162 0.379520 0.345842 0.379520
22 0.674000 0.501376 0.725471 0.501376 0.725471 0.601140 0.674000 0.601140
22 0.174050 0.857132 0.244342 0.857132 0.244342 0.957086 0.174050 0.957086
22 0.731608 0.857742 0.813107 0.857742 0.813107 0.956204 0.731608 0.956204
