13 0.491051 0.089546 0.508949 0.089546 0.508949 0.119285 0.491051 0.119285 0.491051 0.089546
13 0.253556 0.307352 0.271453 0.307352 0.271453 0.337092 0.253556 0.337092 0.253556 0.307352
13 0.728670 0.308155 0.746567 0.308155 0.746567 0.337895 0.728670 0.337895 0.728670 0.308155
13 0.490546 0.676559 0.508443 0.676559 0.508443 0.706298 0.490546 0.706298 0.490546 0.676559
13 0.787157 0.747035 0.805054 0.747035 0.805054 0.776775 0.787157 0.776775 0.787157 0.747035
13 0.194946 0.747035 0.212843 0.747035 0.212843 0.776775 0.194946 0.776775 0.194946 0.747035
9 0.204530 0.769264 0.203259 0.754545 0.498859 0.684069 0.500130 0.698788 
9 0.498861 0.698789 0.500128 0.684068 0.796739 0.754545 0.795472 0.769265 
9 0.733250 0.324633 0.741987 0.321418 0.800474 0.760297 0.791737 0.763512 
9 0.497833 0.110920 0.502167 0.097911 0.739786 0.316521 0.735452 0.329530 
9 0.264667 0.328732 0.260343 0.315713 0.497838 0.097906 0.502162 0.110925 
9 0.258136 0.320614 0.266873 0.323830 0.208263 0.763513 0.199526 0.760297 
0 0.246773 0.276393 0.314075 0.276393 0.314075 0.409462 0.246773 0.409462
0 0.685805 0.273846 0.751588 0.273846 0.751588 0.407035 0.685805 0.407035
4 0.207035 0.652668 0.267168 0.652668 0.267168 0.761808 0.207035 0.761808
4 0.730649 0.654635 0.790811 0.654635 0.790811 0.761029 0.730649 0.761029
19 0.201824 0.076193 0.388922 0.076193 0.388922 0.196027 0.201824 0.196027
19 0.600299 0.076073 0.791243 0.076073 0.791243 0.197174 0.600299 0.197174
0 0.445344 0.127996 0.553524 0.127996 0.553524 0.207890 0.445344 0.207890
19 0.027763 0.455010 0.217490 0.455010 0.217490 0.576354 0.027763 0.576354
19 0.776205 0.456866 0.965525 0.456866 0.965525 0.576512 0.776205 0.576512
19 0.264900 0.760984 0.453018 0.760984 0.453018 0.878677 0.264900 0.878677
19 0.556173 0.759938 0.747321 0.759938 0.747321 0.879011 0.556173 0.879011
