13 0.021439 0.415910 0.035450 0.415910 0.035450 0.458920 0.021439 0.458920 0.021439 0.415910
13 0.149217 0.248563 0.163227 0.248563 0.163227 0.291573 0.149217 0.291573 0.149217 0.248563
13 0.150943 0.604868 0.164954 0.604868 0.164954 0.647879 0.150943 0.647879 0.150943 0.604868
13 0.385722 0.446027 0.399733 0.446027 0.399733 0.489038 0.385722 0.489038 0.385722 0.446027
13 0.461328 0.348757 0.475339 0.348757 0.475339 0.391768 0.461328 0.391768 0.461328 0.348757
13 0.617610 0.645685 0.631621 0.645685 0.631621 0.688695 0.617610 0.688695 0.617610 0.645685
13 0.903828 0.393461 0.917839 0.393461 0.917839 0.436471 0.903828 0.436471 0.903828 0.393461
13 0.616328 0.075433 0.630339 0.075433 0.630339 0.118444 0.616328 0.118444 0.616328 0.075433
9 0.029819 0.447305 0.027070 0.427525 0.154848 0.260178 0.157597 0.279958 
9 0.155303 0.280444 0.157141 0.259692 0.393647 0.457157 0.391808 0.477908 
9 0.158703 0.636874 0.157195 0.615873 0.391973 0.457032 0.393481 0.478033 
9 0.026941 0.447127 0.029948 0.427703 0.159452 0.616662 0.156445 0.636085 
9 0.625582 0.677525 0.623649 0.656855 0.909867 0.404631 0.911800 0.425301 
9 0.622146 0.107055 0.624521 0.086823 0.912021 0.404850 0.909646 0.425082 
9 0.466490 0.379406 0.470177 0.361119 0.626459 0.658047 0.622772 0.676333 
9 0.470078 0.379586 0.466589 0.360938 0.621589 0.087615 0.625078 0.106263 
19 0.767335 0.562652 0.877011 0.562652 0.877011 0.702399 0.767335 0.702399
17 0.060576 0.768682 0.308944 0.768682 0.308944 0.943687 0.060576 0.943687
17 0.554594 0.768394 0.827331 0.768394 0.827331 0.947514 0.554594 0.947514
19 0.259915 0.575267 0.290561 0.575267 0.290561 0.681879 0.259915 0.681879
