13 0.024044 0.109622 0.050360 0.109622 0.050360 0.143235 0.024044 0.143235 0.024044 0.109622
13 0.560949 0.109136 0.587265 0.109136 0.587265 0.142750 0.560949 0.142750 0.560949 0.109136
13 0.293283 0.888091 0.319599 0.888091 0.319599 0.921705 0.293283 0.921705 0.293283 0.888091
9 0.037207 0.134832 0.037198 0.118025 0.574102 0.117539 0.574112 0.134346 
9 0.568083 0.122566 0.580131 0.129320 0.312466 0.908275 0.300417 0.901521 
9 0.031184 0.129824 0.043220 0.123033 0.312459 0.901502 0.300423 0.908294 
2 0.388756 0.469335 0.492910 0.469335 0.492910 0.562981 0.388756 0.562981
1 0.509868 0.138655 0.605263 0.138655 0.605263 0.256303 0.509868 0.256303
2 0.120337 0.469619 0.222746 0.469619 0.222746 0.561844 0.120337 0.561844
1 0.286184 0.781513 0.398026 0.781513 0.398026 0.915966 0.286184 0.915966
7 0.516037 0.149674 0.549804 0.149674 0.549804 0.197098 0.516037 0.197098
7 0.290140 0.791765 0.324083 0.791765 0.324083 0.840052 0.290140 0.840052
18 0.406281 0.790994 0.784662 0.790994 0.784662 0.935405 0.406281 0.935405
18 0.609026 0.168674 0.950940 0.168674 0.950940 0.311880 0.609026 0.311880
