13 0.064837 0.891197 0.086057 0.891197 0.086057 0.916041 0.064837 0.916041 0.064837 0.891197
13 0.895894 0.890435 0.917114 0.890435 0.917114 0.915280 0.895894 0.915280 0.895894 0.890435
13 0.479634 0.052067 0.500854 0.052067 0.500854 0.076912 0.479634 0.076912 0.479634 0.052067
13 0.895662 0.328394 0.916882 0.328394 0.916882 0.353239 0.895662 0.353239 0.895662 0.328394
9 0.075451 0.909830 0.075443 0.897408 0.906500 0.896646 0.906508 0.909068 
9 0.900967 0.340819 0.911577 0.340813 0.911809 0.902854 0.901199 0.902860 
9 0.487626 0.069892 0.492862 0.059087 0.908889 0.335414 0.903654 0.346219 
9 0.485652 0.061379 0.494835 0.067601 0.080039 0.906730 0.070856 0.900508 
9 0.485658 0.067611 0.494830 0.061368 0.911090 0.899736 0.901918 0.905979 
7 0.531569 0.112331 0.612526 0.112331 0.612526 0.200922 0.531569 0.200922
2 0.707554 0.173236 0.781925 0.173236 0.781925 0.294164 0.707554 0.294164
18 0.782798 0.342557 0.882488 0.342557 0.882488 0.459418 0.782798 0.459418
5 0.223730 0.417485 0.342639 0.417485 0.342639 0.537937 0.223730 0.537937
5 0.639848 0.418306 0.756433 0.418306 0.756433 0.536753 0.639848 0.536753
2 0.854969 0.559729 0.967449 0.559729 0.967449 0.622885 0.854969 0.622885
12 0.804086 0.778085 0.926331 0.778085 0.926331 0.923505 0.804086 0.923505
5 0.445853 0.833135 0.527599 0.833135 0.527599 0.971104 0.445853 0.971104
18 0.652000 0.042211 0.765636 0.042211 0.765636 0.147361 0.652000 0.147361
1 0.533156 0.111801 0.694960 0.111801 0.694960 0.204969 0.533156 0.204969
