13 0.194315 0.198485 0.214365 0.198485 0.214365 0.249441 0.194315 0.249441 0.194315 0.198485
13 0.776852 0.207092 0.796902 0.207092 0.796902 0.258048 0.776852 0.258048 0.776852 0.207092
13 0.090226 0.666116 0.110276 0.666116 0.110276 0.717072 0.090226 0.717072 0.090226 0.666116
13 0.880715 0.671888 0.900765 0.671888 0.900765 0.722844 0.880715 0.722844 0.880715 0.671888
9 0.099981 0.706768 0.100008 0.681290 0.890559 0.686705 0.890532 0.712182 
9 0.203761 0.244548 0.203729 0.219070 0.786858 0.214305 0.786890 0.239783 
9 0.200046 0.222190 0.208694 0.235075 0.102444 0.695706 0.093795 0.682822 
9 0.781902 0.238154 0.790595 0.225464 0.894346 0.684508 0.885653 0.697197 
22 0.799499 0.127389 0.852130 0.127389 0.852130 0.280255 0.799499 0.280255
22 0.127820 0.146497 0.180451 0.146497 0.180451 0.292994 0.127820 0.292994
2 0.122807 0.394904 0.180451 0.394904 0.180451 0.509554 0.122807 0.509554
2 0.809524 0.407643 0.867168 0.407643 0.867168 0.515924 0.809524 0.515924
22 0.032581 0.617834 0.085213 0.617834 0.085213 0.770701 0.032581 0.770701
22 0.892231 0.617834 0.947368 0.617834 0.947368 0.777070 0.892231 0.777070
19 0.406015 0.057325 0.586466 0.057325 0.586466 0.210191 0.406015 0.210191
19 0.416040 0.732484 0.593985 0.732484 0.593985 0.885350 0.416040 0.885350
