13 0.550970 0.073068 0.579238 0.073068 0.579238 0.104075 0.550970 0.104075 0.550970 0.073068
13 0.480397 0.207925 0.508666 0.207925 0.508666 0.238932 0.480397 0.238932 0.480397 0.207925
13 0.208728 0.725248 0.236996 0.725248 0.236996 0.756256 0.208728 0.756256 0.208728 0.725248
13 0.752793 0.725925 0.781061 0.725925 0.781061 0.756932 0.752793 0.756932 0.752793 0.725925
13 0.895486 0.727353 0.923754 0.727353 0.923754 0.758361 0.895486 0.758361 0.895486 0.727353
9 0.558979 0.084704 0.571229 0.092439 0.228987 0.744619 0.216737 0.736885 
9 0.222842 0.748504 0.222882 0.733000 0.909640 0.735105 0.909600 0.750609 
22 0.360204 0.138516 0.447585 0.138516 0.447585 0.280376 0.360204 0.280376
22 0.097283 0.732522 0.186450 0.732522 0.186450 0.870635 0.097283 0.870635
22 0.715652 0.793878 0.822107 0.793878 0.822107 0.934792 0.715652 0.934792
18 0.309770 0.578438 0.494333 0.578438 0.494333 0.708477 0.309770 0.708477
