13 0.033004 0.742268 0.053155 0.742268 0.053155 0.769478 0.033004 0.769478 0.033004 0.742268
13 0.598399 0.869823 0.618550 0.869823 0.618550 0.897034 0.598399 0.897034 0.598399 0.869823
13 0.506874 0.617823 0.527025 0.617823 0.527025 0.645034 0.506874 0.645034 0.506874 0.617823
13 0.411393 0.352871 0.431544 0.352871 0.431544 0.380082 0.411393 0.380082 0.411393 0.352871
13 0.326789 0.123537 0.346940 0.123537 0.346940 0.150748 0.326789 0.150748 0.326789 0.123537
13 0.922128 0.217823 0.942279 0.217823 0.942279 0.245034 0.922128 0.245034 0.922128 0.217823
13 0.922128 0.509252 0.942279 0.509252 0.942279 0.536463 0.922128 0.536463 0.922128 0.509252
13 0.031628 0.454064 0.051779 0.454064 0.051779 0.481275 0.031628 0.481275 0.031628 0.454064
9 0.044039 0.762551 0.042119 0.749195 0.931244 0.516179 0.933163 0.529535 
9 0.042675 0.474344 0.040733 0.460994 0.931232 0.224753 0.933175 0.238104 
9 0.332343 0.140143 0.341386 0.134142 0.612996 0.880428 0.603953 0.886429 
20 0.857998 0.090720 0.921789 0.090720 0.921789 0.199700 0.857998 0.199700
20 0.854810 0.379000 0.916563 0.379000 0.916563 0.491138 0.854810 0.491138
18 0.408584 0.207946 0.564564 0.207946 0.564564 0.318677 0.408584 0.318677
18 0.500851 0.465600 0.658292 0.465600 0.658292 0.578469 0.500851 0.578469
