13 0.280727 0.734351 0.299462 0.734351 0.299462 0.757078 0.280727 0.757078 0.280727 0.734351
13 0.854697 0.736169 0.873433 0.736169 0.873433 0.758896 0.854697 0.758896 0.854697 0.736169
13 0.649195 0.152153 0.667931 0.152153 0.667931 0.174880 0.649195 0.174880 0.649195 0.152153
13 0.077253 0.151753 0.095989 0.151753 0.095989 0.174481 0.077253 0.174481 0.077253 0.151753
9 0.290082 0.751396 0.290107 0.740032 0.864077 0.741851 0.864053 0.753214 
9 0.082308 0.165333 0.090934 0.160900 0.294407 0.743498 0.285782 0.747931 
9 0.086618 0.168799 0.086624 0.157435 0.658566 0.157835 0.658560 0.169198 
9 0.654255 0.165747 0.662871 0.161286 0.868373 0.745302 0.859757 0.749763 
18 0.291923 0.596056 0.626632 0.596056 0.626632 0.726569 0.291923 0.726569
22 0.011730 0.062318 0.082378 0.062318 0.082378 0.171115 0.011730 0.171115
22 0.681851 0.060134 0.765054 0.060134 0.765054 0.171855 0.681851 0.171855
18 0.135763 0.178925 0.265925 0.178925 0.265925 0.290198 0.135763 0.290198
22 0.862953 0.752222 0.933337 0.752222 0.933337 0.863708 0.862953 0.863708
22 0.181452 0.749021 0.282456 0.749021 0.282456 0.861114 0.181452 0.861114
19 0.266401 0.034020 0.496916 0.034020 0.496916 0.142648 0.266401 0.142648
19 0.431635 0.764853 0.662875 0.764853 0.662875 0.873873 0.431635 0.873873
