13 0.407442 0.452573 0.424609 0.452573 0.424609 0.471712 0.407442 0.471712 0.407442 0.452573
13 0.701958 0.451383 0.719125 0.451383 0.719125 0.470522 0.701958 0.470522 0.701958 0.451383
13 0.506801 0.761859 0.523968 0.761859 0.523968 0.780998 0.506801 0.780998 0.506801 0.761859
9 0.411985 0.463756 0.420066 0.460530 0.519425 0.769815 0.511344 0.773042 
9 0.416041 0.466928 0.416010 0.457358 0.710526 0.456168 0.710557 0.465737 
3 0.709516 0.460251 0.693558 0.566866 0.647412 0.661927 0.576080 0.735133 0.487291 0.778552 0.390667 0.787478 0.296679 0.760944 0.215511 0.701825 0.155960 0.616528 0.124479 0.514295 0.124479 0.406207 0.155960 0.303975 0.215511 0.218677 0.296679 0.159559 0.390667 0.133024 0.487291 0.141950 0.576080 0.185369 0.647412 0.258575 0.693558 0.353637 0.709516 0.460251
22 0.495581 0.787851 0.579801 0.787851 0.579801 0.889864 0.495581 0.889864
22 0.734043 0.414486 0.803801 0.414486 0.803801 0.517815 0.734043 0.517815
22 0.309225 0.396822 0.386851 0.396822 0.386851 0.502838 0.309225 0.502838
19 0.678786 0.639479 0.939862 0.639479 0.939862 0.745088 0.678786 0.745088
18 0.465426 0.473317 0.593330 0.473317 0.593330 0.577624 0.465426 0.577624
