13 0.482833 0.445616 0.517167 0.445616 0.517167 0.480099 0.482833 0.480099 0.482833 0.445616
13 0.058169 0.356515 0.092504 0.356515 0.092504 0.390998 0.058169 0.390998 0.058169 0.356515
13 0.480518 0.044134 0.514853 0.044134 0.514853 0.078617 0.480518 0.078617 0.480518 0.044134
13 0.905691 0.355066 0.940026 0.355066 0.940026 0.389549 0.905691 0.389549 0.905691 0.355066
13 0.744196 0.858711 0.778531 0.858711 0.778531 0.893194 0.744196 0.893194 0.744196 0.858711
13 0.216497 0.858949 0.250832 0.858949 0.250832 0.893432 0.216497 0.893432 0.216497 0.858949
9 0.073581 0.382195 0.077092 0.365318 0.501755 0.454419 0.498245 0.471296 
9 0.080427 0.380698 0.070247 0.366815 0.492595 0.054434 0.502775 0.068317 
9 0.492632 0.068345 0.502738 0.054407 0.927911 0.365339 0.917806 0.379277 
9 0.914688 0.369665 0.931029 0.374950 0.769534 0.878595 0.753193 0.873310 
9 0.233669 0.884811 0.233661 0.867570 0.761360 0.867332 0.761367 0.884573 
9 0.067153 0.376358 0.083520 0.371155 0.241848 0.873589 0.225481 0.878792 
19 0.265737 0.293592 0.482311 0.293592 0.482311 0.398862 0.265737 0.398862
