13 0.165667 0.136484 0.182333 0.136484 0.182333 0.182198 0.165667 0.182198 0.165667 0.136484
13 0.477667 0.136484 0.494333 0.136484 0.494333 0.182198 0.477667 0.182198 0.477667 0.136484
13 0.632810 0.196923 0.649476 0.196923 0.649476 0.242637 0.632810 0.242637 0.632810 0.196923
13 0.798333 0.195702 0.815000 0.195702 0.815000 0.241416 0.798333 0.241416 0.798333 0.195702
13 0.068810 0.680440 0.085476 0.680440 0.085476 0.726154 0.068810 0.726154 0.068810 0.680440
13 0.379667 0.685934 0.396333 0.685934 0.396333 0.731648 0.379667 0.731648 0.379667 0.685934
13 0.735222 0.772015 0.751889 0.772015 0.751889 0.817729 0.735222 0.817729 0.735222 0.772015
13 0.900167 0.769725 0.916833 0.769725 0.916833 0.815440 0.900167 0.815440 0.900167 0.769725
9 0.077116 0.714725 0.077170 0.691868 0.388027 0.697363 0.387973 0.720220 
9 0.174000 0.170769 0.174000 0.147912 0.486000 0.147912 0.486000 0.170769 
9 0.802920 0.223560 0.810413 0.213559 0.912247 0.787582 0.904753 0.797583 
9 0.637399 0.224796 0.644887 0.214764 0.747299 0.789856 0.739812 0.799888 
9 0.170256 0.154325 0.177744 0.164356 0.080887 0.708312 0.073399 0.698281 
9 0.482257 0.154318 0.489743 0.164363 0.391743 0.713813 0.384257 0.703769 
9 0.640501 0.222517 0.640501 0.199660 0.805432 0.199660 0.805432 0.222517 
9 0.743577 0.806300 0.743534 0.783443 0.908479 0.781154 0.908521 0.804011 
22 0.118750 0.057143 0.160417 0.057143 0.160417 0.188571 0.118750 0.188571
19 0.666667 0.062857 0.781250 0.062857 0.781250 0.188571 0.666667 0.188571
22 0.487500 0.085714 0.529167 0.085714 0.529167 0.222857 0.487500 0.222857
23 0.414583 0.131429 0.475000 0.131429 0.475000 0.325714 0.414583 0.325714
22 0.587500 0.137143 0.631250 0.137143 0.631250 0.274286 0.587500 0.274286
22 0.818750 0.137143 0.868750 0.137143 0.868750 0.268571 0.818750 0.268571
14 0.131250 0.137143 0.256250 0.137143 0.256250 0.371429 0.131250 0.371429
23 0.652083 0.188571 0.708333 0.188571 0.708333 0.388571 0.652083 0.388571
4 0.750000 0.200000 0.835417 0.200000 0.835417 0.371429 0.750000 0.371429
19 0.445833 0.382857 0.495833 0.382857 0.495833 0.508571 0.445833 0.508571
19 0.862500 0.388571 0.977083 0.388571 0.977083 0.514286 0.862500 0.514286
0 0.085417 0.548571 0.137500 0.548571 0.137500 0.725714 0.085417 0.725714
4 0.329167 0.554286 0.416667 0.554286 0.416667 0.720000 0.329167 0.720000
22 0.020833 0.628571 0.062500 0.628571 0.062500 0.765714 0.020833 0.765714
22 0.391667 0.640000 0.433333 0.640000 0.433333 0.771429 0.391667 0.771429
0 0.847917 0.634286 0.897917 0.634286 0.897917 0.811429 0.847917 0.811429
19 0.247917 0.725714 0.297917 0.725714 0.297917 0.845714 0.247917 0.845714
22 0.677083 0.714286 0.718750 0.714286 0.718750 0.851429 0.677083 0.851429
22 0.914583 0.714286 0.950000 0.714286 0.950000 0.851429 0.914583 0.851429
14 0.704167 0.565714 0.827083 0.565714 0.827083 0.822857 0.704167 0.822857
