13 0.030083 0.044131 0.051135 0.044131 0.051135 0.067869 0.030083 0.067869 0.030083 0.044131
13 0.456479 0.044131 0.477531 0.044131 0.477531 0.067869 0.456479 0.067869 0.456479 0.044131
13 0.775814 0.243195 0.796867 0.243195 0.796867 0.266934 0.775814 0.266934 0.775814 0.243195
13 0.944634 0.548131 0.965687 0.548131 0.965687 0.571869 0.944634 0.571869 0.944634 0.548131
13 0.454493 0.867999 0.475546 0.867999 0.475546 0.891738 0.454493 0.891738 0.454493 0.867999
13 0.945634 0.870728 0.966687 0.870728 0.966687 0.894467 0.945634 0.894467 0.945634 0.870728
9 0.464516 0.888750 0.464516 0.876881 0.953371 0.876881 0.953371 0.888750 
9 0.959571 0.881779 0.949045 0.881740 0.949981 0.558604 0.960508 0.558643 
9 0.953528 0.553498 0.958834 0.563749 0.466232 0.887941 0.460926 0.877690 
9 0.469076 0.885780 0.459956 0.879852 0.781177 0.251532 0.790297 0.257460 
9 0.469779 0.882808 0.459253 0.882823 0.458316 0.054920 0.468842 0.054904 
9 0.032917 0.056834 0.042022 0.050878 0.469068 0.880894 0.459963 0.886850 
9 0.037446 0.058735 0.037493 0.046865 0.463602 0.048977 0.463556 0.060847 
9 0.460140 0.060133 0.465145 0.049691 0.789176 0.247163 0.784171 0.257605 
9 0.782206 0.255521 0.791141 0.249246 0.959712 0.554430 0.950777 0.560705 
12 0.385096 0.034955 0.480890 0.034955 0.480890 0.143720 0.385096 0.143720
12 0.689828 0.205753 0.795718 0.205753 0.795718 0.325264 0.689828 0.325264
19 0.178195 0.460503 0.238008 0.460503 0.238008 0.553528 0.178195 0.553528
18 0.316882 0.482868 0.444441 0.482868 0.444441 0.590995 0.316882 0.590995
18 0.483411 0.490237 0.609650 0.490237 0.609650 0.596640 0.483411 0.596640
12 0.857268 0.488740 0.965440 0.488740 0.965440 0.605902 0.857268 0.605902
18 0.608375 0.615552 0.738199 0.615552 0.738199 0.720904 0.608375 0.720904
18 0.638530 0.750401 0.767525 0.750401 0.767525 0.855554 0.638530 0.855554
12 0.875247 0.792549 0.970507 0.792549 0.970507 0.901422 0.875247 0.901422
19 0.678522 0.898876 0.739124 0.898876 0.739124 0.978052 0.678522 0.978052
