13 0.129205 0.801270 0.156509 0.801270 0.156509 0.833016 0.129205 0.833016 0.129205 0.801270
13 0.749895 0.801270 0.777199 0.801270 0.777199 0.833016 0.749895 0.833016 0.749895 0.801270
13 0.749895 0.172698 0.777199 0.172698 0.777199 0.204444 0.749895 0.204444 0.749895 0.172698
9 0.147340 0.823128 0.138374 0.811158 0.759064 0.182587 0.768030 0.194556 
9 0.756721 0.180635 0.770373 0.180635 0.770373 0.825079 0.756721 0.825079 
9 0.142857 0.825079 0.142857 0.809206 0.763547 0.809206 0.763547 0.825079 
12 0.673169 0.713026 0.778930 0.713026 0.778930 0.838125 0.673169 0.838125
19 0.315027 0.415368 0.416218 0.415368 0.416218 0.524204 0.315027 0.524204
22 0.736251 0.034191 0.828227 0.034191 0.828227 0.154326 0.736251 0.154326
22 0.775198 0.811639 0.860266 0.811639 0.860266 0.930171 0.775198 0.930171
22 0.028023 0.811830 0.118629 0.811830 0.118629 0.932067 0.028023 0.932067
19 0.779680 0.447480 0.881103 0.447480 0.881103 0.558124 0.779680 0.558124
