13 0.093114 0.098669 0.113114 0.098669 0.113114 0.121331 0.093114 0.121331 0.093114 0.098669
13 0.300376 0.213604 0.320376 0.213604 0.320376 0.236267 0.300376 0.236267 0.300376 0.213604
13 0.482654 0.310746 0.502654 0.310746 0.502654 0.333409 0.482654 0.333409 0.482654 0.310746
13 0.740000 0.448669 0.760000 0.448669 0.760000 0.471331 0.740000 0.471331 0.740000 0.448669
13 0.920556 0.546288 0.940556 0.546288 0.940556 0.568950 0.920556 0.568950 0.920556 0.546288
13 0.709467 0.612565 0.729467 0.612565 0.729467 0.635228 0.709467 0.635228 0.709467 0.612565
13 0.496313 0.682002 0.516313 0.682002 0.516313 0.704665 0.496313 0.704665 0.496313 0.682002
13 0.282929 0.749811 0.302929 0.749811 0.302929 0.772474 0.282929 0.772474 0.282929 0.749811
13 0.097008 0.808669 0.117008 0.808669 0.117008 0.831331 0.097008 0.831331 0.097008 0.808669
9 0.100960 0.115113 0.105269 0.104887 0.932710 0.552506 0.928401 0.562732 
9 0.108361 0.825454 0.105654 0.814546 0.929202 0.552165 0.931909 0.563073 
3 0.931982 0.502429 0.912472 0.634915 0.856055 0.753044 0.768846 0.844015 0.660294 0.897970 0.542164 0.909062 0.427255 0.876089 0.328021 0.802624 0.255215 0.696628 0.216727 0.569588 0.216727 0.435270 0.255215 0.308230 0.328021 0.202234 0.427255 0.128770 0.542164 0.095796 0.660294 0.106888 0.768846 0.160843 0.856055 0.251814 0.912472 0.369943 0.931982 0.502429
3 0.751610 0.502388 0.741827 0.568813 0.713541 0.628041 0.669816 0.673652 0.615391 0.700704 0.556162 0.706265 0.498550 0.689733 0.448796 0.652899 0.412292 0.599755 0.392995 0.536060 0.392995 0.468716 0.412292 0.405020 0.448796 0.351876 0.498550 0.315042 0.556162 0.298510 0.615391 0.304072 0.669816 0.331124 0.713541 0.376734 0.741827 0.435962 0.751610 0.502388
18 0.104793 0.451862 0.188242 0.451862 0.188242 0.549846 0.104793 0.549846
18 0.277014 0.447083 0.367730 0.447083 0.367730 0.548964 0.277014 0.548964
18 0.650619 0.502807 0.739764 0.502807 0.739764 0.600859 0.650619 0.600859
