13 0.062392 0.259479 0.084072 0.259479 0.084072 0.299280 0.062392 0.299280 0.062392 0.259479
13 0.378398 0.843340 0.400078 0.843340 0.400078 0.883141 0.378398 0.883141 0.378398 0.843340
13 0.960827 0.842904 0.982507 0.842904 0.982507 0.882705 0.960827 0.882705 0.960827 0.842904
13 0.645160 0.261197 0.666840 0.261197 0.666840 0.300998 0.645160 0.300998 0.645160 0.261197
13 0.644210 0.842258 0.665891 0.842258 0.665891 0.882059 0.644210 0.882059 0.644210 0.842258
9 0.069388 0.286392 0.077077 0.272366 0.393083 0.856227 0.385393 0.870254 
9 0.389240 0.873191 0.389236 0.853290 0.971664 0.852855 0.971669 0.872755 
9 0.652160 0.288120 0.659840 0.274075 0.975506 0.855782 0.967827 0.869827 
9 0.073224 0.289329 0.073241 0.269429 0.656009 0.271147 0.655991 0.291048 
9 0.650580 0.281068 0.661420 0.281127 0.660471 0.862188 0.649630 0.862128 
12 0.586354 0.729240 0.669352 0.729240 0.669352 0.887070 0.586354 0.887070
18 0.755359 0.686937 0.867937 0.686937 0.867937 0.832940 0.755359 0.832940
19 0.255971 0.095356 0.428601 0.095356 0.428601 0.245094 0.255971 0.245094
19 0.039828 0.533413 0.207094 0.533413 0.207094 0.684857 0.039828 0.684857
