13 0.260321 0.133107 0.279012 0.133107 0.279012 0.166302 0.260321 0.166302 0.260321 0.133107
13 0.483533 0.131331 0.502225 0.131331 0.502225 0.164527 0.483533 0.164527 0.483533 0.131331
13 0.933263 0.131846 0.951954 0.131846 0.951954 0.165041 0.933263 0.165041 0.933263 0.131846
13 0.484622 0.432261 0.503314 0.432261 0.503314 0.465456 0.484622 0.465456 0.484622 0.432261
13 0.035257 0.730373 0.053949 0.730373 0.053949 0.763568 0.035257 0.763568 0.035257 0.730373
13 0.483988 0.731219 0.502679 0.731219 0.502679 0.764414 0.483988 0.764414 0.483988 0.731219
13 0.709350 0.730251 0.728041 0.730251 0.728041 0.763446 0.709350 0.763446 0.709350 0.730251
9 0.269672 0.158003 0.269662 0.141405 0.942604 0.140145 0.942614 0.156742 
9 0.938717 0.143850 0.946501 0.153037 0.722588 0.751442 0.714804 0.742255 
9 0.044604 0.755270 0.044603 0.738672 0.718695 0.738550 0.718696 0.755147 
9 0.265783 0.145089 0.273550 0.154320 0.048487 0.751586 0.040720 0.742356 
9 0.488206 0.147940 0.497552 0.147918 0.498006 0.747805 0.488660 0.747827 
3 0.659041 0.445952 0.650023 0.541925 0.623947 0.627498 0.583638 0.693398 0.533465 0.732482 0.478864 0.740517 0.425752 0.716632 0.379885 0.663414 0.346234 0.586630 0.328444 0.494602 0.328444 0.397302 0.346234 0.305274 0.379885 0.228491 0.425752 0.175273 0.478864 0.151387 0.533465 0.159422 0.583638 0.198507 0.623947 0.264407 0.650023 0.349979 0.659041 0.445952
19 0.688627 0.190759 0.820377 0.190759 0.820377 0.327391 0.688627 0.327391
19 0.536302 0.777932 0.669393 0.777932 0.669393 0.918376 0.536302 0.918376
19 0.199818 0.785351 0.332200 0.785351 0.332200 0.920482 0.199818 0.920482
1 0.511682 0.265560 0.682243 0.265560 0.682243 0.435685 0.511682 0.435685
7 0.514478 0.334478 0.575610 0.334478 0.575610 0.438499 0.514478 0.438499
