13 0.228306 0.191855 0.250715 0.191855 0.250715 0.228553 0.228306 0.228553 0.228306 0.191855
13 0.861004 0.476398 0.883413 0.476398 0.883413 0.513095 0.861004 0.513095 0.861004 0.476398
13 0.228681 0.758590 0.251090 0.758590 0.251090 0.795287 0.228681 0.795287 0.228681 0.758590
9 0.233908 0.210214 0.245113 0.210194 0.245487 0.776929 0.234283 0.776949 
9 0.238027 0.219051 0.240994 0.201357 0.873692 0.485900 0.870725 0.503593 
9 0.241358 0.785790 0.238412 0.768087 0.870735 0.485895 0.873681 0.503598 
22 0.209471 0.047842 0.281396 0.047842 0.281396 0.180259 0.209471 0.180259
2 0.489297 0.258650 0.535789 0.258650 0.535789 0.406950 0.489297 0.406950
22 0.885448 0.418086 0.957541 0.418086 0.957541 0.551299 0.885448 0.551299
2 0.485479 0.577854 0.531979 0.577854 0.531979 0.725066 0.485479 0.725066
22 0.214949 0.795441 0.283056 0.795441 0.283056 0.925610 0.214949 0.925610
19 0.496219 0.139272 0.691524 0.139272 0.691524 0.271338 0.496219 0.271338
19 0.030472 0.426968 0.220677 0.426968 0.220677 0.560723 0.030472 0.560723
19 0.467856 0.721062 0.706950 0.721062 0.706950 0.869921 0.467856 0.869921
