13 0.063563 0.092557 0.091732 0.092557 0.091732 0.119861 0.063563 0.119861 0.063563 0.092557
13 0.751630 0.093073 0.779799 0.093073 0.779799 0.120377 0.751630 0.120377 0.751630 0.093073
13 0.065281 0.762583 0.093450 0.762583 0.093450 0.789886 0.065281 0.789886 0.065281 0.762583
13 0.752265 0.762583 0.780434 0.762583 0.780434 0.789886 0.752265 0.789886 0.752265 0.762583
9 0.077642 0.113035 0.077653 0.099383 0.765720 0.099899 0.765709 0.113551 
9 0.758672 0.106731 0.772757 0.106719 0.773391 0.776228 0.759307 0.776241 
9 0.079365 0.783061 0.079365 0.769409 0.766349 0.769409 0.766349 0.783061 
9 0.070605 0.106226 0.084689 0.106192 0.086407 0.776218 0.072323 0.776252 
9 0.072658 0.111027 0.082636 0.101391 0.771338 0.771417 0.761360 0.781052 
0 0.074265 0.194402 0.189899 0.194402 0.189899 0.260307 0.074265 0.260307
19 0.439638 0.338722 0.528048 0.338722 0.528048 0.449594 0.439638 0.449594
19 0.793594 0.370128 0.915957 0.370128 0.915957 0.479688 0.793594 0.479688
0 0.656279 0.621027 0.771166 0.621027 0.771166 0.686967 0.656279 0.686967
12 0.053429 0.642709 0.209636 0.642709 0.209636 0.796091 0.053429 0.796091
12 0.625874 0.082529 0.787031 0.082529 0.787031 0.239171 0.625874 0.239171
18 0.445110 0.639028 0.613703 0.639028 0.613703 0.745287 0.445110 0.745287
19 0.392815 0.814980 0.472648 0.814980 0.472648 0.904362 0.392815 0.904362
