13 0.092513 0.157223 0.118916 0.157223 0.118916 0.181319 0.092513 0.181319 0.092513 0.157223
13 0.601084 0.279618 0.627487 0.279618 0.627487 0.303715 0.601084 0.303715 0.601084 0.279618
13 0.503370 0.491077 0.529773 0.491077 0.529773 0.515173 0.503370 0.515173 0.503370 0.491077
13 0.403942 0.704098 0.430344 0.704098 0.430344 0.728194 0.403942 0.728194 0.403942 0.704098
13 0.911084 0.823564 0.937487 0.823564 0.937487 0.847660 0.911084 0.847660 0.911084 0.823564
9 0.608208 0.289316 0.620363 0.294018 0.423220 0.718497 0.411066 0.713795 
9 0.608430 0.294446 0.620142 0.288887 0.930142 0.832832 0.918430 0.838392 
9 0.415493 0.721979 0.418793 0.710313 0.925935 0.829779 0.922636 0.841445 
9 0.101321 0.173766 0.110108 0.164775 0.928679 0.831116 0.919892 0.840108 
9 0.104031 0.175096 0.107397 0.163446 0.615969 0.285842 0.612603 0.297492 
9 0.099857 0.172049 0.111571 0.166493 0.423000 0.713368 0.411286 0.718924 
22 0.053017 0.048927 0.155794 0.048927 0.155794 0.149780 0.053017 0.149780
22 0.579196 0.168437 0.677228 0.168437 0.677228 0.269782 0.579196 0.269782
22 0.440258 0.342226 0.538089 0.342226 0.538089 0.439948 0.440258 0.439948
22 0.354469 0.742802 0.463647 0.742802 0.463647 0.846801 0.354469 0.846801
22 0.891921 0.861590 0.979404 0.861590 0.979404 0.960641 0.891921 0.960641
