13 0.226288 0.166124 0.249080 0.166124 0.249080 0.203682 0.226288 0.203682 0.226288 0.166124
13 0.903493 0.218794 0.926285 0.218794 0.926285 0.256352 0.903493 0.256352 0.903493 0.218794
13 0.501877 0.462851 0.524669 0.462851 0.524669 0.500410 0.501877 0.500410 0.501877 0.462851
13 0.015737 0.768388 0.038529 0.768388 0.038529 0.805947 0.015737 0.805947 0.015737 0.768388
13 0.815715 0.806879 0.838507 0.806879 0.838507 0.844437 0.815715 0.844437 0.815715 0.806879
9 0.029903 0.798729 0.025839 0.781185 0.913365 0.222908 0.917429 0.240452 
9 0.231592 0.188483 0.237874 0.172815 0.830252 0.817824 0.823970 0.833492 
9 0.229777 0.174997 0.239690 0.184260 0.030350 0.792548 0.020437 0.783284 
9 0.910484 0.229431 0.921549 0.233929 0.832643 0.827906 0.821579 0.823409 
18 0.207977 0.244131 0.299145 0.244131 0.299145 0.352113 0.207977 0.352113
18 0.794872 0.300469 0.888889 0.300469 0.888889 0.408451 0.794872 0.408451
16 0.398860 0.413146 0.441595 0.413146 0.441595 0.511737 0.398860 0.511737
16 0.578348 0.450704 0.621083 0.450704 0.621083 0.549296 0.578348 0.549296
18 0.085470 0.600939 0.176638 0.600939 0.176638 0.704225 0.085470 0.704225
16 0.783476 0.671362 0.826211 0.671362 0.826211 0.769953 0.783476 0.769953
