13 0.066299 0.504283 0.089898 0.504283 0.089898 0.530090 0.066299 0.530090 0.066299 0.504283
13 0.461870 0.072766 0.485468 0.072766 0.485468 0.098572 0.461870 0.098572 0.461870 0.072766
13 0.817786 0.314966 0.841385 0.314966 0.841385 0.340772 0.817786 0.340772 0.817786 0.314966
13 0.462837 0.505341 0.486436 0.505341 0.486436 0.531148 0.462837 0.531148 0.462837 0.505341
13 0.489917 0.936859 0.513516 0.936859 0.513516 0.962665 0.489917 0.962665 0.489917 0.936859
9 0.479569 0.518229 0.467769 0.518260 0.466802 0.084627 0.478601 0.084596 
9 0.477240 0.524034 0.472032 0.512455 0.826015 0.322079 0.831222 0.333658 
9 0.467786 0.519782 0.479552 0.518822 0.508567 0.943994 0.496801 0.944954 
9 0.474708 0.513908 0.474564 0.526811 0.078027 0.521523 0.078170 0.508620 
3 0.868272 0.517742 0.846828 0.658276 0.784817 0.783582 0.688960 0.880079 0.569644 0.937312 0.439800 0.949077 0.313498 0.914101 0.204424 0.836173 0.124399 0.723738 0.082094 0.588981 0.082094 0.446503 0.124399 0.311745 0.204424 0.199311 0.313498 0.121383 0.439800 0.086407 0.569644 0.098172 0.688960 0.155405 0.784817 0.251902 0.846828 0.377208 0.868272 0.517742
12 0.398743 0.434557 0.488223 0.434557 0.488223 0.533903 0.398743 0.533903
18 0.507289 0.500844 0.663552 0.500844 0.663552 0.600310 0.507289 0.600310
18 0.091231 0.812578 0.177137 0.812578 0.177137 0.911385 0.091231 0.911385
18 0.488879 0.354648 0.609332 0.354648 0.609332 0.452441 0.488879 0.452441
