13 0.482694 0.924565 0.501473 0.924565 0.501473 0.957218 0.482694 0.957218 0.482694 0.924565
13 0.482277 0.710418 0.501056 0.710418 0.501056 0.743071 0.482277 0.743071 0.482277 0.710418
13 0.924247 0.709889 0.943026 0.709889 0.943026 0.742542 0.924247 0.742542 0.924247 0.709889
13 0.040031 0.710418 0.058810 0.710418 0.058810 0.743071 0.040031 0.743071 0.040031 0.710418
13 0.483944 0.280978 0.502723 0.280978 0.502723 0.313631 0.483944 0.313631 0.483944 0.280978
13 0.482784 0.069872 0.501564 0.069872 0.501564 0.102525 0.482784 0.102525 0.482784 0.069872
9 0.049422 0.734907 0.049419 0.718581 0.933635 0.718052 0.933638 0.734379 
9 0.487479 0.086197 0.496869 0.086200 0.496778 0.940893 0.487388 0.940890 
22 0.518675 0.231969 0.577936 0.231969 0.577936 0.363601 0.518675 0.363601
20 0.885977 0.556544 0.937070 0.556544 0.937070 0.685616 0.885977 0.685616
12 0.475711 0.562249 0.583449 0.562249 0.583449 0.754971 0.475711 0.754971
