13 0.162600 0.080813 0.188915 0.080813 0.188915 0.112434 0.162600 0.112434 0.162600 0.080813
13 0.087877 0.297979 0.114193 0.297979 0.114193 0.329599 0.087877 0.329599 0.087877 0.297979
13 0.087670 0.522823 0.113986 0.522823 0.113986 0.554444 0.087670 0.554444 0.087670 0.522823
13 0.087437 0.750856 0.113753 0.750856 0.113753 0.782477 0.087437 0.782477 0.087437 0.750856
13 0.462352 0.934666 0.488668 0.934666 0.488668 0.966286 0.462352 0.966286 0.462352 0.934666
13 0.398436 0.750898 0.424752 0.750898 0.424752 0.782518 0.398436 0.782518 0.398436 0.750898
13 0.319424 0.522235 0.345739 0.522235 0.345739 0.553855 0.319424 0.553855 0.319424 0.522235
13 0.239461 0.297904 0.265777 0.297904 0.265777 0.329525 0.239461 0.329525 0.239461 0.297904
13 0.560652 0.024190 0.586967 0.024190 0.586967 0.055810 0.560652 0.055810 0.560652 0.024190
13 0.592794 0.297047 0.619110 0.297047 0.619110 0.328667 0.592794 0.328667 0.592794 0.297047
13 0.619424 0.522235 0.645739 0.522235 0.645739 0.553855 0.619424 0.553855 0.619424 0.522235
13 0.645848 0.750152 0.672164 0.750152 0.672164 0.781773 0.645848 0.781773 0.645848 0.750152
13 0.663465 0.904709 0.689781 0.904709 0.689781 0.936330 0.663465 0.936330 0.663465 0.904709
13 0.806570 0.750992 0.832886 0.750992 0.832886 0.782613 0.806570 0.782613 0.806570 0.750992
13 0.807033 0.522475 0.833348 0.522475 0.833348 0.554096 0.807033 0.554096 0.807033 0.522475
13 0.806797 0.297931 0.833113 0.297931 0.833113 0.329552 0.806797 0.329552 0.806797 0.297931
9 0.101036 0.321694 0.101035 0.305884 0.819954 0.305836 0.819955 0.321647 
9 0.100831 0.546539 0.100826 0.530728 0.820188 0.530381 0.820193 0.546191 
9 0.100594 0.774572 0.100596 0.758762 0.819729 0.758898 0.819727 0.774708 
9 0.567294 0.041098 0.580325 0.038902 0.683139 0.919421 0.670108 0.921618 
9 0.169696 0.099696 0.181819 0.093551 0.481572 0.947404 0.469448 0.953549 
2 0.245083 0.383810 0.333779 0.383810 0.333779 0.453796 0.245083 0.453796
2 0.327665 0.619464 0.414990 0.619464 0.414990 0.690250 0.327665 0.690250
10 0.395020 0.273834 0.477046 0.273834 0.477046 0.352586 0.395020 0.352586
10 0.489154 0.726122 0.571138 0.726122 0.571138 0.805541 0.489154 0.805541
10 0.442967 0.498292 0.524469 0.498292 0.524469 0.577587 0.442967 0.577587
19 0.032892 0.389772 0.232234 0.389772 0.232234 0.483228 0.032892 0.483228
19 0.122240 0.610938 0.296798 0.610938 0.296798 0.704989 0.122240 0.704989
19 0.671734 0.325504 0.895178 0.325504 0.895178 0.500805 0.671734 0.500805
19 0.700239 0.604381 0.786888 0.604381 0.786888 0.707409 0.700239 0.707409
