13 0.187514 0.795127 0.204867 0.795127 0.204867 0.811256 0.187514 0.811256 0.187514 0.795127
13 0.237037 0.699382 0.254391 0.699382 0.254391 0.715511 0.237037 0.715511 0.237037 0.699382
13 0.500609 0.178771 0.517963 0.178771 0.517963 0.194900 0.500609 0.194900 0.500609 0.178771
13 0.499895 0.813744 0.517248 0.813744 0.517248 0.829873 0.499895 0.829873 0.499895 0.813744
13 0.498466 0.929435 0.515820 0.929435 0.515820 0.945565 0.498466 0.945565 0.498466 0.929435
13 0.809101 0.798673 0.826455 0.798673 0.826455 0.814802 0.809101 0.814802 0.809101 0.798673
13 0.762037 0.700047 0.779391 0.700047 0.779391 0.716176 0.762037 0.716176 0.762037 0.700047
9 0.243875 0.711099 0.247554 0.703795 0.510411 0.818157 0.506732 0.825460 
9 0.510406 0.825462 0.506737 0.818155 0.768880 0.704458 0.772549 0.711766 
9 0.505363 0.185114 0.513209 0.188557 0.200114 0.804913 0.192267 0.801470 
9 0.504947 0.186824 0.513624 0.186846 0.511481 0.937511 0.502804 0.937489 
9 0.505348 0.188528 0.513223 0.185142 0.821715 0.805045 0.813840 0.808430 
12 0.236260 0.641767 0.341410 0.641767 0.341410 0.740107 0.236260 0.740107
12 0.671712 0.641305 0.777551 0.641305 0.777551 0.740449 0.671712 0.740449
0 0.443451 0.296228 0.513102 0.296228 0.513102 0.330154 0.443451 0.330154
0 0.506251 0.316924 0.587914 0.316924 0.587914 0.355590 0.506251 0.355590
22 0.145411 0.629286 0.243406 0.629286 0.243406 0.714740 0.145411 0.714740
19 0.314910 0.771240 0.377384 0.771240 0.377384 0.851612 0.314910 0.851612
22 0.532495 0.815039 0.616730 0.815039 0.616730 0.900352 0.532495 0.900352
22 0.479630 0.082049 0.552063 0.082049 0.552063 0.169205 0.479630 0.169205
22 0.781830 0.631551 0.860373 0.631551 0.860373 0.715377 0.781830 0.715377
18 0.515153 0.453381 0.645299 0.453381 0.645299 0.540864 0.515153 0.540864
