13 0.254408 0.723422 0.284827 0.723422 0.284827 0.778977 0.254408 0.778977 0.254408 0.723422
13 0.590911 0.565385 0.621329 0.565385 0.621329 0.620941 0.590911 0.620941 0.590911 0.565385
13 0.828124 0.457317 0.858542 0.457317 0.858542 0.512873 0.828124 0.512873 0.828124 0.457317
13 0.592165 0.335581 0.622583 0.335581 0.622583 0.391137 0.592165 0.391137 0.592165 0.335581
13 0.257028 0.164170 0.287447 0.164170 0.287447 0.219726 0.257028 0.219726 0.257028 0.164170
9 0.271489 0.764661 0.267746 0.737738 0.841462 0.471633 0.845205 0.498556 
9 0.270180 0.205319 0.274295 0.178577 0.845391 0.471724 0.841276 0.498466 
3 0.616921 0.470200 0.605602 0.594080 0.572873 0.704535 0.522281 0.789596 0.459308 0.840046 0.390777 0.850417 0.324116 0.819586 0.266548 0.750893 0.224312 0.651784 0.201984 0.532996 0.201984 0.407404 0.224312 0.288617 0.266548 0.189507 0.324116 0.120815 0.390777 0.089984 0.459308 0.100355 0.522281 0.150805 0.572873 0.235866 0.605602 0.346321 0.616921 0.470200
1 0.661597 0.187500 0.733840 0.187500 0.733840 0.520833 0.661597 0.520833
7 0.695629 0.448278 0.733858 0.448278 0.733858 0.512725 0.695629 0.512725
18 0.442708 0.396042 0.583004 0.396042 0.583004 0.578833 0.442708 0.578833
18 0.034230 0.375381 0.170975 0.375381 0.170975 0.557635 0.034230 0.557635
18 0.728669 0.071512 0.810221 0.071512 0.810221 0.255613 0.728669 0.255613
