13 0.073356 0.283528 0.098673 0.283528 0.098673 0.315656 0.073356 0.315656 0.073356 0.283528
13 0.284835 0.283315 0.310151 0.283315 0.310151 0.315443 0.284835 0.315443 0.284835 0.283315
13 0.917424 0.283315 0.942740 0.283315 0.942740 0.315443 0.917424 0.315443 0.917424 0.283315
13 0.707633 0.747201 0.732950 0.747201 0.732950 0.779330 0.707633 0.779330 0.707633 0.747201
13 0.285618 0.746172 0.310935 0.746172 0.310935 0.778300 0.285618 0.778300 0.285618 0.746172
9 0.086016 0.307624 0.086013 0.291560 0.930081 0.291347 0.930084 0.307411 
9 0.924593 0.295381 0.935572 0.303377 0.725781 0.767264 0.714802 0.759267 
9 0.080545 0.303633 0.091484 0.295550 0.303746 0.758194 0.292807 0.766278 
9 0.298264 0.770268 0.298289 0.754204 0.720304 0.755233 0.720280 0.771297 
9 0.291164 0.299396 0.303822 0.299362 0.304606 0.762219 0.291947 0.762253 
10 0.456271 0.251453 0.554204 0.251453 0.554204 0.344283 0.456271 0.344283
10 0.455309 0.714777 0.553821 0.714777 0.553821 0.806420 0.455309 0.806420
2 0.784531 0.491135 0.866415 0.491135 0.866415 0.569741 0.784531 0.569741
2 0.151755 0.490784 0.231775 0.490784 0.231775 0.566027 0.151755 0.566027
1 0.082278 0.550201 0.275316 0.550201 0.275316 0.702811 0.082278 0.702811
12 0.217882 0.278413 0.312524 0.278413 0.312524 0.396670 0.217882 0.396670
7 0.240079 0.608070 0.279577 0.608070 0.279577 0.652358 0.240079 0.652358
19 0.425951 0.817516 0.584377 0.817516 0.584377 0.929510 0.425951 0.929510
19 0.411938 0.127031 0.605809 0.127031 0.605809 0.240027 0.411938 0.240027
18 0.069173 0.691409 0.198862 0.691409 0.198862 0.810243 0.069173 0.810243
