13 0.832228 0.111654 0.862190 0.111654 0.862190 0.146136 0.832228 0.146136 0.832228 0.111654
13 0.270824 0.458494 0.300787 0.458494 0.300787 0.492977 0.270824 0.492977 0.270824 0.458494
13 0.408569 0.612759 0.438532 0.612759 0.438532 0.647241 0.408569 0.647241 0.408569 0.612759
13 0.561964 0.777495 0.591926 0.777495 0.591926 0.811978 0.561964 0.811978 0.561964 0.777495
13 0.261405 0.780276 0.291368 0.780276 0.291368 0.814759 0.261405 0.814759 0.261405 0.780276
9 0.843186 0.119388 0.856756 0.126694 0.583730 0.798390 0.570160 0.791084 
9 0.844637 0.119837 0.855304 0.131944 0.278958 0.804500 0.268292 0.792394 
9 0.289364 0.483321 0.282247 0.468150 0.846412 0.117592 0.853529 0.132764 
9 0.280641 0.481979 0.290971 0.469492 0.582110 0.788493 0.571780 0.800980 
22 0.868914 0.038793 0.947566 0.038793 0.947566 0.142241 0.868914 0.142241
19 0.516854 0.181034 0.576779 0.181034 0.576779 0.275862 0.516854 0.275862
22 0.209738 0.366379 0.292135 0.366379 0.292135 0.469828 0.209738 0.469828
19 0.722846 0.448276 0.782772 0.448276 0.782772 0.543103 0.722846 0.543103
2 0.310861 0.504310 0.393258 0.504310 0.393258 0.594828 0.310861 0.594828
12 0.367041 0.512931 0.475655 0.512931 0.475655 0.637931 0.367041 0.637931
22 0.303371 0.620690 0.374532 0.620690 0.374532 0.719828 0.303371 0.719828
2 0.460674 0.668103 0.543071 0.668103 0.543071 0.762931 0.460674 0.762931
22 0.573034 0.797414 0.651685 0.797414 0.651685 0.900862 0.573034 0.900862
19 0.074906 0.508621 0.307116 0.508621 0.307116 0.607759 0.074906 0.607759
19 0.250936 0.814655 0.531835 0.814655 0.531835 0.918103 0.250936 0.918103
