13 0.419560 0.196632 0.441240 0.196632 0.441240 0.232507 0.419560 0.232507 0.419560 0.196632
13 0.118807 0.497840 0.140487 0.497840 0.140487 0.533714 0.118807 0.533714 0.118807 0.497840
13 0.419560 0.495970 0.441240 0.495970 0.441240 0.531845 0.419560 0.531845 0.419560 0.495970
13 0.872244 0.492617 0.893924 0.492617 0.893924 0.528491 0.872244 0.528491 0.872244 0.492617
13 0.420160 0.797046 0.441840 0.797046 0.441840 0.832921 0.420160 0.832921 0.420160 0.797046
9 0.129652 0.524746 0.129642 0.506809 0.884440 0.505748 0.884449 0.523685 
9 0.428389 0.222898 0.432411 0.206241 0.886455 0.506388 0.882434 0.523045 
9 0.433014 0.823310 0.428986 0.806657 0.882431 0.506390 0.886458 0.523043 
9 0.122488 0.520305 0.128050 0.504908 0.433781 0.807285 0.428219 0.822682 
9 0.129237 0.515225 0.123781 0.499726 0.427672 0.206820 0.433128 0.222319 
9 0.424960 0.214944 0.435799 0.215098 0.432699 0.812321 0.421859 0.812167 
22 0.395664 0.062780 0.457995 0.062780 0.457995 0.170404 0.395664 0.170404
5 0.579946 0.260090 0.628726 0.260090 0.628726 0.385650 0.579946 0.385650
2 0.271003 0.286996 0.314363 0.286996 0.314363 0.408072 0.271003 0.408072
19 0.441734 0.313901 0.509485 0.313901 0.509485 0.417040 0.441734 0.417040
22 0.037940 0.448430 0.100271 0.448430 0.100271 0.556054 0.037940 0.556054
22 0.907859 0.452915 0.962060 0.452915 0.962060 0.560538 0.907859 0.560538
19 0.265583 0.524664 0.336043 0.524664 0.336043 0.623318 0.265583 0.623318
19 0.444444 0.578475 0.509485 0.578475 0.509485 0.681614 0.444444 0.681614
5 0.582656 0.632287 0.644986 0.632287 0.644986 0.748879 0.582656 0.748879
2 0.300813 0.645740 0.341463 0.645740 0.341463 0.762332 0.300813 0.762332
22 0.401084 0.838565 0.457995 0.838565 0.457995 0.950673 0.401084 0.950673
