13 0.101453 0.333721 0.120365 0.333721 0.120365 0.369120 0.101453 0.369120 0.101453 0.333721
13 0.428877 0.332301 0.447790 0.332301 0.447790 0.367699 0.428877 0.367699 0.428877 0.332301
13 0.526150 0.797074 0.545062 0.797074 0.545062 0.832472 0.526150 0.832472 0.526150 0.797074
13 0.865326 0.332844 0.884239 0.332844 0.884239 0.368243 0.865326 0.368243 0.865326 0.332844
9 0.110912 0.360270 0.110906 0.342571 0.874780 0.341694 0.874786 0.359393 
9 0.108528 0.359066 0.113290 0.343775 0.537987 0.807127 0.533225 0.822418 
3 0.882354 0.459027 0.870048 0.597054 0.834464 0.720123 0.779458 0.814898 0.710991 0.871109 0.636482 0.882665 0.564006 0.848313 0.501415 0.771776 0.455494 0.661348 0.431218 0.528995 0.431218 0.389060 0.455494 0.256707 0.501415 0.146279 0.564006 0.069742 0.636482 0.035390 0.710991 0.046945 0.779458 0.103156 0.834464 0.197932 0.870048 0.321001 0.882354 0.459027
22 0.374490 0.203075 0.437231 0.203075 0.437231 0.330324 0.374490 0.330324
22 0.475564 0.825152 0.538304 0.825152 0.538304 0.952514 0.475564 0.952514
19 0.250594 0.234734 0.296280 0.234734 0.296280 0.331795 0.250594 0.331795
19 0.575067 0.377873 0.729536 0.377873 0.729536 0.498278 0.575067 0.498278
22 0.892139 0.279187 0.954096 0.279187 0.954096 0.408768 0.892139 0.408768
22 0.038135 0.289438 0.099021 0.289438 0.099021 0.418974 0.038135 0.418974
19 0.286238 0.637090 0.356776 0.637090 0.356776 0.760264 0.286238 0.760264
