13 0.507302 0.133951 0.532698 0.133951 0.532698 0.158642 0.507302 0.158642 0.507302 0.133951
13 0.783730 0.305363 0.809127 0.305363 0.809127 0.330054 0.783730 0.330054 0.783730 0.305363
13 0.161083 0.354975 0.186480 0.354975 0.186480 0.379666 0.161083 0.379666 0.161083 0.354975
13 0.459302 0.800988 0.484698 0.800988 0.484698 0.825679 0.459302 0.825679 0.459302 0.800988
9 0.177266 0.372480 0.170297 0.362160 0.516515 0.141136 0.523485 0.151456 
9 0.516586 0.151501 0.523414 0.141092 0.799843 0.312504 0.793014 0.322913 
9 0.791072 0.314394 0.801785 0.321023 0.477356 0.816648 0.466644 0.810019 
9 0.168458 0.370685 0.179105 0.363956 0.477323 0.809969 0.466677 0.816698 
3 0.837896 0.478599 0.819307 0.586901 0.765555 0.683466 0.682465 0.757832 0.579041 0.801937 0.466490 0.811005 0.357009 0.784050 0.262463 0.723996 0.193096 0.637349 0.156425 0.533499 0.156425 0.423699 0.193096 0.319849 0.262463 0.233202 0.357009 0.173147 0.466490 0.146193 0.579041 0.155260 0.682465 0.199366 0.765555 0.273731 0.819307 0.370297 0.837896 0.478599
22 0.482337 0.023181 0.573712 0.023181 0.573712 0.124878 0.482337 0.124878
0 0.643113 0.235232 0.742287 0.235232 0.742287 0.432538 0.643113 0.432538
22 0.827591 0.249286 0.911158 0.249286 0.911158 0.352532 0.827591 0.352532
22 0.072365 0.299381 0.155388 0.299381 0.155388 0.401828 0.072365 0.401828
18 0.308996 0.349934 0.423516 0.349934 0.423516 0.466520 0.308996 0.466520
22 0.421961 0.827807 0.509103 0.827807 0.509103 0.932555 0.421961 0.932555
18 0.417393 0.211674 0.615004 0.211674 0.615004 0.314411 0.417393 0.314411
0 0.228813 0.284012 0.323958 0.284012 0.323958 0.480377 0.228813 0.480377
18 0.426914 0.630709 0.550006 0.630709 0.550006 0.732904 0.426914 0.732904
