13 0.070061 0.755418 0.099582 0.755418 0.099582 0.793154 0.070061 0.793154 0.070061 0.755418
13 0.614959 0.750601 0.644480 0.750601 0.644480 0.788337 0.614959 0.788337 0.614959 0.750601
13 0.838842 0.754334 0.868362 0.754334 0.868362 0.792070 0.838842 0.792070 0.838842 0.754334
13 0.615219 0.065088 0.644740 0.065088 0.644740 0.102824 0.615219 0.102824 0.615219 0.065088
9 0.084830 0.783720 0.084813 0.764852 0.853594 0.763768 0.853610 0.782636 
9 0.622599 0.083951 0.637359 0.083961 0.637099 0.769474 0.622339 0.769465 
9 0.623162 0.087570 0.636796 0.080342 0.860419 0.769588 0.846785 0.776816 
9 0.090015 0.780988 0.079628 0.767583 0.624786 0.077254 0.635173 0.090658 
12 0.611270 0.652354 0.724372 0.652354 0.724372 0.793582 0.611270 0.793582
19 0.342923 0.797700 0.617028 0.797700 0.617028 0.930631 0.342923 0.930631
19 0.459866 0.419705 0.607635 0.419705 0.607635 0.547615 0.459866 0.547615
