13 0.824135 0.919559 0.844135 0.919559 0.844135 0.943298 0.824135 0.943298 0.824135 0.919559
13 0.916136 0.719040 0.936136 0.719040 0.936136 0.742779 0.916136 0.742779 0.916136 0.719040
13 0.915481 0.505273 0.935481 0.505273 0.935481 0.529012 0.915481 0.529012 0.915481 0.505273
13 0.474837 0.501098 0.494837 0.501098 0.494837 0.524836 0.474837 0.524836 0.474837 0.501098
13 0.655311 0.716043 0.675311 0.716043 0.675311 0.739782 0.655311 0.739782 0.655311 0.716043
13 0.035673 0.713845 0.055673 0.713845 0.055673 0.737584 0.035673 0.737584 0.035673 0.713845
13 0.035673 0.499559 0.055673 0.499559 0.055673 0.523298 0.035673 0.523298 0.035673 0.499559
13 0.119438 0.075603 0.139438 0.075603 0.139438 0.099342 0.119438 0.099342 0.119438 0.075603
13 0.473860 0.078335 0.493860 0.078335 0.493860 0.102074 0.473860 0.102074 0.473860 0.078335
9 0.125887 0.091650 0.132989 0.083295 0.837686 0.927251 0.830583 0.935606 
9 0.045646 0.517363 0.045700 0.505494 0.925508 0.511208 0.925453 0.523077 
9 0.045648 0.731649 0.045698 0.719780 0.926161 0.724974 0.926112 0.736844 
9 0.478860 0.090220 0.488860 0.090188 0.489837 0.512951 0.479837 0.512983 
20 0.213434 0.087486 0.272628 0.087486 0.272628 0.167379 0.213434 0.167379
16 0.387095 0.263052 0.447537 0.263052 0.447537 0.361126 0.387095 0.361126
0 0.396250 0.357493 0.488248 0.357493 0.488248 0.423267 0.396250 0.423267
16 0.578509 0.332967 0.639183 0.332967 0.639183 0.433745 0.578509 0.433745
20 0.875726 0.382960 0.937052 0.382960 0.937052 0.483131 0.875726 0.483131
16 0.329958 0.400167 0.381837 0.400167 0.381837 0.498957 0.329958 0.498957
12 0.468256 0.398842 0.582380 0.398842 0.582380 0.533820 0.468256 0.533820
0 0.384844 0.431042 0.431077 0.431042 0.431077 0.523285 0.384844 0.523285
16 0.506473 0.614862 0.566548 0.614862 0.566548 0.709675 0.506473 0.709675
20 0.875749 0.757805 0.931495 0.757805 0.931495 0.872336 0.875749 0.872336
18 0.502726 0.741487 0.662149 0.741487 0.662149 0.840279 0.502726 0.840279
