13 0.524225 0.824228 0.561435 0.824228 0.561435 0.853213 0.524225 0.853213 0.524225 0.824228
13 0.822551 0.652047 0.859760 0.652047 0.859760 0.681033 0.822551 0.681033 0.822551 0.652047
13 0.224544 0.653103 0.261753 0.653103 0.261753 0.682089 0.224544 0.682089 0.224544 0.653103
13 0.338450 0.379516 0.375659 0.379516 0.375659 0.408501 0.338450 0.408501 0.338450 0.379516
13 0.710001 0.377403 0.747210 0.377403 0.747210 0.406389 0.710001 0.406389 0.710001 0.377403
13 0.338450 0.092196 0.375659 0.092196 0.375659 0.121181 0.338450 0.121181 0.338450 0.092196
13 0.710001 0.093252 0.747210 0.093252 0.747210 0.122238 0.710001 0.122238 0.710001 0.093252
9 0.251997 0.671945 0.234300 0.667473 0.349562 0.390716 0.367259 0.395188 
9 0.355665 0.402311 0.355733 0.387819 0.727283 0.388875 0.727215 0.403368 
9 0.718428 0.399477 0.736071 0.394878 0.851333 0.663184 0.833690 0.667783 
9 0.546925 0.843536 0.536023 0.831793 0.839772 0.660668 0.850675 0.672412 
9 0.548224 0.830704 0.537436 0.842512 0.236399 0.675613 0.247187 0.663805 
9 0.347752 0.385706 0.366357 0.385706 0.366357 0.113935 0.347752 0.113935 
9 0.357055 0.113935 0.357055 0.099442 0.728605 0.099442 0.728605 0.113935 
9 0.719303 0.107719 0.737908 0.107771 0.736552 0.398260 0.717947 0.398207 
22 0.226747 0.051008 0.330638 0.051008 0.330638 0.145320 0.226747 0.145320
22 0.214605 0.335195 0.325486 0.335195 0.325486 0.429169 0.214605 0.429169
22 0.110394 0.610682 0.219194 0.610682 0.219194 0.706591 0.110394 0.706591
