13 0.052214 0.694968 0.079241 0.694968 0.079241 0.727889 0.052214 0.727889 0.052214 0.694968
13 0.160622 0.692630 0.187649 0.692630 0.187649 0.725552 0.160622 0.725552 0.160622 0.692630
13 0.579261 0.691614 0.606288 0.691614 0.606288 0.724535 0.579261 0.724535 0.579261 0.691614
13 0.893260 0.694015 0.920287 0.694015 0.920287 0.726937 0.893260 0.726937 0.893260 0.694015
13 0.578930 0.172927 0.605957 0.172927 0.605957 0.205849 0.578930 0.205849 0.578930 0.172927
13 0.157379 0.172339 0.184406 0.172339 0.184406 0.205261 0.157379 0.205261 0.157379 0.172339
9 0.065734 0.719659 0.065721 0.703198 0.906768 0.702246 0.906780 0.718707 
9 0.585687 0.189394 0.599200 0.189381 0.599531 0.708068 0.586017 0.708081 
9 0.164135 0.188863 0.177649 0.188737 0.180892 0.709028 0.167379 0.709153 
9 0.164330 0.186841 0.177455 0.190759 0.072290 0.713388 0.059165 0.709469 
9 0.170884 0.197030 0.170900 0.180570 0.592451 0.181157 0.592436 0.197618 
9 0.586999 0.194261 0.597888 0.184514 0.912219 0.705603 0.901329 0.715350 
12 0.155670 0.605419 0.259434 0.605419 0.259434 0.728505 0.155670 0.728505
12 0.506640 0.606342 0.610617 0.606342 0.610617 0.728455 0.506640 0.728455
1 0.050676 0.753086 0.185811 0.753086 0.185811 0.802469 0.050676 0.802469
1 0.584459 0.744856 0.925676 0.744856 0.925676 0.806584 0.584459 0.806584
8 0.047698 0.750896 0.117755 0.750896 0.117755 0.802483 0.047698 0.802483
8 0.123072 0.752364 0.190232 0.752364 0.190232 0.801389 0.123072 0.801389
8 0.578453 0.749550 0.652483 0.749550 0.652483 0.803543 0.578453 0.803543
8 0.851878 0.751111 0.924399 0.751111 0.924399 0.802303 0.851878 0.802303
19 0.040708 0.834952 0.211357 0.834952 0.211357 0.951945 0.040708 0.951945
19 0.646334 0.833651 0.858569 0.833651 0.858569 0.953729 0.646334 0.953729
19 0.273241 0.048393 0.483755 0.048393 0.483755 0.164018 0.273241 0.164018
19 0.341441 0.382223 0.558820 0.382223 0.558820 0.499559 0.341441 0.499559
