13 0.035744 0.073984 0.056256 0.073984 0.056256 0.097444 0.035744 0.097444 0.035744 0.073984
13 0.443744 0.073984 0.464256 0.073984 0.464256 0.097444 0.443744 0.097444 0.443744 0.073984
13 0.852244 0.073984 0.872756 0.073984 0.872756 0.097444 0.852244 0.097444 0.852244 0.073984
13 0.852821 0.934643 0.873333 0.934643 0.873333 0.958104 0.852821 0.958104 0.852821 0.934643
9 0.042526 0.090028 0.049474 0.081400 0.866551 0.942059 0.859603 0.950688 
9 0.046000 0.091579 0.046000 0.079849 0.862500 0.079849 0.862500 0.091579 
9 0.449494 0.088515 0.458506 0.082913 0.867582 0.943572 0.858571 0.949175 
9 0.857372 0.085719 0.867628 0.085710 0.868205 0.946369 0.857949 0.946378 
2 0.257374 0.023216 0.304929 0.023216 0.304929 0.145789 0.257374 0.145789
2 0.641862 0.024518 0.691171 0.024518 0.691171 0.146041 0.641862 0.146041
12 0.785606 0.064822 0.878605 0.064822 0.878605 0.172123 0.785606 0.172123
18 0.159198 0.095126 0.236486 0.095126 0.236486 0.195639 0.159198 0.195639
19 0.879463 0.433893 0.973013 0.433893 0.973013 0.530230 0.879463 0.530230
19 0.332987 0.504242 0.430520 0.504242 0.430520 0.602652 0.332987 0.602652
18 0.774296 0.635110 0.850067 0.635110 0.850067 0.752786 0.774296 0.752786
