13 0.058769 0.828637 0.088290 0.828637 0.088290 0.871648 0.058769 0.871648 0.058769 0.828637
13 0.406155 0.864463 0.435675 0.864463 0.435675 0.907474 0.406155 0.907474 0.406155 0.864463
13 0.611412 0.883091 0.640932 0.883091 0.640932 0.926102 0.611412 0.926102 0.611412 0.883091
13 0.278573 0.648209 0.308093 0.648209 0.308093 0.691220 0.278573 0.691220 0.278573 0.648209
13 0.722782 0.284000 0.752302 0.284000 0.752302 0.327011 0.722782 0.327011 0.722782 0.284000
9 0.077150 0.859513 0.069909 0.840773 0.733921 0.296135 0.741162 0.314875 
9 0.073031 0.860871 0.074027 0.839415 0.626670 0.893868 0.625674 0.915324 
3 0.798430 0.545503 0.784379 0.668188 0.743748 0.777579 0.680940 0.861820 0.602761 0.911784 0.517683 0.922055 0.434926 0.891522 0.363458 0.823491 0.311023 0.725336 0.283304 0.607694 0.283304 0.483312 0.311023 0.365669 0.363458 0.267514 0.434926 0.199484 0.517683 0.168950 0.602761 0.179221 0.680940 0.229185 0.743748 0.313426 0.784379 0.422817 0.798430 0.545503
1 0.114391 0.602151 0.291513 0.602151 0.291513 0.849462 0.114391 0.849462
7 0.114566 0.800289 0.158575 0.800289 0.158575 0.849657 0.114566 0.849657
18 0.070746 0.524520 0.204430 0.524520 0.204430 0.669951 0.070746 0.669951
18 0.354884 0.649589 0.489593 0.649589 0.489593 0.792696 0.354884 0.792696
18 0.812710 0.502359 0.893415 0.502359 0.893415 0.640704 0.812710 0.640704
