13 0.877686 0.894735 0.897686 0.894735 0.897686 0.921138 0.877686 0.921138 0.877686 0.894735
13 0.910924 0.638227 0.930924 0.638227 0.930924 0.664630 0.910924 0.664630 0.910924 0.638227
13 0.764315 0.635561 0.784315 0.635561 0.784315 0.661963 0.764315 0.661963 0.764315 0.635561
13 0.913232 0.323942 0.933232 0.323942 0.933232 0.350344 0.913232 0.350344 0.913232 0.323942
13 0.628528 0.328023 0.648528 0.328023 0.648528 0.354426 0.628528 0.354426 0.628528 0.328023
13 0.526219 0.092703 0.546219 0.092703 0.546219 0.119106 0.526219 0.119106 0.526219 0.092703
13 0.231703 0.636640 0.251703 0.636640 0.251703 0.663043 0.231703 0.663043 0.231703 0.636640
13 0.030404 0.636703 0.050404 0.636703 0.050404 0.663106 0.030404 0.663106 0.030404 0.636703
13 0.030489 0.341084 0.050489 0.341084 0.050489 0.367487 0.030489 0.367487 0.030489 0.341084
9 0.040397 0.656505 0.040411 0.643304 0.920930 0.644828 0.920917 0.658029 
9 0.531891 0.109210 0.540547 0.102599 0.892014 0.904631 0.883358 0.911242 
9 0.244241 0.655528 0.239165 0.644154 0.635990 0.335537 0.641066 0.346912 
9 0.040562 0.360886 0.040415 0.347686 0.923159 0.330543 0.923306 0.343743 
20 0.864291 0.216106 0.920769 0.216106 0.920769 0.304177 0.864291 0.304177
18 0.361276 0.363034 0.485356 0.363034 0.485356 0.469362 0.361276 0.469362
12 0.561527 0.329590 0.688340 0.329590 0.688340 0.498064 0.561527 0.498064
20 0.863003 0.502251 0.923089 0.502251 0.923089 0.613194 0.863003 0.613194
18 0.584043 0.519996 0.707314 0.519996 0.707314 0.626316 0.584043 0.626316
