13 0.430523 0.790946 0.452745 0.790946 0.452745 0.823599 0.430523 0.823599 0.430523 0.790946
13 0.130205 0.485751 0.152427 0.485751 0.152427 0.518404 0.130205 0.518404 0.130205 0.485751
13 0.822771 0.483673 0.844993 0.483673 0.844993 0.516327 0.822771 0.516327 0.822771 0.483673
13 0.429639 0.176920 0.451861 0.176920 0.451861 0.209573 0.429639 0.209573 0.429639 0.176920
9 0.144508 0.508760 0.138124 0.495396 0.437558 0.186565 0.443942 0.199928 
9 0.138156 0.508792 0.144476 0.495364 0.444794 0.800559 0.438474 0.813987 
9 0.444248 0.814476 0.439021 0.800069 0.831268 0.492796 0.836496 0.507204 
9 0.438144 0.200457 0.443355 0.186037 0.836488 0.492790 0.831277 0.507210 
2 0.258142 0.286757 0.322988 0.286757 0.322988 0.404132 0.258142 0.404132
2 0.258652 0.595460 0.321992 0.595460 0.321992 0.713200 0.258652 0.713200
5 0.601204 0.277829 0.670872 0.277829 0.670872 0.409544 0.601204 0.409544
5 0.601975 0.587192 0.671776 0.587192 0.671776 0.717228 0.601975 0.717228
22 0.412307 0.062408 0.479149 0.062408 0.479149 0.173502 0.412307 0.173502
22 0.849784 0.440263 0.912113 0.440263 0.912113 0.552605 0.849784 0.552605
22 0.410765 0.830503 0.479227 0.830503 0.479227 0.944468 0.410765 0.944468
22 0.042798 0.439629 0.124439 0.439629 0.124439 0.552533 0.042798 0.552533
18 0.668252 0.447994 0.768256 0.447994 0.768256 0.553901 0.668252 0.553901
18 0.194417 0.447717 0.294274 0.447717 0.294274 0.554212 0.194417 0.554212
