13 0.301519 0.152438 0.315148 0.152438 0.315148 0.176903 0.301519 0.176903 0.301519 0.152438
13 0.541519 0.152438 0.555148 0.152438 0.555148 0.176903 0.541519 0.176903 0.541519 0.152438
13 0.916075 0.152239 0.929703 0.152239 0.929703 0.176703 0.916075 0.176703 0.916075 0.152239
13 0.410458 0.561529 0.424087 0.561529 0.424087 0.585994 0.410458 0.585994 0.410458 0.561529
13 0.071134 0.835764 0.084763 0.835764 0.084763 0.860229 0.071134 0.860229 0.071134 0.835764
9 0.308334 0.170787 0.308333 0.158554 0.922888 0.158355 0.922890 0.170587 
9 0.079349 0.853572 0.076549 0.842420 0.921489 0.158895 0.924289 0.170047 
9 0.305259 0.167308 0.311407 0.162033 0.420347 0.571124 0.414199 0.576399 
9 0.545380 0.161622 0.551287 0.167720 0.420226 0.576811 0.414319 0.570712 
9 0.305418 0.161504 0.311248 0.167837 0.080864 0.851163 0.075034 0.844829 
19 0.401813 0.034488 0.444481 0.034488 0.444481 0.140501 0.401813 0.140501
19 0.129899 0.412196 0.172191 0.412196 0.172191 0.501542 0.129899 0.501542
19 0.257517 0.715991 0.299684 0.715991 0.299684 0.825039 0.257517 0.825039
19 0.698435 0.037140 0.740949 0.037140 0.740949 0.144140 0.698435 0.144140
22 0.258494 0.020659 0.315072 0.020659 0.315072 0.146407 0.258494 0.146407
22 0.527957 0.026004 0.576874 0.026004 0.576874 0.140630 0.527957 0.140630
22 0.934151 0.092773 0.976940 0.092773 0.976940 0.208934 0.934151 0.208934
22 0.390414 0.618212 0.438748 0.618212 0.438748 0.732419 0.390414 0.732419
22 0.023856 0.852375 0.071562 0.852375 0.071562 0.963877 0.023856 0.963877
10 0.166494 0.451045 0.217771 0.451045 0.217771 0.555598 0.166494 0.555598
10 0.456668 0.309502 0.508715 0.309502 0.508715 0.418371 0.456668 0.418371
0 0.266398 0.233020 0.341925 0.233020 0.341925 0.302644 0.266398 0.302644
0 0.337870 0.153041 0.403248 0.153041 0.403248 0.309517 0.337870 0.309517
