13 0.166446 0.300755 0.202482 0.300755 0.202482 0.330059 0.166446 0.330059 0.166446 0.300755
13 0.773411 0.299301 0.809447 0.299301 0.809447 0.328606 0.773411 0.328606 0.773411 0.299301
13 0.166917 0.800429 0.202953 0.800429 0.202953 0.829733 0.166917 0.829733 0.166917 0.800429
13 0.773411 0.800669 0.809447 0.800669 0.809447 0.829973 0.773411 0.829973 0.773411 0.800669
9 0.184931 0.822407 0.184939 0.807755 0.791433 0.807995 0.791424 0.822647 
9 0.782420 0.306627 0.800438 0.306627 0.800438 0.822647 0.782420 0.822647 
9 0.184491 0.322733 0.184438 0.308081 0.791402 0.306628 0.791455 0.321279 
9 0.175455 0.315413 0.193473 0.315401 0.193944 0.815075 0.175926 0.815087 
12 0.157390 0.292439 0.313277 0.292439 0.313277 0.420594 0.157390 0.420594
12 0.656994 0.291228 0.814001 0.291228 0.814001 0.419918 0.656994 0.419918
12 0.157236 0.706271 0.312845 0.706271 0.312845 0.835877 0.157236 0.835877
12 0.655814 0.705534 0.813228 0.705534 0.813228 0.836281 0.655814 0.836281
2 0.443489 0.234424 0.524153 0.234424 0.524153 0.387769 0.443489 0.387769
2 0.088286 0.531186 0.275820 0.531186 0.275820 0.596261 0.088286 0.596261
2 0.698618 0.529252 0.885685 0.529252 0.885685 0.597882 0.698618 0.597882
2 0.442440 0.734813 0.525566 0.734813 0.525566 0.891502 0.442440 0.891502
19 0.307726 0.106448 0.680228 0.106448 0.680228 0.238503 0.307726 0.238503
