13 0.227248 0.820925 0.242752 0.820925 0.242752 0.836019 0.227248 0.836019 0.227248 0.820925
13 0.500819 0.782929 0.516323 0.782929 0.516323 0.798023 0.500819 0.798023 0.500819 0.782929
13 0.772248 0.742453 0.787752 0.742453 0.787752 0.757547 0.772248 0.757547 0.772248 0.742453
13 0.625581 0.474860 0.641085 0.474860 0.641085 0.489955 0.625581 0.489955 0.625581 0.474860
13 0.467486 0.185971 0.482990 0.185971 0.482990 0.201066 0.467486 0.201066 0.467486 0.185971
13 0.343677 0.514675 0.359181 0.514675 0.359181 0.529769 0.343677 0.529769 0.343677 0.514675
13 0.489391 0.590866 0.504895 0.590866 0.504895 0.605960 0.489391 0.605960 0.489391 0.590866
9 0.235567 0.832205 0.234433 0.824739 0.779433 0.746267 0.780567 0.753733 
9 0.471368 0.193723 0.479108 0.193314 0.512442 0.790271 0.504701 0.790681 
9 0.471818 0.195294 0.478658 0.191743 0.783420 0.748225 0.776580 0.751775 
9 0.471601 0.192214 0.478875 0.194823 0.238637 0.829777 0.231363 0.827168 
9 0.237581 0.831288 0.232419 0.825657 0.630753 0.479592 0.635914 0.485223 
9 0.349571 0.525534 0.353286 0.518910 0.781857 0.746688 0.778143 0.753312 
22 0.478010 0.820035 0.554516 0.820035 0.554516 0.901151 0.478010 0.901151
22 0.251860 0.458582 0.325834 0.458582 0.325834 0.539341 0.251860 0.539341
22 0.435685 0.078308 0.510956 0.078308 0.510956 0.159654 0.435685 0.159654
22 0.374879 0.574594 0.443062 0.574594 0.443062 0.651564 0.374879 0.651564
22 0.653218 0.411274 0.723465 0.411274 0.723465 0.491740 0.653218 0.491740
22 0.801439 0.716583 0.872826 0.716583 0.872826 0.800126 0.801439 0.800126
22 0.140767 0.836008 0.219235 0.836008 0.219235 0.919075 0.140767 0.919075
