13 0.057160 0.136829 0.079507 0.136829 0.079507 0.182806 0.057160 0.182806 0.057160 0.136829
13 0.726716 0.137057 0.749062 0.137057 0.749062 0.183034 0.726716 0.183034 0.726716 0.137057
13 0.057577 0.662157 0.079923 0.662157 0.079923 0.708134 0.057577 0.708134 0.057577 0.662157
13 0.726504 0.662566 0.748850 0.662566 0.748850 0.708543 0.726504 0.708543 0.726504 0.662566
9 0.068332 0.171312 0.068334 0.148323 0.737890 0.148551 0.737888 0.171540 
9 0.732302 0.160036 0.743475 0.160055 0.743263 0.685564 0.732090 0.685545 
9 0.068748 0.696640 0.068752 0.673651 0.737678 0.674060 0.737675 0.697048 
9 0.062747 0.159836 0.073920 0.159799 0.074337 0.685127 0.063163 0.685164 
2 0.381183 0.065101 0.424889 0.065101 0.424889 0.260435 0.381183 0.260435
12 0.053275 0.128820 0.138032 0.128820 0.138032 0.305057 0.053275 0.305057
12 0.668064 0.128861 0.752858 0.128861 0.752858 0.303312 0.668064 0.303312
5 0.019538 0.361609 0.113683 0.361609 0.113683 0.474528 0.019538 0.474528
5 0.692498 0.362171 0.785272 0.362171 0.785272 0.473371 0.692498 0.473371
12 0.054191 0.541035 0.137944 0.541035 0.137944 0.713843 0.054191 0.713843
12 0.668347 0.541225 0.751923 0.541225 0.751923 0.713933 0.668347 0.713933
2 0.381483 0.588897 0.424482 0.588897 0.424482 0.781440 0.381483 0.781440
19 0.782265 0.270998 0.970729 0.270998 0.970729 0.557048 0.782265 0.557048
19 0.349489 0.791156 0.460420 0.791156 0.460420 0.944018 0.349489 0.944018
