13 0.398834 0.148673 0.419347 0.148673 0.419347 0.177042 0.398834 0.177042 0.398834 0.148673
13 0.908247 0.253752 0.928760 0.253752 0.928760 0.282121 0.908247 0.282121 0.908247 0.253752
13 0.617357 0.400606 0.637869 0.400606 0.637869 0.428974 0.617357 0.428974 0.617357 0.400606
13 0.355811 0.528000 0.376323 0.528000 0.376323 0.556369 0.355811 0.556369 0.355811 0.528000
9 0.408334 0.169872 0.409847 0.155843 0.919260 0.260922 0.917747 0.274951 
9 0.367800 0.548860 0.364335 0.535510 0.916771 0.261261 0.920236 0.274612 
9 0.404025 0.161758 0.414157 0.163956 0.371133 0.543284 0.361001 0.541086 
3 0.641758 0.541924 0.626753 0.666277 0.583366 0.777155 0.516297 0.862541 0.432815 0.913184 0.341966 0.923595 0.253596 0.892646 0.177279 0.823691 0.121288 0.724202 0.091688 0.604961 0.091688 0.478888 0.121288 0.359647 0.177279 0.260158 0.253596 0.191203 0.341966 0.160254 0.432815 0.170665 0.516297 0.221307 0.583366 0.306694 0.626753 0.417571 0.641758 0.541924
12 0.384121 0.151587 0.510829 0.151587 0.510829 0.326049 0.384121 0.326049
19 0.485853 0.505453 0.545015 0.505453 0.545015 0.599805 0.485853 0.599805
19 0.307980 0.275941 0.366748 0.275941 0.366748 0.371972 0.307980 0.371972
19 0.754022 0.365328 0.815761 0.365328 0.815761 0.481313 0.754022 0.481313
19 0.620063 0.062622 0.716473 0.062622 0.716473 0.180779 0.620063 0.180779
22 0.267790 0.482791 0.345734 0.482791 0.345734 0.609486 0.267790 0.609486
