13 0.119124 0.808752 0.131432 0.808752 0.131432 0.831873 0.119124 0.831873 0.119124 0.808752
13 0.672179 0.808439 0.684487 0.808439 0.684487 0.831561 0.672179 0.831561 0.672179 0.808439
13 0.855058 0.162871 0.867366 0.162871 0.867366 0.185993 0.855058 0.185993 0.855058 0.162871
13 0.303179 0.163439 0.315487 0.163439 0.315487 0.186561 0.303179 0.186561 0.303179 0.163439
13 0.487550 0.486356 0.499858 0.486356 0.499858 0.509477 0.487550 0.509477 0.487550 0.486356
9 0.125279 0.826093 0.125277 0.814532 0.678332 0.814220 0.678334 0.825780 
9 0.858496 0.171716 0.863928 0.177147 0.681050 0.822716 0.675617 0.817284 
9 0.309335 0.180780 0.309332 0.169220 0.861210 0.168651 0.861214 0.180212 
9 0.306621 0.172270 0.312045 0.177730 0.127990 0.823043 0.122566 0.817582 
9 0.126580 0.825550 0.123975 0.815075 0.859910 0.169195 0.862514 0.179669 
9 0.307237 0.179232 0.311429 0.170768 0.680429 0.815768 0.676237 0.824232 
1 0.540000 0.323699 0.581538 0.323699 0.581538 0.427746 0.540000 0.427746
1 0.307692 0.528902 0.349231 0.528902 0.349231 0.630058 0.307692 0.630058
7 0.552973 0.377520 0.578136 0.377520 0.578136 0.421176 0.552973 0.421176
7 0.323912 0.579975 0.350194 0.579975 0.350194 0.622486 0.323912 0.622486
19 0.249255 0.410033 0.434872 0.410033 0.434872 0.524592 0.249255 0.524592
19 0.426404 0.229091 0.641238 0.229091 0.641238 0.350295 0.426404 0.350295
22 0.240750 0.095399 0.297580 0.095399 0.297580 0.214100 0.240750 0.214100
22 0.874492 0.107863 0.929294 0.107863 0.929294 0.223344 0.874492 0.223344
22 0.685105 0.813197 0.737054 0.813197 0.737054 0.929482 0.685105 0.929482
22 0.061987 0.810797 0.109739 0.810797 0.109739 0.926213 0.061987 0.926213
