13 0.126205 0.402630 0.155945 0.402630 0.155945 0.434376 0.126205 0.434376 0.126205 0.402630
13 0.581387 0.199711 0.611127 0.199711 0.611127 0.231457 0.581387 0.231457 0.581387 0.199711
13 0.675237 0.156127 0.704977 0.156127 0.704977 0.187873 0.675237 0.187873 0.675237 0.156127
13 0.706590 0.299406 0.736330 0.299406 0.736330 0.331153 0.706590 0.331153 0.706590 0.299406
13 0.781922 0.618413 0.811661 0.618413 0.811661 0.650159 0.781922 0.650159 0.781922 0.618413
9 0.143957 0.425819 0.138192 0.411188 0.687224 0.164684 0.692990 0.179316 
9 0.682888 0.173898 0.697326 0.170102 0.804011 0.632387 0.789572 0.636184 
3 0.801452 0.550405 0.782794 0.669762 0.728840 0.776185 0.645439 0.858141 0.541627 0.906749 0.428654 0.916742 0.318762 0.887036 0.223861 0.820852 0.154234 0.725360 0.117426 0.610909 0.117426 0.489902 0.154234 0.375451 0.223861 0.279959 0.318762 0.213774 0.428654 0.184069 0.541627 0.194061 0.645439 0.242669 0.728840 0.324625 0.782794 0.431048 0.801452 0.550405
22 0.017624 0.365305 0.107310 0.365305 0.107310 0.466549 0.017624 0.466549
22 0.545358 0.245202 0.635213 0.245202 0.635213 0.344638 0.545358 0.344638
22 0.818556 0.583607 0.899615 0.583607 0.899615 0.685509 0.818556 0.685509
22 0.751185 0.249078 0.834183 0.249078 0.834183 0.352417 0.751185 0.352417
19 0.676106 0.420456 0.737115 0.420456 0.737115 0.515296 0.676106 0.515296
22 0.656694 0.039147 0.725919 0.039147 0.725919 0.140446 0.656694 0.140446
19 0.331250 0.222804 0.391370 0.222804 0.391370 0.299493 0.331250 0.299493
19 0.591271 0.084765 0.650890 0.084765 0.650890 0.179225 0.591271 0.179225
19 0.715812 0.171202 0.775389 0.171202 0.775389 0.264257 0.715812 0.264257
