13 0.178620 0.664178 0.201742 0.664178 0.201742 0.692648 0.178620 0.692648 0.178620 0.664178
13 0.347871 0.665130 0.370992 0.665130 0.370992 0.693600 0.347871 0.693600 0.347871 0.665130
13 0.763439 0.664337 0.786561 0.664337 0.786561 0.692806 0.763439 0.692806 0.763439 0.664337
13 0.834461 0.663359 0.857583 0.663359 0.857583 0.691829 0.834461 0.691829 0.834461 0.663359
13 0.607561 0.341638 0.630682 0.341638 0.630682 0.370108 0.607561 0.370108 0.607561 0.341638
13 0.588439 0.157194 0.611561 0.157194 0.611561 0.185663 0.588439 0.185663 0.588439 0.157194
9 0.190187 0.685530 0.190175 0.671295 0.846016 0.670477 0.846028 0.684711 
9 0.614153 0.359511 0.624089 0.352235 0.779968 0.674933 0.770032 0.682210 
9 0.615010 0.350870 0.623232 0.360877 0.363542 0.684369 0.355321 0.674362 
9 0.595903 0.166408 0.604097 0.176450 0.194278 0.683434 0.186084 0.673392 
9 0.595040 0.175084 0.604960 0.167773 0.850982 0.673939 0.841062 0.681249 
22 0.565148 0.260664 0.630830 0.260664 0.630830 0.352961 0.565148 0.352961
22 0.735573 0.688650 0.802228 0.688650 0.802228 0.783326 0.735573 0.783326
22 0.522532 0.062093 0.612838 0.062093 0.612838 0.157814 0.522532 0.157814
22 0.314701 0.691725 0.382015 0.691725 0.382015 0.784313 0.314701 0.784313
22 0.858187 0.632937 0.929094 0.632937 0.929094 0.728048 0.858187 0.728048
22 0.097820 0.634833 0.167783 0.634833 0.167783 0.731505 0.097820 0.731505
