13 0.213715 0.772224 0.248958 0.772224 0.248958 0.802412 0.213715 0.802412 0.213715 0.772224
13 0.280236 0.378697 0.315478 0.378697 0.315478 0.408885 0.280236 0.408885 0.280236 0.378697
13 0.319522 0.146105 0.354764 0.146105 0.354764 0.176293 0.319522 0.176293 0.319522 0.146105
13 0.873807 0.199775 0.909050 0.199775 0.909050 0.229964 0.873807 0.229964 0.873807 0.199775
13 0.629472 0.410193 0.664715 0.410193 0.664715 0.440382 0.629472 0.440382 0.629472 0.410193
9 0.328423 0.160118 0.345863 0.162280 0.240056 0.788399 0.222617 0.786237 
9 0.885160 0.209566 0.897697 0.220173 0.237605 0.792622 0.225068 0.782014 
9 0.336153 0.168699 0.338132 0.153700 0.892418 0.207370 0.890439 0.222369 
9 0.296935 0.401297 0.298780 0.386285 0.648016 0.417782 0.646171 0.432793 
10 0.393403 0.345141 0.554961 0.345141 0.554961 0.459406 0.393403 0.459406
10 0.529705 0.121501 0.690864 0.121501 0.690864 0.238424 0.529705 0.238424
22 0.166923 0.327394 0.264367 0.327394 0.264367 0.424573 0.166923 0.424573
22 0.686173 0.384998 0.786764 0.384998 0.786764 0.484735 0.686173 0.484735
22 0.859187 0.101212 0.963962 0.101212 0.963962 0.197557 0.859187 0.197557
22 0.278113 0.045666 0.386118 0.045666 0.386118 0.140850 0.278113 0.140850
22 0.163069 0.806401 0.263632 0.806401 0.263632 0.901975 0.163069 0.901975
