13 0.077296 0.210266 0.096760 0.210266 0.096760 0.242524 0.077296 0.242524 0.077296 0.210266
13 0.920832 0.209845 0.940297 0.209845 0.940297 0.242103 0.920832 0.242103 0.920832 0.209845
13 0.497764 0.503871 0.517229 0.503871 0.517229 0.536129 0.497764 0.536129 0.497764 0.503871
13 0.076788 0.800494 0.096253 0.800494 0.096253 0.832752 0.076788 0.832752 0.076788 0.800494
13 0.920552 0.800517 0.940017 0.800517 0.940017 0.832775 0.920552 0.832775 0.920552 0.800517
9 0.082162 0.226383 0.091894 0.226406 0.091387 0.816635 0.081654 0.816612 
9 0.085135 0.233824 0.088921 0.218966 0.932178 0.809217 0.928392 0.824075 
9 0.925698 0.225968 0.935430 0.225980 0.935151 0.816652 0.925419 0.816640 
9 0.088413 0.824053 0.084627 0.809194 0.928671 0.218545 0.932457 0.233403 
22 0.051252 0.071284 0.116342 0.071284 0.116342 0.201418 0.051252 0.201418
22 0.880852 0.068796 0.968227 0.068796 0.968227 0.202173 0.880852 0.202173
10 0.053456 0.461594 0.121127 0.461594 0.121127 0.609646 0.053456 0.609646
10 0.896728 0.462215 0.963775 0.462215 0.963775 0.609060 0.896728 0.609060
22 0.469605 0.558849 0.526311 0.558849 0.526311 0.691300 0.469605 0.691300
22 0.046640 0.828732 0.123323 0.828732 0.123323 0.961895 0.046640 0.961895
22 0.885455 0.830573 0.963291 0.830573 0.963291 0.962395 0.885455 0.962395
