13 0.044288 0.345866 0.068457 0.345866 0.068457 0.374134 0.044288 0.374134 0.044288 0.345866
13 0.042654 0.201421 0.066823 0.201421 0.066823 0.229690 0.042654 0.229690 0.042654 0.201421
13 0.042414 0.057798 0.066583 0.057798 0.066583 0.086067 0.042414 0.086067 0.042414 0.057798
13 0.539386 0.908723 0.563555 0.908723 0.563555 0.936991 0.539386 0.936991 0.539386 0.908723
13 0.538242 0.671580 0.562411 0.671580 0.562411 0.699849 0.538242 0.699849 0.538242 0.671580
13 0.539386 0.528723 0.563555 0.528723 0.563555 0.556991 0.539386 0.556991 0.539386 0.528723
13 0.608013 0.431580 0.632183 0.431580 0.632183 0.459849 0.608013 0.459849 0.608013 0.431580
13 0.872229 0.073866 0.896398 0.073866 0.896398 0.102134 0.872229 0.102134 0.872229 0.073866
9 0.053405 0.366156 0.059340 0.353844 0.553294 0.679558 0.547359 0.691870 
9 0.545428 0.535790 0.557513 0.535790 0.557513 0.929924 0.545428 0.929924 
9 0.051773 0.221713 0.057704 0.209398 0.554436 0.536700 0.548505 0.549014 
9 0.879723 0.083405 0.888904 0.092595 0.556061 0.547452 0.546880 0.538262 
9 0.051526 0.078086 0.057471 0.065780 0.623070 0.439561 0.617126 0.451867 
10 0.142983 0.118709 0.240786 0.118709 0.240786 0.216891 0.142983 0.216891
10 0.141520 0.261514 0.241132 0.261514 0.241132 0.360583 0.141520 0.360583
10 0.141703 0.405540 0.240560 0.405540 0.240560 0.504293 0.141703 0.504293
1 0.483384 0.265018 0.601208 0.265018 0.601208 0.469965 0.483384 0.469965
1 0.528701 0.469965 0.625378 0.469965 0.625378 0.537102 0.528701 0.537102
1 0.510574 0.537102 0.583082 0.537102 0.583082 0.657244 0.510574 0.657244
1 0.438066 0.611307 0.543807 0.611307 0.543807 0.703180 0.438066 0.703180
7 0.563866 0.434705 0.603508 0.434705 0.603508 0.470567 0.563866 0.470567
7 0.526399 0.483421 0.556313 0.483421 0.556313 0.530288 0.526399 0.530288
7 0.510881 0.543312 0.545664 0.543312 0.545664 0.582224 0.510881 0.582224
7 0.514119 0.626237 0.547459 0.626237 0.547459 0.670684 0.514119 0.670684
18 0.414962 0.159590 0.731524 0.159590 0.731524 0.281204 0.414962 0.281204
18 0.582824 0.599795 0.940032 0.599795 0.940032 0.716375 0.582824 0.716375
18 0.213761 0.703575 0.527369 0.703575 0.527369 0.831168 0.213761 0.831168
18 0.583095 0.299258 0.664956 0.299258 0.664956 0.409043 0.583095 0.409043
18 0.614862 0.469008 0.934000 0.469008 0.934000 0.597869 0.614862 0.597869
